row	hyper	r2	mse	sse	n	df	DW:Lag1	dual_gap	time
0	(0.001, 0.30000000000000004)	0.8695672412072791	0.0016155952151741108	0.30696309088308105	190	71	2.0817586487767223	0.00010397446466409166	0.016
1	(0.001, 0.30000000000000004)	0.6569386640827184	0.0006898419134735122	0.13106996355996733	190	48	2.1517967167243195	2.606135638263951e-05	0.006
2	(0.001, 0.30000000000000004)	0.8026062438258277	0.0007872587927774357	0.1495791706277128	190	61	2.126279782098827	4.159795215333273e-05	0.005
3	(0.001, 0.30000000000000004)	0.8334626570323495	0.0012321312344654369	0.23410493454843306	190	69	1.8618931143158652	7.26017539080248e-05	0.008
4	(0.001, 0.30000000000000004)	0.7975529161978675	0.0015029790438618046	0.28556601833374284	190	64	2.051919134571226	0.00011379153636043027	0.012
5	(0.001, 0.30000000000000004)	0.2160540491162043	0.00030763487465268604	0.05845062618401035	190	16	1.8847464497481583	1.033631619115627e-07	0.005
6	(0.001, 0.30000000000000004)	0.8238529080146654	0.0019384941361699555	0.3683138858722915	190	75	2.0953220000990984	0.00020457150649416667	0.009000000000000001
7	(0.001, 0.30000000000000004)	0.7713679693566784	0.0012293668469467087	0.23357970091987454	190	65	1.9964668813786497	5.661535799822426e-05	0.006999999999999999
8	(0.001, 0.30000000000000004)	0.8658267100272828	0.0007117801189223166	0.13523822259524015	190	37	1.9565565293961549	3.966839172489522e-05	0.006999999999999999
9	(0.001, 0.30000000000000004)	0.9220927789610412	0.0013673297446099636	0.2597926514758931	190	75	1.9839967110445376	0.0003050068430568986	0.01
10	(0.001, 0.30000000000000004)	0.23932443096584902	0.00020305808035163734	0.03858103526681109	190	11	2.3047773494128165	1.3625501738903645e-06	0.004
11	(0.001, 0.30000000000000004)	0.837958496537215	0.0010862575701911616	0.20638893833632072	190	66	2.0193636830119264	0.000113460947919225	0.006
12	(0.001, 0.30000000000000004)	0.12910297015303973	0.0001966183142128696	0.03735747970044523	190	10	2.2859803193004145	2.311334193066949e-07	0.004
13	(0.001, 0.30000000000000004)	0.7386558716780003	0.0004884683490356384	0.09280898631677133	190	30	2.138158786123379	8.513423079822835e-06	0.004
14	(0.001, 0.30000000000000004)	0.6068660081636645	0.00040538197147732254	0.07702257458069127	190	24	2.106110196848713	1.2640070844768815e-05	0.004
15	(0.001, 0.30000000000000004)	0.9184563328685288	0.0011090036045602065	0.21071068486643926	190	56	2.228607186844114	0.00017945947157713138	0.006
16	(0.001, 0.30000000000000004)	0.8125600235364971	0.0013736756306212375	0.26099836981803515	190	69	1.9336550323402093	0.0001257414814807567	0.006
17	(0.001, 0.30000000000000004)	0.8912874355683772	0.0012803568778749679	0.2432678067962439	190	70	1.8497213337029732	0.00013845060637968087	0.006
18	(0.001, 0.30000000000000004)	0.8811955071716961	0.0004603949902052597	0.08747504813899934	190	42	2.0097340269724353	3.7935215919937544e-05	0.006999999999999999
19	(0.001, 0.30000000000000004)	0.8390266378030796	0.00038990132861614103	0.07408125243706679	190	38	2.002760218964102	4.543221018371568e-05	0.005
20	(0.001, 0.30000000000000004)	0.9355882817212888	0.0008391395202287071	0.15943650884345434	190	37	2.1458769714217523	0.00016065031068235314	0.005
21	(0.001, 0.30000000000000004)	0.8064245788403055	0.0013111832537195118	0.2491248182067073	190	57	1.9668425875360551	8.549639151536614e-05	0.006
22	(0.001, 0.30000000000000004)	0.9414189389786474	0.0010691710332435891	0.2031424963162819	190	63	2.038419489516399	0.0002054615310004837	0.005
23	(0.001, 0.30000000000000004)	0.9373472058132656	0.0012983450811247053	0.246685565413694	190	67	2.0659867832009398	0.000187461731529226	0.006999999999999999
24	(0.001, 0.30000000000000004)	0.8330772361681746	0.0009157542358097825	0.17399330480385866	190	52	1.8612536651996159	6.113912946945077e-05	0.006
25	(0.001, 0.30000000000000004)	0.8663384871167071	0.0016596116803382212	0.315326219264262	190	65	1.8809826849088152	0.00015362324750733958	0.008
26	(0.001, 0.30000000000000004)	0.7851758275873147	0.001634764153271075	0.31060518912150425	190	73	2.2349345167115806	0.00010415247192996356	0.009000000000000001
27	(0.001, 0.30000000000000004)	0.8672415238782536	0.0012943802798054912	0.2459322531630433	190	68	1.857643777842423	9.154303990710488e-05	0.009000000000000001
28	(0.001, 0.30000000000000004)	0.924548540498085	0.0017688840907927766	0.3360879772506276	190	78	1.9508408856830481	0.00021027236444792763	0.008
29	(0.001, 0.30000000000000004)	0.7963493668018686	0.0015136283642565535	0.2875893892087452	190	60	2.265872830628834	0.00011002321437336704	0.006
30	(0.001, 0.30000000000000004)	0.8655619554263783	0.0011714761104637125	0.22258046098810536	190	62	1.8138332866342728	0.00014613683337610928	0.008
31	(0.001, 0.30000000000000004)	0.19545345407039527	0.0001576426207739488	0.02995209794705027	190	11	1.9430346980472115	6.694524287698123e-08	0.004
32	(0.001, 0.30000000000000004)	0.6342708791177134	0.0006194921476852805	0.11770350806020327	190	40	1.8553136102198864	2.13789844399348e-05	0.004
33	(0.001, 0.30000000000000004)	0.8309804373836631	0.0007535604154501653	0.14317647893553145	190	46	1.9507499642452384	5.096809681010006e-05	0.004
34	(0.001, 0.30000000000000004)	0.7028672536320487	0.0015064217342743876	0.2862201295121337	190	69	1.8046618528624188	5.394058595858953e-05	0.006
35	(0.001, 0.30000000000000004)	0.9506691311891486	0.002224233161895905	0.4226043007602219	190	89	2.0867035035484336	0.00046965365411238963	0.009000000000000001
36	(0.001, 0.30000000000000004)	0.957239674973374	0.0022502721066938952	0.4275517002718401	190	85	1.7826432352139785	0.000514005190962008	0.006999999999999999
37	(0.001, 0.30000000000000004)	0.6130444295784264	0.0005602915008639356	0.10645538516414774	190	46	1.8656159917357409	2.105704967415856e-05	0.005
38	(0.001, 0.30000000000000004)	0.8964675954928744	0.0010972035254345877	0.20846866983257167	190	58	1.9400815204056985	0.00016888145839064062	0.005
39	(0.001, 0.30000000000000004)	0.6410045574926342	0.0014655398684721695	0.2784525750097122	190	61	2.09503841494835	6.784050035174571e-05	0.006
40	(0.001, 0.30000000000000004)	0.913467594997894	0.000987590042603033	0.18764210809457627	190	62	2.3122322344673107	9.9825117854363e-05	0.006
41	(0.001, 0.30000000000000004)	0.8704959123855116	0.0013706131948521534	0.2604165070219091	190	64	2.154850327160844	0.00015294167041846052	0.006
42	(0.001, 0.30000000000000004)	0.9235250399340186	0.002066932214286336	0.3927171207144038	190	79	1.8447578421052404	0.00027792731663350834	0.008
43	(0.001, 0.30000000000000004)	0.9028576362888208	0.0014510482230579722	0.2756991623810147	190	71	1.920827371830924	0.00024265691822233926	0.006
44	(0.001, 0.30000000000000004)	0.8156026824274368	0.0013127586331876198	0.2494241403056477	190	68	2.217658481804957	0.00010841820926804636	0.005
45	(0.001, 0.30000000000000004)	0.928272625284103	0.0020931515130624377	0.3976987874818632	190	78	1.7544716978160195	0.00038043476225052547	0.011000000000000001
46	(0.001, 0.30000000000000004)	0.9073529739294108	0.002097173341115034	0.3984629348118565	190	80	2.103022214572289	0.0004114773012885986	0.01
47	(0.001, 0.30000000000000004)	0.92052756898209	0.0016919232066591413	0.3214654092652369	190	73	1.8547642666471615	0.0002632209397759322	0.009000000000000001
48	(0.001, 0.30000000000000004)	0.8971755474017962	0.0015280911599115086	0.2903373203831866	190	67	1.9559131019122364	0.00026704610049554933	0.005
49	(0.001, 0.30000000000000004)	0.8363626331861641	0.0009379388173939853	0.17820837530485722	190	54	1.9840555652693093	5.106420940087508e-05	0.006
50	(0.001, 0.30000000000000004)	0.936232449815986	0.0014725640929695346	0.2797871776642116	190	75	2.0108988421700915	0.0004121652332925718	0.009000000000000001
51	(0.001, 0.30000000000000004)	0.8679737020793972	0.001797996862134604	0.3416194038055748	190	59	2.031763253280299	0.0002577797981231922	0.005
52	(0.001, 0.30000000000000004)	0.855919931205232	0.0014832797511588642	0.2818231527201842	190	76	2.1354487025610545	0.00013265728682898548	0.006999999999999999
53	(0.001, 0.30000000000000004)	0.7031320863154014	0.0007283597296750606	0.13838834863826152	190	51	1.847163997832953	1.1510170077028148e-05	0.005
54	(0.001, 0.30000000000000004)	0.7002770473736137	0.0011939861601024046	0.2268573704194569	190	60	1.9686181418835484	7.017628541941545e-05	0.009000000000000001
55	(0.001, 0.30000000000000004)	0.9189840943118452	0.0016808960390931832	0.3193702474277048	190	76	2.0605922685262605	0.0002450572242482796	0.009000000000000001
56	(0.001, 0.30000000000000004)	0.894580456092484	0.001433001091494288	0.2722702073839147	190	69	2.0680836012354167	0.000256800430213866	0.006
57	(0.001, 0.30000000000000004)	0.8416753690969305	0.0013152728589665315	0.24990184320364103	190	74	1.9232332995481585	0.00013407126641756806	0.006
58	(0.001, 0.30000000000000004)	0.8514614978996189	0.0007441148015149919	0.14138181228784846	190	44	2.0835551499634763	6.484529340011758e-05	0.005
59	(0.001, 0.30000000000000004)	0.8190045678293411	0.0009986885773725243	0.18975082970077967	190	54	1.850772040571899	7.666383896376416e-05	0.005
60	(0.001, 0.30000000000000004)	0.8313164573754969	0.0009132831935746496	0.17352380677918344	190	59	1.9567086034841925	8.581911212962591e-05	0.006
61	(0.001, 0.30000000000000004)	0.8719968068214965	0.0015873329578243885	0.30159326198663383	190	62	1.9555951904733413	0.00015414975657451754	0.008
62	(0.001, 0.30000000000000004)	0.9169409322570524	0.0013250500141347653	0.2517595026856054	190	74	2.0517183111298527	0.0002635885126503479	0.011000000000000001
63	(0.001, 0.30000000000000004)	0.8810509437247447	0.0014581971744275586	0.2770574631412361	190	68	1.9194278592892116	0.00014367295413453274	0.006999999999999999
64	(0.001, 0.30000000000000004)	0.7965763661677611	0.001378647878364324	0.2619430968892216	190	68	2.065960835710685	9.462448630964682e-05	0.006999999999999999
65	(0.001, 0.30000000000000004)	0.8614403577041002	0.00105836593326945	0.20108952732119548	190	70	1.9468220190734853	9.551120411088744e-05	0.008
66	(0.001, 0.30000000000000004)	0.7252236601239671	0.001159373726463716	0.22028100802810605	190	53	2.130465534406761	6.389034954665251e-05	0.005
67	(0.001, 0.30000000000000004)	0.7898259887428136	0.0014163394313316687	0.26910449195301706	190	68	2.115056130150449	8.506719312040278e-05	0.009000000000000001
68	(0.001, 0.30000000000000004)	0.9293852381002426	0.0012077872005454224	0.2294795681036303	190	70	1.9463318731074095	0.00018231244396288424	0.009000000000000001
69	(0.001, 0.30000000000000004)	0.8925090568631454	0.0009042144494107283	0.1718007453880384	190	54	2.0260110603875816	0.0001080051336976584	0.006
70	(0.001, 0.30000000000000004)	0.9478776793615832	0.0012904249961064552	0.2451807492602265	190	73	1.9476443129970944	0.0002858532436639249	0.008
71	(0.001, 0.30000000000000004)	0.9536189595789224	0.0013899637532749345	0.26409311312223754	190	77	2.025895727829849	0.0005647164340669143	0.022000000000000002
72	(0.001, 0.30000000000000004)	0.9341310961680488	0.0011832241920783947	0.224812596494895	190	68	2.03053692502174	0.00015619523044138606	0.006999999999999999
73	(0.001, 0.30000000000000004)	0.9383913734644354	0.0019782756906271013	0.3758723812191492	190	82	2.029552745370677	0.0005788921671640579	0.027000000000000003
74	(0.001, 0.30000000000000004)	0.8486602604871525	0.001747292242208428	0.3319855260196013	190	78	2.290193148034002	0.00020806565436315427	0.009000000000000001
75	(0.001, 0.30000000000000004)	0.9586429006559436	0.001803455451313057	0.34265653574948085	190	78	1.9506567975897693	0.0006288360867085507	0.006999999999999999
76	(0.001, 0.30000000000000004)	0.9446376362543936	0.0013009929122483244	0.2471886533271816	190	68	1.8537132934239136	0.00035778630079424945	0.006
77	(0.001, 0.30000000000000004)	0.8659652213440999	0.0008528399238360342	0.1620395855288465	190	48	1.9346740755822116	0.00011031954661425149	0.004
78	(0.001, 0.30000000000000004)	0.8794390567310656	0.0015524402059432744	0.2949636391292222	190	62	2.0923266594807552	0.00011791266061400574	0.008
79	(0.001, 0.30000000000000004)	0.8935481579731936	0.00103137953845131	0.1959621123057489	190	58	1.8721773416279184	0.00014638523603796585	0.008
80	(0.001, 0.30000000000000004)	0.8380924883100248	0.0011837876339755038	0.2249196504553457	190	69	2.0997153028849174	0.0001156502627245315	0.008
81	(0.001, 0.30000000000000004)	0.5952924761986769	0.0006885542853731345	0.13082531422089555	190	39	1.930391361507964	2.073033284749615e-05	0.004
82	(0.001, 0.30000000000000004)	0.8948958969458222	0.001742392432454434	0.33105456216634244	190	78	2.2067523087022867	0.00016978532073069763	0.006
83	(0.001, 0.30000000000000004)	0.8208540659855539	0.0006454651419609233	0.1226383769725754	190	45	1.8999491392184031	6.249896756647945e-05	0.005
84	(0.001, 0.30000000000000004)	0.8365656727413232	0.0012139658891381182	0.23065351893624245	190	70	1.985954696228496	0.00012560429639779658	0.006
85	(0.001, 0.30000000000000004)	0.7768018389507788	0.0007283071453777276	0.13837835762176826	190	47	1.879523501583673	2.472047818885548e-05	0.009000000000000001
86	(0.001, 0.30000000000000004)	0.8788642478924348	0.0006497149710526503	0.12344584450000355	190	46	1.9898985764755481	6.708934335182548e-05	0.006
87	(0.001, 0.30000000000000004)	0.8754462857770627	0.0008752870653525474	0.166304542416984	190	51	2.2048943797534446	7.783373442984964e-05	0.005
88	(0.001, 0.30000000000000004)	0.9664686704950832	0.001348810567327251	0.2562740077921777	190	69	2.0631893392589253	0.00035403653390836404	0.006
89	(0.001, 0.30000000000000004)	0.8980258860900696	0.0016549688206393956	0.3144440759214852	190	75	1.8825127026953339	0.0002070119075004984	0.006999999999999999
90	(0.001, 0.30000000000000004)	0.873273701183819	0.0016086687686806495	0.30564706604932346	190	77	1.772586491811892	0.00010830029402203456	0.006
91	(0.001, 0.30000000000000004)	0.7559810791139087	0.0012494463682070365	0.2373948099593369	190	65	2.105939751730733	8.86671017380769e-05	0.006999999999999999
92	(0.001, 0.30000000000000004)	0.8918000991066891	0.001588583926171194	0.30183094597252685	190	58	2.079972983195848	0.00017125753087587903	0.009000000000000001
93	(0.001, 0.30000000000000004)	0.8342062475893807	0.0015779301120783294	0.2998067212948826	190	63	2.092394978208905	0.00017060093397741616	0.008
94	(0.001, 0.30000000000000004)	0.8522172340177442	0.0012716408470339567	0.24161176093645176	190	62	2.057718109588722	0.00011795160761846057	0.005
95	(0.001, 0.30000000000000004)	0.6488014385648129	0.0014915304382225293	0.28339078326228057	190	62	2.019497703699019	5.7659182625457994e-05	0.005
96	(0.001, 0.30000000000000004)	0.5717145494940421	0.0006065223010766773	0.11523923720456873	190	39	2.067898189299976	5.2514629154676315e-06	0.004
97	(0.001, 0.30000000000000004)	0.8856909048394523	0.0015295454306635365	0.2906136318260719	190	72	2.034163609950982	0.0002391143463602585	0.006
98	(0.001, 0.30000000000000004)	0.8643107912775622	0.0016388869273841517	0.3113885162029888	190	73	1.8852398891052813	0.00017944964611887881	0.012
99	(0.001, 0.30000000000000004)	0.8374548786058802	0.0013486739079246858	0.25624804250569033	190	70	1.7366207632878965	0.00015378908051999485	0.109
