gene	t0_rep6	t1_rep6	t2_rep6	t3_rep6	t4_rep6	t5_rep6	t6_rep6	t7_rep6	t8_rep6	t9_rep6	t10_rep6	t11_rep6	t12_rep6	t13_rep6	t14_rep6	t15_rep6	t16_rep6	t17_rep6	t18_rep6	t19_rep6	t20_rep6
G1	1.38287347577	-1.2169471255	-0.227026189643	0.209069177519	-1.29441121375	-1.27408307317	-0.130709898897	-0.814654484545	1.09168803514	0.618168080356	0.994000245186	1.89220414196	0.248921476386	1.31984559903	0.19825876852	1.03623887386	-0.494746382307	-0.256574509536	-1.3894663558	-1.41546966552	-0.477178975049
G2	-1.24535946063	-0.715842398698	0.0226977277301	-0.174884772053	-0.742918452082	-1.15336114019	0.469317397782	0.360058046239	-1.06259139239	1.77499632731	-0.465956300563	1.3128993539	-1.26535634445	1.41950194539	-0.969544529285	0.404755943909	-0.310598734665	1.45264930188	1.04687232735	1.02088022002	-1.17821506651
G3	0.192942795906	-0.91398034641	-0.689756907164	-1.50454227278	0.508144134687	0.374143743217	0.00892738786983	-0.163020537875	-1.23353222866	-0.838998404989	-0.0866506432195	0.459153849676	0.908205421244	1.26037014617	-0.247113458864	2.12067185537	-1.26438577974	1.63693565714	-1.54979279491	0.0958063611849	0.92647202215
G4	0.188612745221	2.49188068544	-0.407440653909	0.55648992127	0.256860832497	-1.66076902815	0.2830698581	0.289579420021	0.814633822701	1.05435524849	1.04176691579	0.768654560585	-1.09030770016	-0.95657782018	-0.540161251776	0.676685266572	-0.451462893392	-0.444690241164	-1.4925758565	0.14933843958	-1.52794227104
G5	1.28205432485	1.73813914049	-0.192377203303	-0.267085294416	-0.137252803503	-0.15222723283	-1.25263486521	-1.28143533523	1.54701096981	-0.637487751857	-0.824261470184	-1.2329045711	0.713921334711	1.41813139713	-0.589224014258	0.684089409247	-0.93383484972	0.465892077863	-1.37255770465	-0.243389743488	1.26743418564
G6	0.808496568275	-0.136653524536	-0.167892936492	1.2183770199	0.653912903228	-0.269192473627	1.28197454435	-0.68997875192	0.396756126637	-0.613404902608	0.966485954735	1.7512979914	1.07559083397	-2.53648872795	-0.489824579645	-0.379850602407	0.619407607426	-0.754173217392	-0.561122192118	-0.919674738149	-1.25404290307
G7	0.918549110423	-1.0506339243	-1.38517363463	0.261119509427	0.103669175185	-0.306963452064	-0.374510723225	1.2591967254	0.377297244511	-0.018012210855	1.21100470412	0.0786779443809	-1.08768790804	-0.426801784654	0.988720660111	1.38469335962	-1.71394343975	-1.69531680183	-0.640407852956	0.388369914235	1.72815338488
G8	1.36928611414	-0.588215758325	1.49036981505	-1.44638968979	-0.60926737939	0.177139137308	1.9620949401	-0.220660945371	0.929069792222	0.258055303609	-0.801048660684	-0.72680420733	0.0483882900305	0.737108922422	-0.949490104717	0.699497958458	-1.62122936122	-0.0292914348621	-1.18248438227	-0.741562534083	1.24543418471
G9	1.30170699629	-1.62088690717	-1.03944843802	0.328031240671	-0.90364559629	-0.844500387993	0.43783434501	-1.1414481722	-0.0566522852756	1.76285115696	-1.27003279424	0.884858316445	-0.941591522343	1.06511564092	-0.461584004752	-0.667751043465	0.837319664027	1.05299700531	0.985532255175	0.998710124185	-0.707415593255
G10	0.0278198417031	-0.929532790303	-1.33629413801	1.42027602742	-0.239045233288	0.0531137961394	-0.275415853529	2.01213924112	-0.172827431399	0.646123765231	1.72744989245	-0.676699134946	0.155953423037	-1.80894210284	-1.4029681638	-0.753976705458	-0.0363714248684	-0.439282468116	0.687793341634	0.0149836160506	1.32570250178
G11	0.728883001503	1.18543267254	-0.832852340224	0.367764576848	-1.2515449549	0.38762845103	0.63786495115	1.69484386713	-0.441028213282	-1.47617773077	-0.557287628655	0.81185727588	-0.8554903089	-1.11449131052	-1.17885549362	0.767974874301	-1.03351650044	0.925137958626	1.56520111786	-1.03546605299	0.704121787419
G12	0.115946035291	1.50310491244	-1.0929943237	1.10168765918	-0.725801614051	-1.40880426876	-0.768527199184	0.567440739987	0.962109265497	-1.14910762168	-0.154374237041	1.80121149208	0.690415871535	1.0624310129	-1.43046372341	-1.40470542486	-0.0736910732688	0.384327520552	0.896023660528	0.017791482456	-0.894020166496
G13	-0.780033696055	-1.12585938269	-1.42340457035	0.384944954057	-0.90896572661	-0.524921768733	-0.354846801971	2.18410327178	-0.48509634338	-0.832140204738	-0.77594836676	-0.923981167786	1.60872327712	0.879757068625	0.819143204134	-0.994006869743	0.338793385311	0.609992538434	-0.0987310568539	0.914404467188	1.48807378902
G14	-0.171326953274	-0.145313100883	0.407761444375	0.0937964938547	-1.0022864232	-1.3301650706	0.61105961745	-1.1885754677	0.0427765178846	-0.541687668388	-0.344869339767	1.21912392332	-1.94964042331	-1.30811174064	-0.663115285294	0.509599480065	1.28827931301	1.53317223376	1.81179813549	0.858434811373	0.269289502478
G15	-0.00771125983255	-0.638718877595	-1.20057474516	1.30568895303	1.74373975665	-0.0761901172393	0.45173513135	0.886195571297	0.325478815099	-0.850583979156	-1.00440246476	-0.361672093303	1.15520368993	-1.73172026639	-1.07820438478	-0.830173698898	-0.76296372504	1.57959957627	1.18953564139	0.568955458696	-0.663216981558
G16	-0.318618606806	1.09850866337	0.805922197928	0.103195256171	0.93013499912	-0.145784919953	-1.04846108004	-0.17889922089	-1.20083021484	0.382145846895	1.9503261156	-0.869015468258	2.12537419196	-0.0270221726534	-1.93480465297	0.195941855848	0.725991328706	-0.145029215597	-0.757593012102	-0.930961745451	-0.760520146028
G17	0.920432524201	-0.392210759451	1.76564923661	1.2013707268	-0.839507923892	0.16856228669	-1.68900934731	-1.77215894559	-0.551119748993	-0.0536956033858	0.550503816313	-1.29215178243	-0.651601279129	1.52909135342	0.217926111174	-1.37709663784	0.803283376307	0.580255433556	0.0683428043298	0.8585271851	-0.0453928264807
G18	-1.16216491786	0.655335401927	-0.82133504775	0.737319188417	0.421245192802	-0.784468539579	1.11024330699	-0.795632324617	-0.448628336084	-0.329203041746	-1.71351238639	1.84534000059	-0.112006418152	0.062855260266	1.45758706806	-0.516707584948	-1.23226854575	1.51272644817	0.449378596386	-1.22133879983	0.885235479112
G19	-0.982339752088	-0.575366291896	-0.162117323699	0.638044482008	0.670813995115	1.89078008123	0.986228047236	0.450055522075	1.4091595097	0.896393980988	0.967985799515	-1.38115378324	0.862176815877	-1.07546380838	0.516961148696	-0.934171845124	0.188816357458	-1.62623196419	-0.976500513114	-0.560473941924	-1.20359651625
G20	-0.182610711084	0.811888636301	1.12276798856	-0.027814249892	-0.165158610681	0.870014022956	-1.26901093515	-1.66329149979	0.601747794494	2.55679074885	0.763585823062	-1.20777515632	-0.397820022232	-1.30891815723	-0.392600271312	0.909732411301	-0.513919513964	-0.90722479524	0.0792855972942	-0.527540220629	0.847871120699
G21	-0.780494827847	0.553817196615	1.6589968794	-1.16971677731	-0.520393146938	1.30780068307	0.898281878693	-0.51954262843	-0.63017251526	-1.27630494395	-1.39281426451	-0.587099883712	1.0483284952	0.873123244422	-1.12110835587	-0.984531015949	0.807483365575	-1.01081352178	1.18774167782	0.67156832106	0.985850139696
G22	1.05824229169	-0.958710962384	-0.383755301769	0.0609855241002	0.305935398415	-0.714181335539	0.238088552346	-1.1765854754	-0.152356028334	0.798171668581	-1.4105028336	0.961441210918	-1.465205046	-1.39920103269	1.67496973485	1.7208875511	0.79393451326	-0.996412192574	0.906189548745	-0.588878908119	0.726943122397
G23	-0.95861511634	-0.46176228388	-0.885022959599	1.61418730097	-0.363121729018	1.09211761478	-1.10582909144	-1.30565662321	1.25676366765	-1.24195913499	1.06869892676	0.539790838162	1.0480729082	0.925345999065	-0.622311115699	0.304729779747	0.954713240904	-0.837592351186	1.1348141168	-1.14417037229	-1.01319361538
G24	-1.53646482718	0.679339418382	0.977427461908	1.07296572532	-1.41169824559	1.245205869	0.368282518448	-1.00982592951	0.252138631902	-0.117764123251	1.93745147885	-1.04651694515	-0.120582652765	0.896337643646	-0.423190926926	0.51918455553	0.887311804195	-0.258567357941	-0.115196949753	-1.84712833058	-0.948708818539
G25	-0.139959136881	0.41881405461	0.512597554876	-0.90103143041	-1.17069818335	-0.464099133419	-2.0036881493	0.586597304293	-0.484657834932	0.801321341443	0.57550522001	1.72700151627	-0.981335290926	1.46239766715	0.522749087006	0.601258663415	-0.857852851556	-1.29416936825	1.5674468921	-0.901081271635	0.422883349482
G26	1.35115937618	-0.621166704591	0.172836195433	-1.74514860599	0.582996325602	-1.17854262128	1.99103207806	1.48232428604	-1.09198021089	0.48407696495	0.0643883224701	0.203101159793	-0.27351166173	-0.0385532533015	-1.80389058208	0.229830915855	0.976949574138	-1.06122823971	-0.624696486629	0.236031774308	0.663991393376
G27	-0.0898107583966	-0.960232698874	-1.15366322119	-1.06108295672	1.14618598286	-1.47820652683	-1.10839399652	-0.0508596032145	-1.47627514949	-0.303292162187	0.934800328946	0.177607953186	-0.277447148697	1.57026456604	1.83199187845	0.0285965413105	0.239920555522	-0.829333086177	1.42622542348	0.730205315563	0.702798762949
G28	-0.058686907371	0.575505669783	-0.897994796276	-0.767356775603	0.958910650671	1.63805881185	-0.371807592829	-0.856831173276	-0.0463402028549	1.08629870265	-0.368547697538	-0.611677914914	-1.51466295459	-0.204034163252	1.74628852671	1.30834680791	1.55296005926	-0.735117165596	-1.64681577435	-0.266164749815	-0.520331360566
G29	0.0828139884158	0.0157616622227	0.253247890957	-0.0947961718173	-1.40790053038	-0.326041983635	1.73160132806	0.488308030102	-1.48273674548	0.502935531873	-0.211603293303	-1.30121024684	-0.739244514732	-0.276163000941	-0.131227433052	3.23814530526	-0.277174241209	-0.246548740986	-0.146604494496	-0.0180261814695	0.346463841454
G30	0.0427669334885	-0.407072254947	-1.01002067677	1.16441386999	-0.952255054626	-0.986225297423	-0.794315424072	1.04072328368	0.959526298701	1.6729208487	0.947706414084	-0.954810580185	-0.974176628894	-0.943976226265	1.20960286073	-0.96537076391	0.659648017671	-0.989379180905	0.974493583047	1.31226014715	-1.00646016925
G31	1.5015634021	1.07485348032	0.151762000345	0.399327669121	-0.892457999423	-0.377048357852	-0.407103112509	-1.02494566676	0.143408877822	-0.556464636886	-0.143617051662	0.471777268319	0.17615366766	-1.24623472017	-0.0169133721286	-0.00167167126181	3.22270781154	0.0932269447175	-0.708983311848	-1.41392365482	-0.445417566608
G32	0.0608279973675	2.19687345805	-0.599592619285	1.54697902596	-0.0544786059046	-0.535450459707	-0.232577431021	0.91070467478	0.463582544316	-1.58403297678	0.583897652434	-0.369745256141	0.943150351884	0.288282099885	0.848411916023	-0.978200900761	-0.631734456344	-0.517436491028	-1.2126460991	0.782142876132	-1.90895730076
G33	0.80080418681	0.268517638986	-1.28576133803	1.39462360211	1.07793950379	1.33318414316	-1.04012415492	0.635183083547	-1.33422868773	0.606903651853	-0.697850012094	0.181330508641	-1.0198622885	1.12563817915	-0.116477283081	-0.26743324753	-2.35368157258	-0.0556002213079	-0.70354793227	0.963321402545	0.487120837439
G34	1.43914356208	-0.124540021267	-1.12372095493	-0.9363305203	-1.37274647255	-1.25591073833	1.54951698753	0.466544926162	-1.67421797776	0.738604098736	-1.14599676764	0.835777233787	0.941270113857	-1.15711454058	-0.00580864893549	1.05377458346	-0.093209335909	-0.285848912226	0.354981048237	0.607388978945	1.18844335764
G35	-0.0472826265949	0.0371917016586	1.74618012734	1.0492871599	0.141620774938	0.132833805308	-1.71319896158	0.190216031401	0.841372733369	1.28841012958	-1.52869030991	1.24665368075	0.248286439394	-0.442589996588	-0.910740914704	-0.886775992061	1.51244875924	-0.593038704365	-1.27981640991	0.152763249529	-1.1851306767
G36	-0.948071712729	0.968957160467	-1.25341086137	-0.975768761072	0.947993621897	-1.25181875914	1.60018468416	-0.639874560152	0.957152544984	0.253614428342	-0.958020828443	0.246197116052	0.452171650855	1.10966394017	0.970796256475	-1.05296533156	-1.44190086108	0.788219578455	1.28458006155	-1.17984702104	0.122147653172
G37	0.718883508516	-1.75077569481	-0.778326718403	0.0202969413704	-0.0942588199403	-1.03791514867	1.77804827363	0.368597182287	-0.0142552295101	-1.18465691919	1.26026875266	1.5162265842	-0.793573245744	1.02525114145	-0.0152563456842	-1.42913545087	-0.737580296456	0.925872351019	-0.947720294955	1.04869663636	0.121312792739
G38	-0.859190075628	-1.4129290709	0.655847835246	0.319753608675	-0.897391827759	-0.67978848364	2.18063709339	-0.0229271268847	0.290690119957	-0.848137996395	0.50691816786	-0.587908754484	-0.12723423149	-1.05911340694	-0.916157164688	-0.478175029265	0.442643782036	1.06706140395	-0.859132081209	2.2038845704	1.08064866778
G39	0.711050350725	0.781809756225	0.50593970725	0.70478374502	-0.935871829385	-1.51809517987	-1.35548396797	0.224015299677	-0.332411560942	0.614856732424	0.855908017434	0.0585326482338	1.04047676363	-1.49665507174	-1.51562854558	-1.07224079312	1.06825475155	0.937820437474	0.977915451901	1.10925073329	-1.36422744623
G40	0.408590766161	0.644795555936	2.77674045157	-1.33520014488	0.926762213088	0.302085155999	-0.817504068584	-0.932065311589	-0.0337934594689	-0.228744702516	-0.532975748936	-0.0841468116885	-0.551145585085	0.0339104075878	-1.41415581926	0.873654175307	-0.491098984118	-0.080850018793	-0.755194580186	-0.653657260533	1.94399376999
G41	1.51631338656	1.3577108039	0.187150692099	0.0609013499621	1.38585682729	-0.154924569022	1.5609478999	-0.659540091578	-0.813297895253	0.351657201208	1.04786438099	-0.128753432352	-1.45764831627	0.822070726644	-0.20040052579	-0.130982307133	-0.0862752257748	-0.0634802296642	-1.18230280159	-1.62958095237	-1.78328692174
G42	0.412762486726	-0.970643386966	0.0677519314939	-1.10327152432	-0.631628657981	0.33206937845	-0.335840322829	-0.856590215655	-0.997374059023	-0.229113463704	1.66866057805	0.726284874724	-0.339192456235	-0.634376025051	-0.608981598614	0.993718308232	-0.942167532055	2.66611609539	-1.12214599368	1.0125351808	0.891426402238
G43	-0.115786575155	0.023016062278	-1.03008748593	0.594695833643	-1.33962556251	-1.10073012251	-1.09789397231	-1.32098169124	0.234068220266	1.69732220677	0.861955453874	0.415103785672	0.919769800088	1.09473402222	0.424007261942	-1.37819479503	-0.129699512205	0.328212873999	2.08838955885	-0.0984362454755	-1.06983911724
G44	-0.295282731848	1.43731924304	0.762370723392	0.88160222919	2.21052297704	-0.555533530725	0.454971433068	-0.766732617722	0.241080982208	-1.8478085281	-0.926118571783	0.722478989606	0.903325797376	0.227577458097	0.0475071175584	-0.859190599278	-1.84534485012	0.304342628236	-0.254573664134	-1.16975413952	0.327239654419
G45	-0.144050718102	-1.62510444105	0.0403833543625	-0.102725073335	-0.884408931009	-0.597013784294	0.688398606774	-0.442162919064	-0.267191155511	1.26803698433	0.481401604742	-0.47385086041	-1.05270670862	0.0217780444921	-0.110788723468	-1.25646116088	1.31731834415	0.190858351451	3.13648770806	-0.261209753015	0.0730112303862
G46	-1.24709810332	0.189182913207	2.41742326011	-0.113319579287	0.0455917920823	-0.676399669184	0.77358725533	-0.431412564342	-1.01066807918	-0.630602486168	0.593972122315	-0.133585975079	-0.984394125587	1.79030818668	2.06326537123	-0.837268519434	-0.527750394183	-0.273836403363	-0.0893711319399	-1.008104333	0.0904804631011
G47	1.01291256986	2.21103392753	-1.24503148048	1.25656700772	1.31860659494	-0.0665938821422	-0.608898132887	-0.967652519373	-0.671380962147	-1.529042391	0.378826237925	-1.10508376446	0.954843096814	0.709201218857	-0.874188024851	1.12857729465	-0.473687864034	-0.934847842502	0.118273793123	-0.298049631855	-0.314385245683
G48	-1.0471672554	-1.09140327983	1.44093980871	0.769008191386	1.05371262847	0.623620223243	-1.06980502907	-1.07778585607	0.647655722775	0.768673651046	0.926007157198	-1.0651981638	-1.06167406689	1.27403110525	0.880009492293	-0.605492410827	0.41023978674	-1.08079100747	-0.989806642249	-1.07422585728	1.36945180177
G49	0.995295691894	1.15022837754	-0.904437566633	0.430387147374	0.810225664251	-0.409685145544	1.07752771833	-1.30049630784	-1.09321543717	-1.2554005263	-1.26856730769	-0.909658788863	-1.05444446305	-0.681287814531	0.672597092579	0.7971586312	0.572716598005	1.26618995704	-1.20670363894	0.96129103672	1.35027908163
G50	-2.32454096807	0.345837429829	-1.05328065763	0.100639600534	-1.6460272623	-0.15199075425	-0.756434507161	0.195220015609	0.901547260165	-0.33430157905	0.888819914267	0.222785443962	2.36005003968	0.62226121527	-0.511635812036	0.776745915976	0.691906532131	-0.254636556202	-0.92913195175	1.00030060501	-0.144133923967
G51	0.340762644155	1.18986156504	0.756501664482	-1.23647640441	0.53976918485	-1.5343576746	0.479277108748	-0.467240210659	0.0685301881259	1.87251489745	-1.9842154141	-0.14766250714	0.779085662711	0.677338121125	0.286610317315	-0.437168062874	-0.274182166129	-0.940558645142	1.20731580044	-1.6731619563	0.497455886918
G52	-1.49234483851	0.32248724574	-0.852253927229	-2.11148807876	0.31567297015	1.10663827038	1.82163460685	1.41935450929	1.04487450213	-0.683754864338	0.871196859042	-0.67333712263	0.0693628229011	0.382821743805	0.22229922017	0.345777394119	0.572708253165	-0.461455109941	-0.537477923753	0.0216000687062	-1.70431660129
G53	-0.287784533975	0.0838382149567	0.765699282636	1.8877783178	0.370658030271	-0.64903266731	0.741000235035	-1.47631277229	0.586913238417	0.951466500407	-1.96597961518	1.61145896466	-1.20113045406	-0.583687381544	0.423721131197	0.443039685458	0.410730231395	-1.19039816923	0.748014526108	-0.65840934159	-1.01158342316
G54	-1.11210112518	0.868177864369	2.77505595445	0.640390997067	-0.244181673264	0.235679123666	1.14036078347	1.51428353579	-0.874308095608	-0.265830588687	0.687115062466	0.126399426315	-1.32733497796	-0.217798861669	0.336173053417	-1.45479573656	-0.669732893345	-0.658907764349	-0.784730589503	-0.550080512549	-0.163832982329
G55	-0.448449662442	-0.536281826137	0.321353477479	-0.331009367652	0.760512642235	-0.470612764149	0.955866112208	0.93784887649	-0.0823830907568	0.935257503533	1.54852650265	-0.551596889926	0.438892995229	1.03385370461	-0.561944190879	-1.12356929332	0.79735578079	-2.42312050625	0.604291053748	-2.08157192784	0.276780870384
G56	1.3892687372	0.218597819371	0.744837063351	-1.61246386202	-0.773785836624	0.599502285221	0.0652365394721	-0.343814526497	0.694725897315	-0.65682054743	-1.86810105635	-0.605041471822	-1.19236727778	0.700399544665	-0.465844901441	0.908352306252	1.31151184479	-0.528819757442	1.91804741107	0.541079119381	-1.04449933069
G57	-0.380523542754	-0.407340713938	2.01564296405	0.374366565697	0.250303998018	-0.157881740221	0.417053293244	-0.0380780950157	-1.51612309931	-0.807866631903	-0.290446552401	1.87760629452	1.93452453132	-0.407754125827	0.609301521746	-1.44491875168	0.825352134735	-1.19172347051	-0.855682006935	-0.141805477915	-0.66400709492
G58	-0.742625219816	0.583946944261	-1.01028498091	-1.03638148951	1.50702940444	-1.01718923216	-0.628487478523	-1.13003957706	0.949360082095	-0.916555252529	-0.913390224853	1.53510405534	0.820841780933	0.564768587371	0.44407196778	-0.998248252346	1.38997363595	-0.713705848694	1.267411147	-0.944134833219	0.988534784446
G59	0.944189410483	2.85436594648	-0.857043119191	-0.375262273836	-0.0858056613997	-1.22230504278	-0.0515687906854	-0.376048467696	-0.691730261034	1.50422150345	-1.32276938675	-1.09821744521	0.0293530201937	0.520549472968	0.249312591256	0.532985063151	0.489993986201	0.0806053723073	-0.967316167511	-1.06124137525	0.90373162486
G60	-0.231703924068	-0.953337726179	-0.541305065304	0.624662201963	-1.13118220195	0.536920941144	0.995371912872	1.20819349749	0.608779718674	-1.36650897007	-1.09256958715	-0.879445187897	1.40417051347	-1.19196719256	1.39318555217	0.73353184909	0.373938607545	1.37947698955	0.529007385409	-1.37066935473	-1.02854995947
G61	-0.969997980298	1.49158973297	-1.11535379433	0.337599064546	-0.965584469852	1.07985604562	-0.872472009472	1.78899728688	0.795831336241	-0.982908849427	0.501806873195	-0.859690843507	0.167792402644	1.21422672222	-0.627988750825	1.34621590461	-0.52332190024	-1.06105140295	-0.84674935002	1.04930374473	-0.948099762755
G62	1.27402611017	-1.07509265748	1.48872952077	1.2689681363	-0.814972224854	0.585262376098	-0.612352823754	-0.895874999231	-1.08726211504	0.747161642079	1.60614618061	-0.989735558432	0.250551299971	1.09107905756	-0.880794794856	-1.07671341423	0.268241804756	0.610618398772	-1.3897813237	-0.983495093671	0.615290478175
G63	1.20992453497	2.18252007752	0.144874619861	1.22469248893	1.12699771934	0.465236916283	-0.0365991015767	0.542350429743	0.101639539004	-0.413592349073	0.212058579926	0.245737217879	-0.586044018117	-2.12552919804	-0.505680832636	-1.74353867713	0.824328081694	-0.750982926882	-0.607034492204	-0.38690893104	-1.12444967845
G64	-0.112351239466	-0.362473089787	0.0697271652252	0.411218518508	-0.748016674262	-1.1730854732	-1.98983461428	-1.48476624671	-0.0318125594792	0.258045593978	-0.0403411491916	-0.0128631751431	-0.551679913301	1.21702293985	0.515254860286	1.94665776108	2.15305236564	0.465459194925	0.879727543362	-0.868451112856	-0.540490695174
G65	0.165048745046	1.79316309213	0.371800760017	-0.365718781587	-0.473481280656	-1.67684827345	-0.871488418653	-1.41733157044	-0.847647990268	0.722053421805	-1.09502566575	0.671611836067	0.660982007045	1.51692250652	1.72378086068	0.518397513248	-0.638511523462	0.0874170464412	0.371485832416	0.263326606369	-1.47993672352
G66	0.246729092683	1.00022648069	1.45256314442	-0.623506128927	0.580232083958	0.824958932228	-0.584619536831	0.449509502195	-1.07383281685	1.42734594894	-1.08481235847	-0.989621465494	0.620248945944	-0.653199911293	-1.62778292924	-1.53885925791	1.29653360127	-0.0603624262291	0.370224347854	-1.2161835965	1.18420834756
G67	0.563504288255	1.51822165377	0.324067801832	-0.724169737613	-0.442375664907	-1.23844987537	-1.59819585872	-0.259512375667	-1.10552413011	0.225145525614	1.29202244476	-0.542897303692	-0.158514331012	0.118634784452	2.86305587691	0.1260275827	-0.890435386597	-0.923775290321	0.203503087474	0.256996660991	0.392670247258
G68	-1.15283278065	0.232661906257	-0.892830243027	-1.58716209121	0.173275794039	0.412082846285	-0.196285713683	2.24600174777	0.515285045929	-1.66902504371	-0.802560352211	-0.439818152818	-0.382519711527	1.31213778797	0.363260098939	-1.03912972125	1.04080307254	0.269371161814	-0.182834612378	1.68867486682	0.0914440940967
G69	-0.856598981132	3.14061944097	0.381726926491	-0.513773562771	-0.622991185749	-0.473007906773	0.366272494627	0.358976286031	0.275870069587	0.00778896160871	0.507935695257	-0.381254264637	-0.107775562664	-0.709829161924	-0.58350945878	0.465649692702	0.070237742004	1.87460904097	-1.42626883502	-0.419462974154	-1.35521445665
G70	-1.00179874757	-1.2299803764	1.00240513484	0.640941049371	-0.549700978276	1.60457476304	0.0986434783168	0.614294580109	-0.604375006162	-1.22115118211	1.32744512725	-1.13235202496	1.090301084	1.08798989817	0.599793141809	1.1350410461	-1.08290291479	0.716302084814	-0.987949965656	-1.05114763709	-1.05637255481
G71	0.0445097432946	1.03411522313	0.299650633036	-0.381705897465	-0.769295361927	-0.959485149988	-0.677775048831	-0.692864196844	0.902077932241	-1.35890937565	-0.734013282002	-0.0259191621418	-0.229187223922	-0.763381431694	1.39514099677	2.55409328348	-1.36142676392	0.817498378804	-0.883385220204	0.769278800162	1.02098312368
G72	0.7029600386	-1.56047432328	-0.767778322222	-1.45642863234	-0.378897060902	0.0722337977709	-1.20326986317	0.739245156056	-1.36261082444	1.31073745273	0.91266218197	0.680572263654	-1.22247457432	0.8568556306	-0.761321702406	-0.476164884646	1.43510995832	0.680687641233	0.888303938959	-0.435214893308	1.34526702114
G73	0.989649950412	1.85814088084	-0.820818553268	0.0308824588225	1.27523968549	-0.930910411763	-1.12712846604	1.0643335097	1.3489924696	-0.583849233746	-0.769513707272	0.670499080478	-1.01120307838	-0.910721078036	-0.059602699561	-1.01285315432	-1.24951317452	0.849748829828	-1.17126619926	0.635810082035	0.92408280895
G74	-0.220395443336	0.139671911048	-0.167177902929	-0.273625177016	0.920455960171	-1.16092965986	0.375093531256	-0.196039380336	-0.590717340389	-0.758313879028	0.25120987665	-0.91736293323	-0.825639036401	2.99625096449	2.09914918672	0.0415404492096	-0.224980114018	-1.40719719649	-0.483550663191	-0.125300106498	0.52785695318
G75	-1.22488126107	-0.907787247335	0.886499650281	0.654929855169	0.382851877397	1.11679531154	1.13957851824	-0.918542791778	-0.441337328344	1.3712672594	-0.648835670662	0.638989069806	-0.453479904573	-2.16369412845	0.690149979147	-0.885631027385	1.51831278903	-0.0386424866669	-0.877363269604	-0.86373689193	1.02455769779
G76	0.940771218118	-0.340387359911	0.465674022707	-1.38020301046	1.42038039055	-0.704539971895	-0.753693287634	0.513127066517	1.15791287244	0.632911591873	1.4567706261	-0.218284281926	-1.17575083147	-1.82188360607	-0.223473423525	-0.314699268877	0.978250805381	-1.11444535576	-1.0869613065	1.5457368027	0.0227863076303
G77	-0.860905506232	-0.573113062486	0.97522005409	0.228824733931	0.273912364803	-1.56616351426	0.569894970303	-1.12429798207	-1.2656835135	0.792992063463	0.196238156718	0.291845106739	0.545550065294	0.858147455665	-1.38033156827	-0.881433309179	0.0849045330553	1.83250849474	1.44204151182	-1.4845603021	1.04440924749
G78	0.252676365773	0.319238501551	-1.74899121223	1.05092013641	0.287249594757	1.27659315384	-0.745632290354	-1.29998940769	0.641950316245	-1.00087995746	0.555560593706	-0.262637478847	0.0626970060441	-0.221748499892	1.12903169142	0.606096597299	-1.38418495733	-0.493237381483	1.0059479284	1.72455289298	-1.75521359314
G79	-1.07583138153	-1.12384974057	0.450234113405	0.633981878969	-1.11198203544	1.18739142322	-0.797107271834	-0.981293068233	-1.14300587776	0.520091548493	0.835262445624	0.972003641686	-1.13220857193	1.08943832025	1.01680231985	-1.18133357577	1.34700816266	1.21914480281	-0.710258404751	-0.957836054345	0.943347325183
G80	-0.0261936358267	1.34853987382	0.248619999296	-0.0592628465474	0.788997784268	-1.5845823481	0.885231545853	-0.0188078528096	-0.68821250605	-0.138013853837	-1.71445670237	1.11605260425	-0.921411126997	1.71965437915	-0.53365560121	0.924401888859	0.0357591250937	-1.43156510675	0.249521172198	1.21153091451	-1.4121477068
G81	-0.381331211766	-1.13909916334	-0.26698262225	-0.950841471003	0.93024569918	0.722152674183	-0.947276935529	1.00090607868	0.36785156777	2.0249101426	0.957664406326	1.39716360554	-0.0934891478313	-0.912487121074	1.10982761763	-1.79576063231	0.20352052858	0.409168598054	-0.813771232886	-1.33630961235	-0.486061768199
G82	-0.564951752389	-1.04102821578	1.00695086915	-1.74786646368	-0.857935159034	2.26051062337	-0.395302428701	0.79013892101	-0.0721525493715	-0.687087475758	-1.38732698955	-0.503726824156	0.838664727972	-0.152564804672	0.696709533157	1.20697996577	-0.258253139644	1.24275041776	0.924426941371	-0.283612600321	-1.01532359651
G83	0.762305747973	-0.999851785905	1.27341561029	0.793061061081	-1.03289493273	0.68572154218	0.663561586841	-1.06926426705	-0.968665236355	0.729728391788	0.869654596508	1.07364809286	-0.997478603306	-0.988816210385	-1.05808771039	1.19937943136	-1.09726561026	-1.03800411705	1.12248112787	-1.09993388574	1.17730517044
G84	-1.10229695245	-0.820390386196	0.49507809087	-1.28762208938	0.881666917047	-1.06535938671	0.385528316347	-1.16554540792	-0.623582007613	0.978762870433	-0.526547446304	1.70011391689	-0.876137314662	-0.996740586301	0.502541613255	-0.417237393221	0.594205829629	-0.250552059942	2.45371919072	0.557665850664	0.582728434844
G85	-1.50847182904	-1.27052357217	0.13195266456	1.20095732275	-0.813143424602	0.33361116667	1.24308765581	-1.34513751293	0.239552598625	-0.747049759277	-1.07065522205	-0.220984742855	1.6052818636	0.696271809536	0.826850584455	1.95513582177	-1.12711414554	0.593834002748	-0.418905311731	-0.539548835258	0.234998864919
G86	-1.1728820897	0.771815264546	-0.564636022011	-1.14811112577	1.08952628703	-0.980879713026	-1.48154690584	-0.670462734112	-1.42314678771	1.47347530923	-0.890470930977	0.701611779351	-0.380808363525	-1.25835345955	0.996413013261	0.401364816184	0.88375035537	0.915964795834	0.673278921436	1.15522902276	0.908868567214
G87	3.20218245846	-0.604767568862	-0.59992986542	-0.611779635742	-0.439137220437	-0.6091295665	-0.605307586824	-0.606033395464	-0.330957024854	-0.613660000743	-0.338195715528	-0.413721668085	0.989614536322	-0.610653662563	-0.209465233388	-0.613111816158	-0.395443744444	0.593530246672	1.99839871376	1.10463223721	-0.287064487419
G88	-0.418827358384	-1.56061378824	0.283593086886	-0.977062405658	-1.03756354676	-0.68100695939	0.357580649399	2.43771334545	0.140923047063	-0.23302953254	0.974427300646	1.10926887764	0.631587501098	-0.036264668111	-1.13640005378	-0.594403840351	1.09835110817	0.0638834626418	-0.0392727472953	1.25060332498	-1.63348680348
G89	-1.17201718797	-0.591576432964	-0.102242940083	-0.268057322547	-0.499815390796	-0.164593154031	-0.0683205659298	0.502897717485	-0.703261537698	1.15609816293	1.35208379862	-0.797396589647	0.573672884117	-1.50007566475	-0.148438759341	2.86474997303	-0.546558345121	-0.25468497057	0.575012901357	1.08802621447	-1.29550279055
G90	0.998264628236	1.31359310877	0.994534613095	-1.05393474699	0.736266525673	0.812526553385	-0.712827606485	-0.808985443809	-1.41640447469	0.964513800417	-1.47851425195	0.357448668354	-1.32568092658	0.803637028478	0.0243311589853	0.92886838436	-1.42352272354	0.433923957784	0.838368295018	-1.4658836637	0.479477115189
G91	1.02654917781	-1.27562366195	-1.15828107045	0.92806074642	0.484216122623	0.912998609315	1.01311436489	0.885174942317	-0.961365008793	-0.967794280518	0.958188597166	-0.920764164553	-0.830406542206	-1.11440098916	-1.13982837659	0.743832895653	-0.813625879233	1.02223006272	1.25481850109	1.10444704055	-1.1515410871
G92	-1.43588209994	0.884223688605	0.186145731826	-0.0299484561233	-1.00954091785	0.643244700952	1.04079832453	-0.677536578901	1.32380091748	1.2243450516	2.08892219925	-1.72719814456	-1.18796465395	0.316057798909	0.757214385193	-0.0385377000967	-0.512773490706	0.438753631219	-1.07571123121	-0.847694482149	-0.360718674087
G93	2.8967467462	-1.56021802608	0.785215429183	0.151362142414	-0.645447450248	-0.429925244	0.598791843704	-0.593360062784	1.22087371335	-1.00254399161	0.444584768256	0.00338580850817	-1.07932264427	0.554471476013	-0.225932679943	-0.953373014298	-0.287675953856	0.0828693182444	1.25258148862	-1.19942937999	-0.0136542874004
G94	0.589344738702	-1.21822380767	0.0221778727241	0.338148419714	-0.596510945601	0.492381511874	1.26026906706	-0.51765252974	-1.34419246827	1.52564734503	1.48607405334	1.47143925967	0.282146148442	0.415137177218	-1.42677819387	-0.00981901441797	0.0586910997313	-1.10028781687	-2.12003379025	0.101020851039	0.291021022146
G95	1.09405647867	1.66251029157	-1.67500738207	-0.101317807245	-0.460440618387	-1.26177044186	-0.373085788631	0.055486413237	0.982708126601	-0.696916437327	0.0645424858637	0.484019613931	-1.01163641175	0.787819259607	1.33185833752	1.74874578763	-0.0630186542756	-1.2193059635	-1.54275440069	-0.236020062362	0.429527173474
G96	0.591234208246	-0.309425114463	-0.984684374031	0.0576338332334	0.0776238564838	1.65531536532	-1.05065050351	0.206206026256	-0.302211845135	1.36916533419	0.192062082305	-2.21521223394	1.01015954623	-1.47815156463	0.498418424254	-1.18435411029	0.868091767662	0.692830951749	0.218971728988	-1.10487869089	1.19185531198
G97	1.39597898531	-0.231696493233	-0.504486338704	0.796435027058	-0.0267460860902	-1.0032954173	-1.72072774757	1.03540315526	-1.62658270477	0.602652093512	1.7707603476	-0.218297105593	-1.05440814571	0.661069124182	0.388595413845	0.371366049061	-0.551724831049	-0.0643788123993	0.312428976095	1.3466334523	-1.67897894182
G98	-0.59167678205	-0.182985045781	-0.0883859860369	-1.46521005875	-0.16536836743	-1.1717874609	0.41488384242	0.107177097131	-0.0094641057259	-0.142272604634	0.0749001658068	0.178261042962	0.514374895044	1.85508366323	2.33622747835	1.01697245124	-2.06433831077	1.14573552234	-0.666527025105	-0.588276106582	-0.507324304768
G99	-0.38822718316	0.326344235102	-0.106776105305	-0.497313283881	2.11789084693	1.62280040795	-0.111425990792	-0.337695590073	-1.05661896066	-0.458433005688	0.313841682591	0.597654944835	-0.520062609217	0.80828305289	-0.206562435051	2.11009138226	-0.831743262974	-0.89896975384	-0.879284883928	-1.9150601768	0.311266688797
G100	0.00755461414469	-1.16411727745	0.894277449377	-0.187637463806	1.10746650511	-0.411660217838	-1.03305814933	-0.423857403853	-0.126136085022	1.42756677827	0.879505669942	0.210511549244	0.918818903173	1.53633705621	-0.84099189015	-1.38139017102	-1.60733823861	0.129696082099	0.0950324877305	1.54442125305	-1.57500145126
