gene	t0_rep6	t1_rep6	t2_rep6	t3_rep6	t4_rep6	t5_rep6	t6_rep6	t7_rep6	t8_rep6	t9_rep6	t10_rep6	t11_rep6	t12_rep6	t13_rep6	t14_rep6	t15_rep6	t16_rep6	t17_rep6	t18_rep6	t19_rep6	t20_rep6
G1	-1.41546966552	0.994000245186	-0.256574509536	1.03623887386	-0.130709898897	-0.227026189643	-0.494746382307	-1.29441121375	-0.477178975049	0.209069177519	1.31984559903	0.19825876852	0.618168080356	-1.3894663558	-1.27408307317	1.89220414196	-0.814654484545	1.09168803514	0.248921476386	1.38287347577	-1.2169471255
G2	1.41950194539	0.469317397782	-0.174884772053	-0.715842398698	1.3128993539	-1.15336114019	1.77499632731	-0.742918452082	-1.06259139239	-1.24535946063	1.45264930188	0.404755943909	-0.465956300563	1.02088022002	1.04687232735	-0.969544529285	-1.26535634445	-0.310598734665	-1.17821506651	0.360058046239	0.0226977277301
G3	-1.54979279491	-1.23353222866	-0.163020537875	0.192942795906	-0.838998404989	0.374143743217	2.12067185537	0.92647202215	0.459153849676	0.508144134687	-0.91398034641	1.26037014617	0.0958063611849	1.63693565714	-1.26438577974	0.00892738786983	0.908205421244	-0.0866506432195	-0.689756907164	-1.50454227278	-0.247113458864
G4	2.49188068544	-0.407440653909	0.289579420021	0.676685266572	0.256860832497	1.04176691579	0.14933843958	-1.4925758565	-1.66076902815	-1.09030770016	1.05435524849	0.768654560585	-0.95657782018	-1.52794227104	0.2830698581	-0.444690241164	0.55648992127	-0.451462893392	0.814633822701	-0.540161251776	0.188612745221
G5	-1.25263486521	-0.93383484972	-0.243389743488	1.54701096981	-0.15222723283	-0.267085294416	-0.824261470184	1.41813139713	-0.637487751857	-1.2329045711	1.28205432485	-0.589224014258	-0.137252803503	0.465892077863	-1.28143533523	-0.192377203303	1.73813914049	0.684089409247	-1.37255770465	1.26743418564	0.713921334711
G6	1.2183770199	-2.53648872795	-0.68997875192	-0.379850602407	1.7512979914	0.396756126637	-0.136653524536	0.619407607426	-1.25404290307	1.07559083397	0.653912903228	-0.269192473627	-0.489824579645	-0.613404902608	0.808496568275	-0.919674738149	1.28197454435	-0.561122192118	-0.754173217392	-0.167892936492	0.966485954735
G7	-1.08768790804	-0.018012210855	1.21100470412	-1.71394343975	1.2591967254	0.918549110423	0.261119509427	0.388369914235	0.988720660111	0.377297244511	-0.374510723225	1.72815338488	0.0786779443809	-0.640407852956	-0.426801784654	-0.306963452064	1.38469335962	-1.38517363463	-1.0506339243	0.103669175185	-1.69531680183
G8	0.737108922422	-1.62122936122	-0.741562534083	-1.18248438227	0.258055303609	1.24543418471	-0.60926737939	0.177139137308	-1.44638968979	1.49036981505	1.36928611414	0.929069792222	-0.220660945371	-0.72680420733	0.0483882900305	-0.588215758325	-0.0292914348621	0.699497958458	-0.949490104717	-0.801048660684	1.9620949401
G9	0.985532255175	-0.0566522852756	-0.461584004752	-0.90364559629	1.06511564092	1.30170699629	-1.62088690717	0.43783434501	1.05299700531	1.76285115696	-0.667751043465	-1.03944843802	0.998710124185	-0.941591522343	-1.27003279424	-0.707415593255	0.884858316445	0.837319664027	-1.1414481722	0.328031240671	-0.844500387993
G10	-1.80894210284	1.42027602742	-0.172827431399	-0.929532790303	0.0531137961394	0.0149836160506	-1.4029681638	-0.275415853529	2.01213924112	-0.0363714248684	-0.753976705458	-0.239045233288	0.155953423037	-1.33629413801	0.0278198417031	0.646123765231	0.687793341634	1.32570250178	-0.439282468116	-0.676699134946	1.72744989245
G11	-1.47617773077	0.925137958626	-1.03351650044	0.81185727588	0.767974874301	-0.557287628655	0.728883001503	-0.441028213282	0.367764576848	-1.11449131052	-1.2515449549	1.69484386713	-0.832852340224	-1.03546605299	-0.8554903089	1.56520111786	0.38762845103	0.704121787419	1.18543267254	0.63786495115	-1.17885549362
G12	1.50310491244	0.567440739987	-1.43046372341	-1.40880426876	-0.154374237041	0.115946035291	1.10168765918	-0.725801614051	0.962109265497	0.896023660528	-1.0929943237	-0.0736910732688	1.0624310129	-0.768527199184	-1.14910762168	0.384327520552	0.017791482456	0.690415871535	1.80121149208	-1.40470542486	-0.894020166496
G13	-0.524921768733	-0.77594836676	-1.12585938269	0.384944954057	-0.0987310568539	0.879757068625	1.60872327712	-0.923981167786	0.338793385311	-1.42340457035	-0.354846801971	-0.780033696055	-0.90896572661	0.609992538434	2.18410327178	0.819143204134	0.914404467188	1.48807378902	-0.48509634338	-0.994006869743	-0.832140204738
G14	-0.171326953274	1.81179813549	-0.145313100883	-1.0022864232	0.61105961745	0.858434811373	0.0937964938547	-1.94964042331	-1.1885754677	-0.663115285294	0.509599480065	0.0427765178846	0.269289502478	-0.344869339767	-0.541687668388	-1.30811174064	-1.3301650706	1.21912392332	0.407761444375	1.53317223376	1.28827931301
G15	-0.76296372504	0.325478815099	1.18953564139	1.15520368993	-1.20057474516	-0.850583979156	-0.638718877595	-0.0761901172393	1.30568895303	0.45173513135	-0.00771125983255	1.57959957627	-0.663216981558	-0.830173698898	-1.00440246476	1.74373975665	-0.361672093303	-1.73172026639	0.568955458696	0.886195571297	-1.07820438478
G16	-0.930961745451	1.9503261156	-0.17889922089	0.93013499912	1.09850866337	0.103195256171	-0.869015468258	-1.20083021484	-0.145784919953	-0.145029215597	-0.760520146028	-0.0270221726534	-1.04846108004	0.195941855848	0.382145846895	-0.757593012102	0.725991328706	-1.93480465297	-0.318618606806	2.12537419196	0.805922197928
G17	0.580255433556	-0.839507923892	-0.0453928264807	-1.29215178243	-0.551119748993	0.803283376307	-0.392210759451	0.8585271851	0.0683428043298	0.550503816313	0.217926111174	0.920432524201	-0.651601279129	-1.68900934731	1.76564923661	0.16856228669	1.2013707268	1.52909135342	-1.37709663784	-1.77215894559	-0.0536956033858
G18	-0.784468539579	0.655335401927	1.45758706806	-1.23226854575	-0.329203041746	-0.516707584948	-0.448628336084	0.421245192802	-0.795632324617	-1.16216491786	0.885235479112	0.062855260266	-1.71351238639	0.449378596386	-0.112006418152	1.11024330699	1.84534000059	-0.82133504775	0.737319188417	1.51272644817	-1.22133879983
G19	0.516961148696	-0.934171845124	-1.20359651625	-0.575366291896	-1.07546380838	0.986228047236	0.450055522075	0.638044482008	-0.560473941924	1.89078008123	0.896393980988	1.4091595097	0.188816357458	0.862176815877	0.967985799515	-0.162117323699	-0.976500513114	0.670813995115	-0.982339752088	-1.62623196419	-1.38115378324
G20	-0.165158610681	0.763585823062	-0.527540220629	-0.182610711084	-0.397820022232	-0.027814249892	0.0792855972942	0.601747794494	0.847871120699	-1.20777515632	-1.26901093515	0.870014022956	-0.90722479524	1.12276798856	-0.392600271312	2.55679074885	0.909732411301	0.811888636301	-1.30891815723	-0.513919513964	-1.66329149979
G21	-1.27630494395	0.898281878693	-1.12110835587	0.873123244422	-1.01081352178	0.67156832106	-0.51954262843	-1.39281426451	1.0483284952	-1.16971677731	0.553817196615	0.985850139696	-0.984531015949	1.30780068307	1.18774167782	-0.780494827847	-0.63017251526	-0.520393146938	1.6589968794	0.807483365575	-0.587099883712
G22	0.79393451326	0.798171668581	1.67496973485	0.305935398415	0.0609855241002	-0.383755301769	0.726943122397	-1.4105028336	-0.996412192574	1.7208875511	0.906189548745	1.05824229169	-1.39920103269	-1.465205046	-0.714181335539	-0.152356028334	0.238088552346	0.961441210918	-0.958710962384	-0.588878908119	-1.1765854754
G23	1.06869892676	1.0480729082	1.1348141168	-1.24195913499	-1.14417037229	0.925345999065	-1.01319361538	-0.837592351186	0.954713240904	1.25676366765	-0.885022959599	-0.622311115699	-1.10582909144	0.539790838162	-0.95861511634	-0.46176228388	1.61418730097	0.304729779747	-0.363121729018	-1.30565662321	1.09211761478
G24	1.07296572532	-1.00982592951	-0.115196949753	-0.120582652765	1.93745147885	-0.117764123251	0.368282518448	-0.423190926926	0.977427461908	-0.258567357941	0.887311804195	-1.84712833058	1.245205869	0.252138631902	0.679339418382	-1.41169824559	-0.948708818539	0.896337643646	-1.04651694515	0.51918455553	-1.53646482718
G25	1.72700151627	-0.90103143041	-1.29416936825	-0.139959136881	-0.484657834932	-0.464099133419	-0.901081271635	0.586597304293	0.422883349482	0.601258663415	0.512597554876	-2.0036881493	1.5674468921	1.46239766715	0.522749087006	-1.17069818335	0.57550522001	-0.981335290926	0.801321341443	-0.857852851556	0.41881405461
G26	1.48232428604	0.582996325602	0.172836195433	0.236031774308	-0.27351166173	-1.17854262128	-1.74514860599	0.0643883224701	-1.80389058208	1.35115937618	-0.621166704591	1.99103207806	0.976949574138	-0.624696486629	0.203101159793	-1.09198021089	0.663991393376	-0.0385532533015	0.229830915855	0.48407696495	-1.06122823971
G27	-0.303292162187	0.239920555522	-1.47820652683	-0.277447148697	0.730205315563	1.83199187845	0.702798762949	-1.06108295672	-0.960232698874	1.42622542348	-0.829333086177	1.14618598286	-1.10839399652	-1.15366322119	1.57026456604	0.934800328946	-0.0898107583966	0.0285965413105	-0.0508596032145	0.177607953186	-1.47627514949
G28	-1.51466295459	-0.520331360566	-0.371807592829	-0.204034163252	1.30834680791	-0.897994796276	1.63805881185	-0.856831173276	1.55296005926	-0.058686907371	-0.735117165596	-0.368547697538	-0.266164749815	0.958910650671	-1.64681577435	-0.611677914914	1.74628852671	-0.0463402028549	-0.767356775603	0.575505669783	1.08629870265
G29	-1.30121024684	0.0828139884158	-0.326041983635	-0.0947961718173	3.23814530526	0.488308030102	-0.131227433052	-1.40790053038	-0.0180261814695	-0.276163000941	-0.146604494496	-0.739244514732	0.0157616622227	0.253247890957	0.346463841454	-0.277174241209	-1.48273674548	0.502935531873	-0.211603293303	-0.246548740986	1.73160132806
G30	-0.952255054626	-1.00646016925	1.16441386999	-0.96537076391	0.659648017671	-0.954810580185	0.947706414084	-0.407072254947	0.974493583047	-1.01002067677	1.6729208487	1.31226014715	-0.974176628894	-0.943976226265	0.0427669334885	1.20960286073	-0.989379180905	-0.986225297423	0.959526298701	-0.794315424072	1.04072328368
G31	0.151762000345	0.143408877822	-1.02494566676	1.07485348032	-0.708983311848	-0.377048357852	-0.445417566608	0.399327669121	-0.00167167126181	0.471777268319	-0.407103112509	0.0932269447175	0.17615366766	3.22270781154	-1.24623472017	1.5015634021	-0.556464636886	-1.41392365482	-0.892457999423	-0.0169133721286	-0.143617051662
G32	-1.58403297678	-0.517436491028	-0.0544786059046	-0.369745256141	0.463582544316	1.54697902596	-1.2126460991	0.782142876132	-0.599592619285	0.288282099885	-0.631734456344	-1.90895730076	-0.232577431021	0.943150351884	0.0608279973675	-0.535450459707	2.19687345805	0.583897652434	0.848411916023	-0.978200900761	0.91070467478
G33	0.181330508641	-2.35368157258	0.963321402545	0.487120837439	1.39462360211	-1.04012415492	0.80080418681	-0.116477283081	0.268517638986	1.07793950379	-0.70354793227	-1.33422868773	-0.697850012094	-0.0556002213079	1.33318414316	-1.0198622885	-0.26743324753	-1.28576133803	0.606903651853	1.12563817915	0.635183083547
G34	-1.14599676764	-0.124540021267	-0.093209335909	-0.285848912226	0.941270113857	0.738604098736	0.835777233787	-1.37274647255	-0.00580864893549	-1.15711454058	0.607388978945	1.54951698753	0.466544926162	-1.25591073833	-1.12372095493	-1.67421797776	1.05377458346	0.354981048237	1.43914356208	-0.9363305203	1.18844335764
G35	1.0492871599	-0.0472826265949	-0.910740914704	0.0371917016586	0.132833805308	-0.593038704365	0.248286439394	-1.27981640991	1.51244875924	-0.886775992061	0.152763249529	0.841372733369	1.24665368075	-0.442589996588	1.28841012958	1.74618012734	-1.52869030991	0.190216031401	0.141620774938	-1.71319896158	-1.1851306767
G36	-0.958020828443	0.253614428342	0.957152544984	0.122147653172	0.788219578455	0.970796256475	-1.05296533156	-0.975768761072	1.28458006155	0.968957160467	-1.44190086108	-0.639874560152	0.452171650855	-1.25341086137	-1.17984702104	0.947993621897	1.10966394017	0.246197116052	-1.25181875914	1.60018468416	-0.948071712729
G37	1.26026875266	0.718883508516	-1.03791514867	1.77804827363	-0.778326718403	1.04869663636	0.925872351019	1.5162265842	-0.0142552295101	-0.0152563456842	0.368597182287	0.0202969413704	1.02525114145	0.121312792739	-1.18465691919	-0.0942588199403	-0.737580296456	-1.75077569481	-1.42913545087	-0.793573245744	-0.947720294955
G38	0.655847835246	-0.587908754484	1.06706140395	-0.859132081209	0.442643782036	-0.859190075628	2.18063709339	-0.0229271268847	-1.4129290709	0.319753608675	0.290690119957	-0.897391827759	1.08064866778	-0.12723423149	-0.67978848364	2.2038845704	-0.848137996395	-0.478175029265	0.50691816786	-0.916157164688	-1.05911340694
G39	-0.332411560942	0.614856732424	-1.36422744623	0.937820437474	0.224015299677	-1.07224079312	1.06825475155	-1.51809517987	-1.49665507174	-1.51562854558	1.10925073329	1.04047676363	0.781809756225	0.855908017434	-1.35548396797	0.70478374502	0.50593970725	-0.935871829385	0.977915451901	0.711050350725	0.0585326482338
G40	1.94399376999	-0.491098984118	-0.653657260533	-0.080850018793	-0.0841468116885	-0.817504068584	0.873654175307	-0.551145585085	-0.0337934594689	-1.41415581926	0.0339104075878	-0.755194580186	0.644795555936	-0.932065311589	-0.532975748936	-0.228744702516	0.408590766161	2.77674045157	0.926762213088	-1.33520014488	0.302085155999
G41	-0.0634802296642	-1.78328692174	0.0609013499621	-0.154924569022	1.51631338656	1.04786438099	0.822070726644	-1.62958095237	-1.45764831627	-0.0862752257748	0.187150692099	-0.813297895253	1.38585682729	-0.659540091578	0.351657201208	-0.130982307133	-0.128753432352	-0.20040052579	-1.18230280159	1.3577108039	1.5609478999
G42	-0.856590215655	-0.942167532055	-0.970643386966	0.726284874724	-0.339192456235	-1.12214599368	0.891426402238	0.0677519314939	-0.631628657981	-0.229113463704	0.412762486726	-0.997374059023	2.66611609539	-0.608981598614	-0.335840322829	0.993718308232	-1.10327152432	0.33206937845	1.0125351808	1.66866057805	-0.634376025051
G43	0.861955453874	-1.09789397231	-1.10073012251	0.023016062278	-0.0984362454755	1.69732220677	0.424007261942	-1.32098169124	0.594695833643	0.234068220266	-1.37819479503	-0.129699512205	-1.06983911724	-1.33962556251	0.919769800088	0.328212873999	-0.115786575155	1.09473402222	0.415103785672	2.08838955885	-1.03008748593
G44	0.454971433068	1.43731924304	0.88160222919	-0.926118571783	-0.254573664134	-1.8478085281	0.327239654419	0.241080982208	-1.84534485012	-0.555533530725	2.21052297704	0.0475071175584	-0.766732617722	0.722478989606	-0.295282731848	0.762370723392	0.227577458097	-1.16975413952	0.903325797376	-0.859190599278	0.304342628236
G45	-0.47385086041	0.0217780444921	-0.442162919064	3.13648770806	-0.267191155511	-0.110788723468	0.688398606774	-0.144050718102	-0.884408931009	-1.05270670862	-1.25646116088	1.31731834415	-0.102725073335	-1.62510444105	0.481401604742	-0.261209753015	1.26803698433	0.0403833543625	0.0730112303862	-0.597013784294	0.190858351451
G46	2.06326537123	1.79030818668	-0.676399669184	-0.273836403363	0.77358725533	-0.630602486168	2.41742326011	-0.113319579287	0.593972122315	-0.837268519434	-0.431412564342	-1.01066807918	-0.984394125587	-0.527750394183	-1.24709810332	0.0455917920823	-0.0893711319399	0.0904804631011	-0.133585975079	-1.008104333	0.189182913207
G47	-1.10508376446	-0.967652519373	0.709201218857	1.31860659494	-0.473687864034	0.378826237925	-1.24503148048	1.01291256986	0.954843096814	-0.314385245683	-0.298049631855	0.118273793123	1.12857729465	-0.934847842502	1.25656700772	-0.0665938821422	-0.874188024851	-0.671380962147	-0.608898132887	2.21103392753	-1.529042391
G48	-1.06167406689	1.27403110525	-1.06980502907	-1.07778585607	0.41023978674	-1.08079100747	0.647655722775	-1.0651981638	0.768673651046	0.926007157198	-0.605492410827	-0.989806642249	0.623620223243	-1.0471672554	0.880009492293	-1.09140327983	-1.07422585728	0.769008191386	1.36945180177	1.44093980871	1.05371262847
G49	-1.05444446305	-1.09321543717	1.26618995704	-1.26856730769	-0.904437566633	-0.909658788863	-1.30049630784	-1.2554005263	1.07752771833	-0.409685145544	1.15022837754	-1.20670363894	0.7971586312	-0.681287814531	0.430387147374	0.810225664251	1.35027908163	0.96129103672	0.572716598005	0.995295691894	0.672597092579
G50	0.195220015609	0.345837429829	0.901547260165	-0.15199075425	-0.92913195175	-0.756434507161	-0.144133923967	0.100639600534	0.62226121527	-1.6460272623	-0.511635812036	-1.05328065763	1.00030060501	2.36005003968	0.222785443962	0.888819914267	0.776745915976	-0.254636556202	-0.33430157905	-2.32454096807	0.691906532131
G51	0.756501664482	-1.6731619563	-0.467240210659	-0.14766250714	-1.5343576746	0.779085662711	-1.23647640441	-0.274182166129	0.0685301881259	0.479277108748	1.20731580044	1.18986156504	0.53976918485	0.340762644155	-0.437168062874	1.87251489745	0.677338121125	0.286610317315	-1.9842154141	0.497455886918	-0.940558645142
G52	0.32248724574	1.82163460685	-0.683754864338	0.0693628229011	0.871196859042	-0.461455109941	0.345777394119	-2.11148807876	1.41935450929	0.0216000687062	0.572708253165	1.10663827038	-1.70431660129	0.22229922017	0.382821743805	-0.852253927229	-1.49234483851	0.31567297015	1.04487450213	-0.67333712263	-0.537477923753
G53	0.748014526108	-1.47631277229	-1.01158342316	0.370658030271	0.410730231395	-1.20113045406	0.741000235035	1.61145896466	0.423721131197	0.443039685458	0.586913238417	0.951466500407	-0.64903266731	-0.287784533975	0.0838382149567	-0.65840934159	-1.19039816923	-1.96597961518	1.8877783178	-0.583687381544	0.765699282636
G54	-1.45479573656	-1.32733497796	-0.784730589503	0.336173053417	0.868177864369	-0.244181673264	-0.265830588687	0.235679123666	2.77505595445	-0.874308095608	1.14036078347	0.687115062466	-1.11210112518	-0.669732893345	-0.217798861669	-0.550080512549	0.640390997067	-0.163832982329	1.51428353579	0.126399426315	-0.658907764349
G55	0.276780870384	0.760512642235	-0.551596889926	0.93784887649	-2.08157192784	0.79735578079	-1.12356929332	0.321353477479	-0.448449662442	-0.331009367652	-0.536281826137	0.955866112208	-2.42312050625	0.935257503533	0.604291053748	-0.470612764149	-0.561944190879	1.54852650265	-0.0823830907568	1.03385370461	0.438892995229
G56	-0.773785836624	-0.65682054743	1.91804741107	-0.605041471822	0.541079119381	-1.61246386202	-0.465844901441	-1.86810105635	0.744837063351	0.218597819371	-1.04449933069	0.908352306252	0.599502285221	-1.19236727778	0.700399544665	1.3892687372	-0.343814526497	0.694725897315	0.0652365394721	1.31151184479	-0.528819757442
G57	0.825352134735	0.374366565697	1.87760629452	-0.380523542754	-0.157881740221	-0.407340713938	-0.855682006935	1.93452453132	-0.290446552401	-0.141805477915	-1.51612309931	-0.407754125827	-0.0380780950157	-1.19172347051	0.250303998018	0.417053293244	-1.44491875168	0.609301521746	-0.66400709492	-0.807866631903	2.01564296405
G58	0.988534784446	-1.13003957706	-1.03638148951	1.53510405534	-1.01028498091	1.50702940444	-0.916555252529	-0.628487478523	-0.913390224853	-0.742625219816	0.44407196778	-0.944134833219	-1.01718923216	-0.998248252346	0.949360082095	0.583946944261	1.38997363595	0.820841780933	0.564768587371	1.267411147	-0.713705848694
G59	-1.06124137525	0.0806053723073	-0.375262273836	-1.32276938675	1.50422150345	-0.691730261034	-0.0515687906854	0.90373162486	-0.0858056613997	-0.376048467696	0.489993986201	2.85436594648	0.944189410483	-1.22230504278	-0.857043119191	0.520549472968	-0.967316167511	0.532985063151	-1.09821744521	0.0293530201937	0.249312591256
G60	-1.37066935473	-0.953337726179	0.73353184909	0.995371912872	-0.541305065304	-0.231703924068	-0.879445187897	-1.19196719256	1.40417051347	-1.36650897007	-1.02854995947	0.529007385409	-1.13118220195	-1.09256958715	0.624662201963	0.536920941144	0.373938607545	1.37947698955	1.20819349749	0.608779718674	1.39318555217
G61	-0.969997980298	-0.84674935002	-0.52332190024	1.78899728688	-0.965584469852	-0.982908849427	-1.06105140295	-0.872472009472	-1.11535379433	1.07985604562	-0.627988750825	1.04930374473	0.167792402644	1.21422672222	0.795831336241	0.501806873195	1.34621590461	-0.948099762755	-0.859690843507	1.49158973297	0.337599064546
G62	0.268241804756	0.610618398772	1.60614618061	-1.08726211504	1.27402611017	0.250551299971	-0.989735558432	1.2689681363	0.747161642079	1.48872952077	-0.895874999231	-0.612352823754	0.585262376098	-1.07671341423	1.09107905756	-0.880794794856	-0.983495093671	-0.814972224854	0.615290478175	-1.3897813237	-1.07509265748
G63	1.12699771934	-0.505680832636	-0.607034492204	0.542350429743	0.144874619861	-2.12552919804	0.824328081694	0.101639539004	-0.586044018117	-0.413592349073	-0.38690893104	-0.750982926882	0.212058579926	1.22469248893	1.20992453497	0.465236916283	-1.12444967845	-0.0365991015767	0.245737217879	-1.74353867713	2.18252007752
G64	1.21702293985	-0.551679913301	0.879727543362	0.465459194925	-1.1730854732	-0.0403411491916	-0.362473089787	-0.0128631751431	-1.48476624671	-1.98983461428	2.15305236564	-0.748016674262	-0.112351239466	-0.0318125594792	0.515254860286	1.94665776108	0.0697271652252	0.411218518508	-0.868451112856	0.258045593978	-0.540490695174
G65	0.671611836067	-1.09502566575	0.722053421805	-1.41733157044	-1.47993672352	-0.638511523462	-1.67684827345	0.371485832416	0.165048745046	0.660982007045	1.51692250652	-0.871488418653	-0.365718781587	1.72378086068	0.371800760017	-0.473481280656	0.263326606369	0.0874170464412	0.518397513248	1.79316309213	-0.847647990268
G66	0.620248945944	-0.653199911293	1.42734594894	-1.2161835965	0.824958932228	-1.08481235847	1.45256314442	-0.623506128927	1.00022648069	1.18420834756	0.449509502195	-0.584619536831	0.370224347854	-1.07383281685	-0.989621465494	0.580232083958	-1.53885925791	0.246729092683	-1.62778292924	1.29653360127	-0.0603624262291
G67	-1.59819585872	-0.158514331012	0.392670247258	-0.542897303692	0.324067801832	0.118634784452	-0.724169737613	1.29202244476	1.51822165377	0.563504288255	0.225145525614	0.256996660991	0.203503087474	-0.442375664907	2.86305587691	-0.923775290321	-1.23844987537	-1.10552413011	-0.890435386597	-0.259512375667	0.1260275827
G68	0.363260098939	1.04080307254	0.515285045929	-0.892830243027	-1.03912972125	0.269371161814	0.412082846285	-0.382519711527	0.232661906257	1.68867486682	-1.15283278065	-0.439818152818	-1.58716209121	-0.182834612378	0.173275794039	1.31213778797	-1.66902504371	-0.802560352211	0.0914440940967	2.24600174777	-0.196285713683
G69	-0.856598981132	0.070237742004	-0.622991185749	-1.35521445665	0.465649692702	-0.381254264637	1.87460904097	0.366272494627	3.14061944097	0.381726926491	-0.107775562664	-0.58350945878	0.507935695257	-0.513773562771	-0.419462974154	-1.42626883502	0.00778896160871	0.358976286031	-0.473007906773	0.275870069587	-0.709829161924
G70	1.32744512725	-0.987949965656	1.090301084	-1.05637255481	-1.00179874757	0.614294580109	-0.549700978276	1.60457476304	-0.604375006162	1.1350410461	-1.13235202496	-1.05114763709	0.640941049371	1.00240513484	0.0986434783168	-1.22115118211	0.716302084814	-1.2299803764	-1.08290291479	1.08798989817	0.599793141809
G71	1.02098312368	0.299650633036	-0.381705897465	-0.883385220204	-1.36142676392	1.03411522313	0.902077932241	-0.959485149988	-0.229187223922	2.55409328348	-0.763381431694	-0.692864196844	0.817498378804	0.769278800162	-0.769295361927	1.39514099677	-1.35890937565	0.0445097432946	-0.677775048831	-0.734013282002	-0.0259191621418
G72	1.43510995832	-0.378897060902	-0.435214893308	-0.761321702406	0.0722337977709	-1.45642863234	1.31073745273	-1.56047432328	0.680572263654	-1.22247457432	-0.767778322222	-0.476164884646	0.7029600386	-1.36261082444	0.739245156056	-1.20326986317	0.8568556306	1.34526702114	0.888303938959	0.91266218197	0.680687641233
G73	0.635810082035	0.849748829828	-1.12712846604	1.85814088084	0.0308824588225	0.92408280895	-1.01120307838	1.3489924696	-0.769513707272	0.670499080478	1.27523968549	-1.01285315432	-0.583849233746	1.0643335097	-0.820818553268	-0.930910411763	-0.910721078036	-1.24951317452	-0.059602699561	-1.17126619926	0.989649950412
G74	-0.825639036401	0.52785695318	-1.16092965986	-0.167177902929	-0.273625177016	2.99625096449	-0.196039380336	-0.224980114018	0.375093531256	-0.590717340389	-0.125300106498	-0.758313879028	2.09914918672	0.920455960171	-0.91736293323	-1.40719719649	-0.483550663191	0.25120987665	0.0415404492096	-0.220395443336	0.139671911048
G75	-0.86373689193	0.654929855169	-0.885631027385	-0.441337328344	1.02455769779	-0.648835670662	-0.453479904573	0.886499650281	0.382851877397	1.13957851824	1.51831278903	-0.0386424866669	-2.16369412845	0.638989069806	1.3712672594	0.690149979147	-0.918542791778	-1.22488126107	-0.877363269604	-0.907787247335	1.11679531154
G76	-1.82188360607	-0.753693287634	-0.314699268877	0.0227863076303	1.15791287244	0.978250805381	0.632911591873	-0.223473423525	1.4567706261	1.5457368027	0.940771218118	0.465674022707	-1.38020301046	-0.218284281926	0.513127066517	-0.340387359911	1.42038039055	-1.11444535576	-1.0869613065	-1.17575083147	-0.704539971895
G77	-0.881433309179	0.273912364803	0.569894970303	0.291845106739	0.97522005409	-0.860905506232	-1.38033156827	-1.12429798207	0.228824733931	1.44204151182	-1.2656835135	0.196238156718	-0.573113062486	-1.4845603021	0.792992063463	0.858147455665	0.0849045330553	-1.56616351426	1.83250849474	0.545550065294	1.04440924749
G78	-0.493237381483	-0.745632290354	0.641950316245	-0.262637478847	-0.221748499892	1.72455289298	-1.00087995746	0.606096597299	-1.38418495733	-1.75521359314	1.27659315384	-1.74899121223	0.319238501551	1.0059479284	0.287249594757	1.12903169142	0.555560593706	0.0626970060441	-1.29998940769	0.252676365773	1.05092013641
G79	1.08943832025	0.450234113405	0.835262445624	0.972003641686	1.18739142322	0.633981878969	-1.18133357577	0.520091548493	1.34700816266	-0.797107271834	-1.12384974057	-0.957836054345	-1.11198203544	-0.710258404751	1.21914480281	-1.07583138153	0.943347325183	1.01680231985	-1.13220857193	-0.981293068233	-1.14300587776
G80	0.924401888859	-1.4121477068	1.21153091451	1.11605260425	1.71965437915	-1.71445670237	0.0357591250937	-0.0188078528096	0.249521172198	-0.0261936358267	-1.43156510675	0.788997784268	-0.53365560121	-1.5845823481	0.248619999296	1.34853987382	0.885231545853	-0.68821250605	-0.0592628465474	-0.138013853837	-0.921411126997
G81	-0.813771232886	1.39716360554	0.93024569918	-0.947276935529	-1.13909916334	-0.0934891478313	0.36785156777	2.0249101426	0.722152674183	0.957664406326	-0.950841471003	-0.381331211766	-1.33630961235	-0.486061768199	0.20352052858	0.409168598054	1.00090607868	-1.79576063231	-0.26698262225	-0.912487121074	1.10982761763
G82	-1.01532359651	0.924426941371	-0.0721525493715	1.00695086915	-0.258253139644	0.696709533157	-0.857935159034	-0.395302428701	-1.04102821578	-0.503726824156	-0.564951752389	0.838664727972	2.26051062337	-1.38732698955	-0.283612600321	-1.74786646368	1.24275041776	1.20697996577	0.79013892101	-0.152564804672	-0.687087475758
G83	1.19937943136	-1.03800411705	-1.09993388574	0.793061061081	0.762305747973	1.12248112787	0.729728391788	-0.988816210385	1.07364809286	-1.09726561026	-1.06926426705	-0.968665236355	0.663561586841	-0.997478603306	-1.05808771039	0.68572154218	0.869654596508	-1.03289493273	1.27341561029	1.17730517044	-0.999851785905
G84	-1.16554540792	-0.996740586301	-0.623582007613	-1.06535938671	-0.876137314662	-0.250552059942	-1.28762208938	0.502541613255	0.881666917047	2.45371919072	0.557665850664	1.70011391689	-0.526547446304	-1.10229695245	0.978762870433	-0.820390386196	-0.417237393221	0.49507809087	0.385528316347	0.594205829629	0.582728434844
G85	0.239552598625	-0.220984742855	1.6052818636	0.826850584455	1.20095732275	0.696271809536	0.234998864919	-1.34513751293	1.95513582177	0.593834002748	0.13195266456	-0.747049759277	-0.418905311731	-1.27052357217	-1.07065522205	1.24308765581	-1.12711414554	-0.813143424602	-1.50847182904	-0.539548835258	0.33361116667
G86	1.47347530923	1.08952628703	-1.14811112577	-1.48154690584	1.15522902276	-0.670462734112	-1.42314678771	-0.564636022011	-0.890470930977	0.996413013261	0.771815264546	0.401364816184	0.88375035537	-1.25835345955	-0.380808363525	0.908868567214	0.701611779351	-1.1728820897	-0.980879713026	0.673278921436	0.915964795834
G87	-0.611779635742	-0.439137220437	-0.610653662563	0.593530246672	-0.395443744444	1.10463223721	-0.613111816158	-0.605307586824	-0.330957024854	-0.59992986542	-0.413721668085	0.989614536322	3.20218245846	-0.606033395464	-0.209465233388	-0.6091295665	-0.287064487419	-0.613660000743	-0.338195715528	-0.604767568862	1.99839871376
G88	1.25060332498	-0.68100695939	-1.63348680348	2.43771334545	0.0638834626418	-0.594403840351	-0.23302953254	-1.03756354676	1.10926887764	-0.0392727472953	-0.036264668111	0.357580649399	1.09835110817	-0.977062405658	0.283593086886	0.974427300646	0.140923047063	-1.56061378824	-0.418827358384	0.631587501098	-1.13640005378
G89	-0.25468497057	-0.546558345121	-0.703261537698	-0.164593154031	-0.0683205659298	1.15609816293	-0.591576432964	-0.268057322547	-1.17201718797	0.573672884117	-0.148438759341	0.575012901357	0.502897717485	-0.499815390796	-0.102242940083	1.08802621447	-1.50007566475	1.35208379862	-1.29550279055	2.86474997303	-0.797396589647
G90	0.994534613095	0.838368295018	0.998264628236	-1.41640447469	-1.32568092658	0.92886838436	-0.808985443809	1.31359310877	0.479477115189	-1.05393474699	0.433923957784	0.812526553385	0.964513800417	-1.47851425195	0.803637028478	0.0243311589853	-0.712827606485	0.736266525673	0.357448668354	-1.4658836637	-1.42352272354
G91	1.02223006272	-1.11440098916	-1.15828107045	0.743832895653	-0.961365008793	-1.13982837659	0.885174942317	0.484216122623	-0.920764164553	1.01311436489	-0.967794280518	1.02654917781	0.912998609315	0.958188597166	-0.813625879233	-1.27562366195	1.10444704055	-1.1515410871	0.92806074642	-0.830406542206	1.25481850109
G92	-1.72719814456	-1.00954091785	0.316057798909	-0.360718674087	0.884223688605	0.186145731826	2.08892219925	-0.0299484561233	-0.0385377000967	-0.847694482149	-1.18796465395	-0.677536578901	-0.512773490706	1.2243450516	0.757214385193	-1.07571123121	0.438753631219	-1.43588209994	1.04079832453	1.32380091748	0.643244700952
G93	0.554471476013	-0.287675953856	-1.07932264427	2.8967467462	-0.429925244	-0.953373014298	-1.19942937999	-0.593360062784	-1.56021802608	0.444584768256	0.00338580850817	0.0828693182444	0.151362142414	0.785215429183	-0.0136542874004	0.598791843704	-1.00254399161	-0.225932679943	1.22087371335	-0.645447450248	1.25258148862
G94	0.282146148442	-1.21822380767	0.338148419714	0.589344738702	-0.51765252974	1.52564734503	0.0586910997313	1.26026906706	-1.34419246827	0.0221778727241	-1.42677819387	0.101020851039	0.291021022146	-2.12003379025	1.47143925967	-0.00981901441797	-1.10028781687	0.415137177218	-0.596510945601	1.48607405334	0.492381511874
G95	0.0645424858637	-0.101317807245	-1.2193059635	-0.0630186542756	-1.54275440069	1.66251029157	-1.26177044186	1.74874578763	1.09405647867	0.484019613931	0.055486413237	-0.236020062362	-0.373085788631	0.787819259607	0.982708126601	-1.01163641175	-1.67500738207	1.33185833752	0.429527173474	-0.460440618387	-0.696916437327
G96	-0.309425114463	0.591234208246	0.692830951749	0.218971728988	-2.21521223394	1.36916533419	0.192062082305	1.01015954623	1.65531536532	0.868091767662	0.498418424254	-1.47815156463	-1.05065050351	0.0776238564838	1.19185531198	-0.302211845135	-0.984684374031	0.206206026256	-1.18435411029	0.0576338332334	-1.10487869089
G97	0.661069124182	-1.05440814571	0.796435027058	1.03540315526	-1.67897894182	-0.551724831049	-0.0643788123993	0.602652093512	-0.0267460860902	1.39597898531	0.371366049061	-0.504486338704	1.7707603476	-0.231696493233	1.3466334523	-1.72072774757	0.388595413845	0.312428976095	-0.218297105593	-1.62658270477	-1.0032954173
G98	0.107177097131	1.14573552234	-2.06433831077	1.01697245124	-0.59167678205	0.0749001658068	-0.0883859860369	-0.507324304768	-0.588276106582	-0.666527025105	0.514374895044	-1.46521005875	-0.0094641057259	0.178261042962	0.41488384242	-0.16536836743	-0.142272604634	1.85508366323	-0.182985045781	2.33622747835	-1.1717874609
G99	-0.497313283881	2.11789084693	2.11009138226	-0.879284883928	-1.05661896066	-1.9150601768	1.62280040795	0.80828305289	-0.206562435051	-0.106776105305	-0.520062609217	0.313841682591	-0.831743262974	-0.38822718316	0.326344235102	0.311266688797	-0.111425990792	-0.337695590073	0.597654944835	-0.89896975384	-0.458433005688
G100	0.879505669942	-1.60733823861	-0.84099189015	1.42756677827	0.0950324877305	-1.16411727745	1.53633705621	-1.57500145126	-0.423857403853	1.10746650511	-0.126136085022	1.54442125305	0.894277449377	-0.187637463806	0.00755461414469	-0.411660217838	0.918818903173	-1.03305814933	-1.38139017102	0.210511549244	0.129696082099
