gene	t0_rep10	t1_rep10	t2_rep10	t3_rep10	t4_rep10	t5_rep10	t6_rep10	t7_rep10	t8_rep10	t9_rep10	t10_rep10	t11_rep10	t12_rep10	t13_rep10	t14_rep10	t15_rep10	t16_rep10	t17_rep10	t18_rep10	t19_rep10	t20_rep10
G1	-0.250580250018	-0.476499791716	-0.21000273195	-0.811108898397	-0.343709969459	1.25413467351	-0.649402388788	-0.0632494874035	-1.24229104953	0.439563480991	0.761956479302	1.00769400115	0.314254817986	2.01313886914	-1.14172543804	2.22026045159	-0.206749529177	-0.0247512427208	0.250449190697	-1.54625426182	-1.29512692536
G2	-1.05396427956	-0.0957740551392	-1.13890421141	0.583657797675	0.0108250140509	0.868194322966	-1.41195415333	-0.898717518561	-0.625379741626	-0.439384693119	-1.28286819768	-0.32241998808	1.26190076676	-1.37563330857	-0.222115745351	1.3805013043	1.3749108691	1.21766892879	0.200726394798	1.8680955943	0.100634899684
G3	0.759425087776	0.124206233012	-0.690618555366	1.17709967992	-1.32862356776	-0.621154539242	-1.23756906969	1.80962913108	-0.0869845151763	-0.271358272229	-0.648801106571	0.22198871943	-0.165539826351	-0.430000833338	0.638824776669	0.250986259654	0.218718791668	0.0777965514199	-1.88530323702	2.55467814036	-0.467399848235
G4	0.336584591889	0.0799487113321	0.397602943889	-0.426819760699	-1.60370402468	0.58462563648	0.633751338577	-1.46600343732	-0.00754742234238	0.17508991056	0.828885187756	2.37623854091	1.61166749504	-0.865527215856	-0.210319008599	-0.0814550969024	1.01957211805	-0.890156756031	-0.0329054129733	-1.70736970651	-0.752158632576
G5	0.745339788456	0.413111347962	0.133907450017	-1.00984661443	-0.936924191818	0.948578058599	-1.1940394073	-0.915565776819	-0.579820856754	2.60522415441	-0.267673499315	1.54250942273	-0.768222229368	0.664829708761	0.343234675019	1.23853495414	-1.24223451553	-0.39114976863	0.208750959519	-0.689035282362	-0.849508377275
G6	-0.557024113324	-0.0641569101162	-0.230599581761	-1.5685257571	-0.927870145947	0.0360951254218	-0.458228420759	1.12038199384	-1.35404961059	0.896324083492	0.357109297233	-0.732262610065	1.32406022372	-1.57723341112	1.68291955034	1.20389672653	-1.04882718283	-0.619853607141	0.653846018857	1.36368096161	0.500317369713
G7	0.0258620079201	-0.172635433677	-0.303945062195	0.0871311655161	-0.628701058664	0.975770656242	-0.988101406191	1.58038173345	-0.110336149637	0.327930840943	0.0818383067684	0.0447537548054	-0.142532172561	-2.04348118603	-1.62194816268	0.92523960171	1.49896517189	2.09533117394	-0.258589021571	-1.22971177284	-0.143222987138
G8	0.336956341351	-0.728927280841	-1.10074514516	-0.391316447935	1.06846768969	0.745994435906	-0.82101874981	1.35143927233	-0.650464803113	-0.871299268121	1.69539333285	-1.93968704015	-0.0292659610557	-0.020407978421	0.887404002444	-1.10446093764	0.26261530451	0.869768901728	-0.874735348784	-0.463091029467	1.77738070968
G9	-1.87315081492	-1.35932737991	-0.693837033854	0.570871613723	2.12708985082	0.372104208445	0.100401160213	0.235057317611	-0.681077826548	-0.727797630743	-0.17483469157	-0.0707753538875	0.149924365846	-1.45844079262	-0.920177057187	0.109033687509	0.285284038433	1.60761545289	1.13335180384	-0.176697027235	1.44538210915
G10	-0.561357068504	-0.467241090411	1.28108167753	0.564368815778	-0.725338878789	0.143333741926	0.971490246798	-1.27707405455	1.09659570211	2.02935063544	-1.29493113626	-0.334205831667	-0.915216319267	1.24026794366	-1.46891176762	-1.18250020256	-0.298646200683	1.13212385426	-0.780300915862	0.477066573511	0.370044275144
G11	-0.0770971974946	1.70819812425	0.73435174803	0.108259639038	-0.134112517941	0.92451773309	-0.394560525599	0.796955006399	-0.51989849405	-1.01477699103	-0.635335420251	0.307148561371	-0.533095750013	-1.43866660243	-0.302112767886	1.97911762499	-0.23675150376	0.315854137096	1.58433092686	-1.6289045139	-1.54342121677
G12	0.071548891077	0.0783912965269	-0.350099125896	-0.377674617546	-0.142396369976	-0.312954006696	-0.196349766298	-0.163076328473	0.498866076719	0.668841522357	-1.0483963757	0.496225187136	0.702537768154	1.53079644842	-1.08238925118	-0.990739535733	-0.0880777206952	0.314616988138	-1.01721041389	3.08877520132	-1.68123586778
G13	0.113794050303	-0.105700980788	-1.24642913501	-1.35934543709	-0.578383931496	1.71911256191	0.193816223072	1.49606623987	0.209101399332	-1.72512840509	0.839357417082	-0.788866358658	1.27901373695	1.1405183899	-0.120451150878	-0.857408399045	0.0386381836485	0.610069773069	1.09611162782	-0.481006558596	-1.4728792463
G14	-1.0437539684	-0.0508144146187	0.185678936728	-0.821192667634	1.02912219974	-0.131610044943	-1.43386934484	1.77754015425	-1.51794914178	-0.0889979830687	0.292024357042	-0.290717654587	0.0902020553166	0.121014209161	0.502252072706	-1.32860410745	-0.211597462389	0.0495604934132	0.661480272843	2.75703258518	-0.546800546661
G15	-0.872820468727	0.204255844837	0.980877543622	0.163133038726	0.693673610812	-1.21514260999	-0.710302308212	-1.98596676453	-1.4994537047	2.35035006349	0.413148425229	0.578135140916	-0.0108496616741	0.324526701151	1.13087787448	-1.32396079447	0.0656963177528	0.0552227603522	-0.169667956444	-0.295650313607	1.12391726098
G16	-0.70164152502	1.56973100556	-0.929742649399	-0.719113991367	-0.783883201948	-1.1014232109	-0.66697667234	-0.962195152875	1.39608705487	1.97201077883	-0.606270036511	-0.274148892273	-0.85466706011	2.12924317232	0.109175970945	-0.0886963155266	0.794432747769	0.780513619785	-0.0631977178604	-0.778663528954	-0.220574394991
G17	0.0636531141515	0.160813367692	1.36535806214	-0.631179076474	0.502833941267	-1.74585402672	-0.595424593518	0.399791223983	-0.273196680151	1.60794541862	-1.23474880065	-0.428880211911	-0.127909189958	-0.674504996844	-1.00319255347	-0.297959213489	1.09198269065	-0.741425470776	1.65677582677	-0.972300680192	1.87742184887
G18	0.515590648552	-0.42832252892	-0.952163545261	-0.237499680121	0.0999092445221	1.74429810283	-1.31921217717	-1.19518377319	-0.158283628292	-0.0691852277426	-1.32884395498	-0.552030118264	-0.893220671575	0.263218569298	2.01017794581	-0.659998919258	1.72971676335	-0.977865410194	0.68203053701	0.958444842112	0.768422981476
G19	0.328100979455	0.972199750402	0.046303201806	0.09050607529	1.30498346421	-1.1541128795	-0.796953967527	1.50192755701	-1.3840991341	-1.42870800608	0.660894036323	-0.883176835573	0.963954073914	1.9900456144	-1.06358201072	-0.56779160108	0.273208794207	-1.24077996766	-0.521882344813	0.142621672524	0.766341527528
G20	-1.98119305631	-1.23225193113	2.20828325392	0.531084576158	1.43919089484	1.10668045668	-0.361098588522	-0.422786736768	-0.112514430729	0.276074862787	0.16284756647	0.530684486809	-0.278424849187	-1.32195839681	1.63689936931	-0.113897654208	-1.03435245923	0.272178515256	-0.676881672984	-0.116165497353	-0.512398708988
G21	-0.309704357603	-0.328673273446	2.05038903182	1.83161497602	-1.06749339899	0.766304738068	-1.2413601019	-1.0032654408	-0.917741525043	0.82112277151	-0.808464288529	1.00167692995	1.02705659134	-0.836328984114	-0.84210597453	-0.580556125363	0.651945856554	-0.632969459765	-0.328451012845	-0.568929842889	1.31593289054
G22	0.220977566993	-0.335984485987	-0.771435479957	-1.26015090466	0.942032757216	1.25443691884	0.369422310951	-0.831220941997	1.23645603977	0.808579819403	0.590301428002	0.936695984907	-1.28738806098	-1.69564834016	1.66405601311	0.651869283915	-0.9559044379	-1.0215487391	0.581939550549	-1.36527771235	0.267791429421
G23	0.337949353268	-0.212527154203	0.682708296653	0.770984553192	-0.0976999837795	-1.15903139922	0.527539524333	-0.682508715387	-0.399096948262	-0.944688668865	-0.152740533586	-0.831222236906	1.18056022565	1.10072252925	-0.0171472391353	-2.12766580949	-0.381418907888	1.9902045665	1.42282451664	-1.53971945278	0.531973484016
G24	-1.38852405872	-0.881239307458	-0.556155283798	1.10660837617	0.370602846478	-0.839352057379	-0.437466492617	-1.88321016576	0.82459950021	0.0614376409052	2.03509093783	0.898932194081	0.166040936	1.28810626434	0.199825734364	-1.38451787398	1.28837255139	-0.00467678123209	-0.57357877221	-0.806342362215	0.515446173613
G25	-0.647695787916	-1.05336414837	-0.794160764779	1.14953991063	-0.431080019932	-0.500874741487	0.671669120128	-0.925080761753	1.60702317515	0.347015063681	0.0577831467276	-0.502999289895	2.06348401134	1.36905340665	1.29438731432	-1.73558834925	-0.561567646719	-0.77368846033	-0.828835158186	0.531058944264	-0.336078964276
G26	-1.45210094106	-1.26770261878	0.726016339913	-0.093193852937	-0.341655348192	0.903234285991	2.68502445848	-0.377880881671	0.648216181022	0.254571268467	-0.0821367091085	0.474020560154	-1.10111459532	0.212654159941	-1.38337717315	1.13400788187	-0.0872774865692	-0.34085975168	-0.63814215596	-1.10893521488	1.23663159347
G27	0.850802329341	-0.199280848739	0.690453610021	-0.778295170977	1.9715172695	1.30587951107	-0.957048704703	-1.19574117776	-0.839743913371	-1.090709292	1.43217465861	-0.902634602512	-0.602382514686	-1.1972649156	-0.348899181991	1.00262478119	0.609058745436	0.309536113024	0.388479062278	0.961856463282	-1.41038222141
G28	0.0212490856735	-0.336697877395	-1.6729158936	-0.156425394006	1.17760218636	0.208933123138	-1.19114556268	0.31308120045	1.09673956236	0.646400247317	0.186043648081	2.07366428942	-0.469613292431	-0.301844064067	0.526836060264	1.63690992611	-0.546239914838	-1.92408587003	0.287914367494	-0.256287248098	-1.32011857952
G29	-1.16107463377	0.361028416612	1.08139170351	-1.06910099688	1.22076233154	-0.950821680282	-1.08221624216	-0.347811379532	-0.487243662677	0.200419106393	-0.861760119586	1.59197196917	0.00108888226251	1.1112282662	-1.18771791282	1.2295887871	-1.30922134062	0.721264948146	0.698575867052	-1.11704987647	1.35669756683
G30	-1.02761471397	0.154712751572	0.301835449136	0.523972984959	-1.0722540857	-0.753545723611	2.52355570318	-1.04599273345	-0.414316060943	-0.553456884091	-0.811685302689	-0.830137228422	2.23372004731	1.22041616315	-0.0607485868231	-0.229722897371	0.443735438749	-0.608738755044	0.73389135501	0.202899623045	-0.93052654399
G31	-0.719340727857	1.23322184197	-0.120802198583	-1.21727595876	0.956411477837	0.688604723913	0.762058101249	0.91723259919	-1.28290510749	0.308554117386	-1.03884974504	-0.391512530196	1.58578661103	-1.32744185329	-1.43850632428	0.975469486862	-0.714515078312	-0.0959485813049	1.09874452029	-1.23845129107	1.05946591645
G32	0.875668291737	0.118883274764	-0.255208229557	1.34332997057	0.00983957558389	0.802415001421	1.06141239102	-0.654762687576	-1.19197702733	1.13190471415	-0.0131991757662	-0.463589989482	2.3788087059	-0.358209080947	0.301660816338	-1.32439498141	0.358637139273	-1.30066125842	-1.23903581486	-0.0854951457997	-1.49602648961
G33	1.41914305085	-0.134315884249	-1.05689558686	-0.95536984915	-0.865304803556	-0.0976308461496	-1.44854640051	0.594278375753	0.470650518913	-0.288546675265	1.82908076372	-0.46639785653	0.209180179751	-0.545233708771	0.20159634033	0.192719715598	1.48388002699	1.01715446442	0.565569522384	0.284274470779	-2.40928581843
G34	0.0324828315092	1.70751655099	0.830498524292	-0.89146248327	0.621692604434	-0.661880374386	-1.64656364644	-1.07916795079	0.471740475493	1.60088550907	-1.18841643633	0.914014750885	0.170055225943	-0.959523386982	0.882878103423	-1.14993719011	-1.00936536005	1.28691018873	0.732389220442	-0.769225041245	0.104477884406
G35	1.24864340844	0.937062966579	-0.930564643666	1.0076420896	0.496243646271	-1.2248780064	0.695895569741	-1.69174439599	0.406339083484	-1.06371893673	-1.03754907038	-1.16665508643	-1.34642697027	-0.844596632698	0.522749694753	1.00363910658	1.33931897575	0.515749255504	0.279056905812	-0.452182506343	1.30597554642
G36	0.683233390379	0.763938166184	-0.882197228389	0.108185692875	-1.34316402106	0.920728335287	-0.937275335398	0.454012889607	-1.18466170657	-0.365747884924	-1.33720680193	-1.03647746691	0.754049912023	-0.813722515595	1.15516774701	-0.94025394496	1.28832095216	1.24012314775	0.775553633239	-0.980213784478	1.67760682371
G37	2.30583834224	0.055135074995	-0.764787768142	-1.01226860377	-0.84173231776	0.634430549664	0.799888367202	-0.875976644305	0.605899089267	-0.387311287844	-0.877263518354	-1.96298912802	1.41221689616	-0.593235788441	1.19004951405	0.861194849674	0.105788278302	0.720562361011	-0.905172085692	-0.708311583027	0.238045402784
G38	-0.616054010933	2.45591228593	-0.281828706418	-0.792703454066	-0.619915899729	0.434092728465	0.430597420725	-0.423385828182	0.685197909891	-0.502573019635	-0.656511487597	-0.486216116097	-0.495769957253	-0.687872638996	-0.0231389913679	-0.811714518116	-0.547153822748	2.83434328736	1.06626886327	-0.829915693787	-0.131658350703
G39	1.92155282923	0.514560655303	-1.87012086389	0.391267087072	-1.29859230574	0.612814701862	1.17945113969	1.8806430265	0.283963519909	-0.258043396274	-0.248116475611	-0.104549226027	-1.3579685097	-0.748273869	0.948863844296	-0.502131172568	-0.724515187414	-1.36207998998	0.279904519638	0.405994288055	0.0553753846491
G40	2.36608948789	-0.143382449218	0.664336975092	0.400372618268	0.350263008985	1.42179519339	-0.738695908351	-1.27937252865	-0.759183861569	-1.13909215208	1.24765878852	-0.587285231126	0.739401472992	-0.744503096638	0.769812121117	-1.03745688226	-1.35132757094	-0.859890601431	0.802074661088	-0.648675015106	0.527060970039
G41	-1.41738746146	-0.840574684798	0.466166878872	1.17881875466	1.018506933	-0.122791005651	-1.72551899383	-1.53172677795	0.20039373653	2.23309576477	0.741065361773	-0.826307935257	-0.843556029614	0.873143860023	-0.712710653042	0.157574276665	-0.0285970791482	0.6744948017	0.85420637696	-0.802562838564	0.454266714363
G42	-1.12917619805	-0.488611863229	-0.864460929839	-0.181781342867	-0.979704638937	0.171229010447	-0.689547965827	0.366963507321	-0.594011429613	3.29015637696	-0.255159114246	-0.106631927999	1.03415537936	0.618922186908	-0.880500158527	0.488625174389	0.642021547113	0.965355927611	-0.601245325736	-1.22630305816	0.419704842919
G43	0.371461563157	0.791991009645	-1.12065685595	-1.04778337672	1.60310235636	-1.01337660375	-1.29487899999	0.986136760313	1.41832730346	0.261612109091	0.766907926971	-1.11318158618	1.13089548109	-1.13914052084	0.899384728175	-0.943178768606	-1.01180158305	-0.856630975859	1.13758567194	0.525858978369	-0.352634617597
G44	0.110981648204	3.70425066114	0.0820299852489	-0.121142905043	0.206889776122	1.0209370104	-0.105242467928	-0.562672998247	-0.446762947628	0.587144593781	0.230344069742	-1.05199631284	0.230194715926	-0.490115765153	-0.915779887507	-1.45759532434	0.0327259925611	0.166047251595	-0.057891563614	-0.867498394027	-0.294847138398
G45	-1.24751392494	-0.139758273443	1.92107061402	0.552673981966	0.315245926141	-0.680202881747	1.33029206496	-0.283240473092	-0.560056834939	-0.317134972344	1.40084353963	-0.401324141859	0.293955901481	-1.29808078035	-1.29287540859	-1.04648555508	0.297882950935	1.57350913334	-1.08890716827	1.32641782755	-0.656311525363
G46	-0.807327514083	0.0219000294367	2.19403195998	0.664530550104	0.780400808687	0.349859151538	-1.34744548262	-1.16857479918	-0.193563816529	-1.22761554563	-0.238907100773	0.8808793413	0.128874556693	1.51592010211	0.232286727895	1.26471981993	-0.40073468723	-1.27741628997	-1.40387315737	-0.715539279083	0.747594624792
G47	0.901144627863	0.90778666003	-1.14131036771	-1.25418666461	-0.02349113307	-0.0203135542812	0.995343618141	1.13243638041	0.92739754865	1.08354445033	0.753396422504	-1.18301768307	-0.461857464458	1.52772831507	-1.2738428865	-0.915392732485	-1.14168295052	0.663251926427	-1.03528789435	0.849773534666	-1.29142015303
G48	0.401498934397	-1.77998284342	0.628375293687	0.307782406408	1.67798381037	-1.11881868565	0.0393017037363	-0.62902673407	-1.11117551914	0.875961332153	-1.00010151733	-0.426279683759	0.271819242019	-1.42300495674	0.09157985622	1.04854372078	-1.18544787301	1.91330897191	0.454947506181	1.02415162933	-0.0614165940709
G49	1.69713451679	-1.3108500969	0.612241355464	0.950713507728	-0.57905445443	-0.59606677594	0.00777987071535	-0.302395681994	0.607158405745	-0.70347326386	-1.3140896129	1.5476586238	-0.905007249668	-1.70396395864	0.763899977709	-1.32350668492	0.369589937104	-0.324376413965	1.2492827758	1.22208942702	0.0352357953377
G50	-1.10912261829	-0.816879610489	-1.52589143748	1.2850282189	0.875202195249	-1.08568950741	1.29760145228	-0.305427006046	0.140014947213	0.273534407017	-1.56269037053	1.17413987361	-0.897511996037	0.610516347095	-0.128947822919	1.19258579007	-0.859892251461	-0.524404940978	1.43930198061	-0.642183164156	1.17071551376
G51	0.0352113230329	1.77407565287	-0.867725905459	1.17698208024	2.09406938518	0.660765124638	-0.752042083054	-1.14203782155	-1.15515999822	0.149279758279	-1.29505025093	0.595496332839	0.86567796074	-0.82086423906	-0.844416551324	0.375678543696	-1.00421880721	-0.640897271045	-0.399024734293	-0.132385907201	1.32658740783
G52	-0.628400286847	-0.511251188169	-0.15349796032	1.41145096057	0.418016857873	1.47623783697	1.24199470123	0.295218437177	-0.477505298973	0.924519047029	-1.65530221757	0.644116380294	-2.06158124945	-0.237161335949	-0.165314183565	1.41042130831	-0.752714278581	-1.49113049703	0.707649228343	-0.653124329916	0.257358068568
G53	1.08605539698	-0.831248151768	-1.28957894756	-0.910439472955	-0.974673238565	0.407813493821	-0.882339217163	1.48561340959	1.36366429991	-1.0709358614	1.13807257073	1.33557140317	-1.08986107799	0.957698251537	1.16152417018	-0.00883506718581	-0.469413770224	0.425701650207	-1.10470371915	0.379442085279	-1.10912820745
G54	1.77430089814	0.429483266083	0.84816972069	-1.1990822792	-0.460871432813	0.966781577187	-0.97124132724	-0.890294861382	-0.312953226216	-0.84118046022	-0.45031985705	-0.670743089766	2.0893273684	0.732683659916	-1.24981242119	1.79114884752	-0.414203033977	-0.418044448836	0.530159862021	-0.490321981512	-0.792986780548
G55	-0.0750333941625	1.22482838316	-0.0732297301485	0.792316550866	0.839796040912	-1.03142889315	-1.42744574045	-1.78816154759	0.820331234537	0.722937095581	0.0129669269443	1.39340245473	0.880924466682	-0.507864957238	-1.40786833785	-1.32531140676	0.657012007418	-1.21021841633	0.552801548099	-0.329919374618	1.27916508937
G56	0.718936930577	0.325701140083	1.07901700178	0.238815079976	-1.22842110549	-0.996306876056	-2.49214632776	0.466767088918	-0.487879896897	0.0228283818113	0.642982845426	1.03225855589	-0.581966528214	1.47054357366	-1.96415933172	-0.0635402299197	0.642451348678	0.786096734739	0.764463022039	-0.6671792711	0.290737863574
G57	0.58361639878	1.4091613691	-1.47063860679	0.97764511105	1.1238300293	-1.00764795782	-0.820994468002	-0.939637983862	0.562003634261	1.23583339212	0.944033553958	-1.24175479192	-1.42069495942	1.28395828618	-0.224406036467	0.491799494293	-0.581026478587	-1.33591982749	-0.257412216016	1.07178459497	-0.383532537644
G58	0.0234628167482	1.7312832847	-0.433878721992	-0.561948409622	0.047123688437	-1.19176666426	-0.993028571992	-0.341633156883	0.767219558701	0.355380650365	0.880248489524	-1.07750569784	0.895814308484	-0.0525099559501	-0.70124698551	-0.924555505958	0.754618067017	-1.38046242606	-1.01077319217	0.738758709372	2.4753997149
G59	-0.345784803541	-0.26321786945	-1.19476498458	0.357132613315	-0.021899797217	-0.206289776065	0.204532946874	0.0473929084628	1.0842550692	-1.75026292169	0.392862026023	1.26812086249	-1.1390856862	1.69553251664	-0.207854624129	0.839051856945	-0.875559105225	1.34684119961	1.44477910435	-1.344728306	-1.33105322981
G60	0.672633328335	-1.32873654981	0.0700624469752	0.430952643511	-1.66399562414	-0.0853635419334	-0.430732563037	0.87956949607	0.645064466327	1.34342950053	-1.12676869878	1.1952549913	1.03989158778	1.29271006396	-1.76971678186	0.808171607656	-0.894724959652	0.804927999732	-0.262966421235	-0.27591196737	-1.34375102434
G61	1.63079209258	-1.01683122451	0.896239713261	-1.11827469901	-1.19821852923	-1.04577392103	0.512336831233	-0.538809914273	0.193578444025	1.07924786452	0.760843495187	-0.834624819609	0.480539431767	0.826656111973	1.21242452936	-0.662008134157	-1.19630787395	-1.31402228756	-0.538464573309	1.84991700844	0.0207604542914
G62	1.17901167099	1.06540235174	-0.123156320862	0.707713403077	-0.694142766083	-0.0509151008784	-1.05878444194	-1.53619458375	0.656000925866	-0.397704331924	2.27744530368	0.154673528032	-1.25113590659	-1.03202146229	0.272669089429	1.61267234173	-1.23329914934	-0.0589126196509	0.15801811611	0.427938296576	-1.07527834393
G63	-0.403112288324	-0.716057804859	-0.30866999962	-0.876881061674	2.33222262318	-0.575606876663	1.67239787428	-0.696746742074	-0.650350930681	-0.0771558946248	-0.264089920736	0.0656396705514	-0.79673907084	-1.01945970688	1.44565428021	2.28652596819	-0.410137557036	-0.173640342261	-0.269666751711	-0.773099979306	0.208974510875
G64	-0.0362554690835	-0.136685443758	-0.990379259051	-0.29134881904	-0.328028874563	1.98201146112	1.15430506185	-0.982996411271	0.587761698713	2.38147452594	-1.18291442304	-0.63906429643	-0.476679808491	-0.177389983972	0.115831889058	-0.382335132221	-0.127004129505	0.556225004014	1.29494865899	-1.72628924413	-0.595187005137
G65	-0.80835025462	-1.3874214683	-0.819811470418	-0.410911115743	-0.216656829987	-1.45328253004	0.272088960373	0.809127869152	-0.909205957524	0.753435412926	-0.223189434081	-0.371929499506	-1.0091842263	-0.666164194121	0.669476737252	1.32353967782	2.38325860687	-0.630566049488	0.142746609445	1.49043727951	1.06256187677
G66	-0.506951918215	-1.75533357313	0.128715818301	0.118624227778	-0.0395879129042	0.086739655399	1.11118102941	-0.59291312443	0.680572794411	-0.897130423752	1.61408334261	0.360119966288	-0.378088306923	-1.20239935175	0.769099704936	1.65320797392	-0.933739235703	0.255504485329	-2.09805666073	1.29171601101	0.334635498145
G67	0.041429788782	0.599293473168	-0.823603367844	-0.716632479195	-1.28962493447	1.5620141513	-0.937632040283	1.22912057263	2.61391837097	-1.22939562619	0.145339417838	-0.10521190666	0.11635054516	-1.17941525915	0.575162780497	1.04686088366	-0.44841937551	-0.309038970506	-0.0530492555547	-1.15927243082	0.321805662198
G68	1.01734835325	-0.641141658406	-0.09480751088	0.111554574351	-0.543125414826	0.82517926925	-1.05283509367	-0.523726830078	-1.30492771107	0.250970779189	-0.411918014773	0.259149922529	-0.867732848834	0.137285877516	-1.04342500038	1.7760955207	0.277376880217	-0.832710098159	1.50628019018	2.3733509532	-1.21824213931
G69	0.726983356963	-1.12750317074	2.36459894798	-0.283595610569	0.20237722958	1.47111064343	1.49017545596	0.453147029056	0.244344280736	1.06363115491	-0.874972952043	-0.491609288147	-1.25808238646	-0.944095788815	0.109393996853	-0.417159624274	0.526704491362	-0.748096852508	-1.598540029	-0.112591509307	-0.796219374963
G70	-0.952997580213	-1.04861101749	1.36887841294	-0.843634090103	0.704745010116	0.91354297549	0.925636892272	-1.14339471501	1.39012008524	-0.749847306245	0.474220010907	0.901683659407	-1.02243102835	-1.085888567	-0.941088669208	-1.04684900464	-0.166705197381	-1.08690609878	1.20665007939	1.302818534	0.900057614659
G71	0.663715662102	0.0355650848961	1.67667400888	-0.993323744768	-0.323181765613	1.53991061264	0.643170555706	-1.18911252277	1.73380672622	-1.19613310397	0.318974862723	-0.114281437774	0.942552615548	-0.303220175015	-1.04081925562	1.12638015567	-0.33836488013	-1.64076211066	0.219223756545	-1.17024606928	-0.590528975312
G72	-1.65215575466	-0.867834636628	0.349048284666	0.393019018077	0.781610087929	0.411552841109	0.647673156806	0.458416515255	-0.274221544912	0.621119040548	-0.142866309485	0.948041001168	-1.05094173145	-1.92779763783	0.42191566279	0.0957177564198	2.41674081694	-1.43289836757	-0.975748206191	0.772544666623	0.00706534040119
G73	1.30167818112	0.91289532461	-1.12540846758	-0.916182027	-1.00723855557	-0.945679373112	-0.390855406616	0.854064034796	1.26672861745	0.686258321485	-0.974899862738	1.37937138939	1.13247962281	1.12986375714	-0.778560806184	0.88957016563	0.68812353503	-0.999749159488	-0.988213948253	-1.10933794751	-1.00490739542
G74	-0.588125974596	0.911539849909	-1.04178301621	-0.554007339676	-0.705356951194	-0.131615374423	-0.845488224952	0.240176533032	-0.266026471303	0.386249999666	1.05295751048	-0.58607559156	-0.267920137164	-0.53761733515	-1.08286903553	0.350753559584	-0.53956324007	-0.0438472266791	1.69436825733	3.19922533825	-0.644975129738
G75	0.43261865941	1.17395755407	0.247691652034	-1.52655184818	0.848699343671	1.44215129578	1.92872510987	-1.06094888186	0.123122467083	-0.0696855493293	-0.37701553711	-0.153483105421	-0.531471116601	0.953458712273	-1.2932816607	-1.78544152677	-1.42544950269	-0.502458883854	0.546056399097	0.36079056932	0.668515849901
G76	0.985528094401	-1.03413796228	1.4707145008	-0.440676181758	-0.638602517426	-0.685073897904	0.556251705606	1.38268645154	0.429866837252	-1.3351720987	-1.3269058203	-1.85952907907	-0.831416449544	0.437438895389	1.16008541276	0.481937954712	-0.304388330267	0.0569602145865	1.32404093023	1.08358325891	-0.913191918929
G77	1.02099030407	1.475489528	-1.07619979482	1.2912030282	0.471451317925	-0.271406281826	-1.06101917081	0.070078320151	1.07672408639	-1.50525300418	0.634436486867	-0.882420440134	-0.431025260595	1.68694982139	-0.0566076015979	-0.722261282175	-0.729561645053	-1.88829962855	0.47576877954	0.900719010199	-0.479756572973
G78	-1.73689552056	0.980214449029	-1.34673685726	0.625906798183	-1.22893887064	0.656250424744	0.95952010581	0.30269745235	0.0746179755134	0.263320400448	-1.04119304481	-1.20607388037	0.999063742254	-0.78148522124	-0.854244805574	-0.646539122915	-0.687483583908	1.65615141657	1.27407967555	1.13794476936	0.599823697461
G79	1.72795499806	-0.173108558829	-0.338127418909	-0.488299047549	0.40067823278	-0.429407276527	0.106107026317	-1.05998486884	-1.49770012674	-0.0276950100342	0.271047240449	2.76937902195	-0.212622530057	-0.837838153993	-1.19133483689	0.876031194301	0.0939786976445	0.769701872805	0.201147845512	0.55168126144	-1.51158956289
G80	1.46299718028	-0.649885089868	-0.468466876832	-0.0372379484794	-1.63607048345	0.135673468068	0.312404348888	-1.50043653102	0.0354248585638	-0.172499957511	0.344932490216	-2.10806243645	-0.223301227435	-1.14415560744	1.81485986706	-0.152260037278	1.10445641875	1.00820760972	0.315319314429	1.1992033654	0.358897274383
G81	0.0871877199974	-0.572754311972	-0.847154320018	0.113685333806	-0.205814069998	2.5458145809	-0.0436793504519	-0.09158305441	-0.884293973578	0.619700283075	1.63287863104	1.66383060179	-0.353200994693	-0.75331263919	-0.337637858852	-0.236216024505	-2.25639084765	-0.552022185396	0.213077530727	0.609873584313	-0.351988634932
G82	0.207653315345	1.22317464281	-0.928147808187	-0.644135777803	-1.8940499805	-0.727269818063	1.34308394187	0.543282440317	-1.1024515572	1.58546857483	-0.0881213090102	0.714531647309	0.937820589921	0.223686230412	-1.0410725525	0.339832926499	-1.56266922124	0.218098586613	-0.921890525347	0.0738956613703	1.49927999255
G83	-0.110364475546	-0.762948724284	0.0201476904704	-1.10938925602	2.20599144831	0.561538491058	0.293963626583	-1.02466223389	-1.37509564635	0.966341657338	0.0752082946154	-1.38380905889	1.68676138669	-0.784994042732	-1.33305079628	1.57368942783	-0.31321519504	0.295897338407	-0.0327433425366	0.105172464079	0.44556094618
G84	-0.844223676121	-0.603369391392	0.178282795738	0.275701052914	0.330039234507	-1.09328568618	-0.592504375676	-1.04109115699	-0.228282633185	-1.00580737223	1.59827693134	-0.572262846154	0.903644452816	-0.923544056177	-0.625906568228	0.67909817407	2.93987575937	0.818535163036	0.14358864642	0.611981937331	-0.948746385205
G85	-0.899171147927	1.54648713301	0.875361932698	1.39620778461	0.00285369158927	-1.05201021946	0.299030092687	-0.947050582877	1.5498184039	-1.07546240475	1.56197637219	-0.624028141852	-0.197528486956	-1.06528036309	0.701850158747	-0.404188150013	-1.07167154937	-1.07565302243	-1.05685974345	0.47392921938	1.06138902337
G86	1.07308770052	0.445592259221	-1.80740404154	0.212364295669	0.456708425821	0.549604040709	-0.04505199513	0.476955855185	-1.8628784019	-1.58513570866	-1.26762231165	1.5820198646	-0.192936850008	1.05026165896	0.719836162828	0.167110603553	1.00313024076	1.07083908299	-0.328513890868	-0.65603430572	-1.06193268534
G87	0.912013463845	-0.677488892712	0.0453274262307	-0.571603854922	-0.650072596257	-0.625672566771	0.448622275724	-0.617127567506	1.77559326991	-0.651886609309	-0.672064846471	-0.677817672354	0.0389464840155	-0.585932758743	-0.671402380027	-0.216214325771	3.18302531193	-0.563565928738	-0.0109560499763	-0.578758492515	1.36703631042
G88	-2.36658278492	-0.199092215851	-0.571987307614	1.87622944617	-0.490157063002	-0.615601861031	0.294552055643	-1.03885336899	-0.426043437505	0.728331467027	-0.119321645724	0.965634781127	0.327936607575	-0.501717855945	0.497997104889	1.47171157501	1.02582806592	-0.794911969428	0.7688351428	0.739698135345	-1.5724848715
G89	2.36177326437	2.76401626586	0.56924780567	-0.62201317326	-0.425289386511	1.62355707759	-0.76124398752	-0.622433008807	0.470566178383	-0.414466583639	-0.195735642625	-0.469843483602	0.0375104577512	-0.728054171342	-0.519761676714	-0.744693005886	-0.141145195166	-0.468035741005	-0.656607791278	-0.686784421548	-0.370563780727
G90	-1.04078923256	1.58667967979	-0.209107887221	-0.274751356051	-0.0800913560252	-1.32558984008	-1.53401315351	2.46057964365	0.0557104079838	0.506836069312	1.10427164698	0.408067917253	0.933308672496	0.208741274542	-1.15632556731	0.2267321942	-0.105960312572	-0.44570749196	0.797517850205	-0.864654928658	-1.25145423045
G91	0.255754117545	-1.53144373308	-1.08015628029	-1.79954862132	-0.973593331849	0.793269904599	-0.0647928785534	1.14263218	-0.331790475477	-0.382093138316	-1.39919459196	0.355901696899	1.33231414914	0.398326772916	1.36727390662	0.516977981155	1.20457128823	-1.21619888283	0.328443838113	1.3358525381	-0.252506439635
G92	-1.05695906711	-1.27509596732	1.04429499447	0.775338691453	1.40786551967	-1.24639395513	-1.14091352095	0.690368517964	-1.13468213799	-0.518911088198	1.05861279191	-1.0002052556	1.22237632812	-1.07133947451	1.06169802449	0.241516038605	-0.66538243094	0.739991562934	0.98677801834	-1.00152810248	0.882570512289
G93	0.997168823775	1.58511294931	0.150640678623	-0.817250694052	-0.325370184452	0.313511458975	-0.113470834932	-0.282032215599	-0.279579578945	2.14965433002	-0.834026487125	0.11000302648	-1.59247114694	-1.27124219604	0.823496776584	-0.203904260319	-0.557385987314	0.0164403750177	1.44690143699	-1.87395651028	0.557760240221
G94	0.507112695671	-0.890214073518	-1.42171630677	2.25751449505	0.560552517143	1.49276655048	0.574448423135	0.939957507785	-0.193343351354	-0.561626442506	0.769996476462	-1.80053175173	0.435365540144	0.761875900464	-1.7362786644	-0.0861513785626	-0.0324491260952	-0.209615921144	-0.88703533189	0.0331826480075	-0.513810406368
G95	0.68140123725	0.0202589948256	2.05337375132	-0.476841428642	1.71694713845	0.255341575744	-1.10679547339	0.607503171464	-0.357842869206	-0.324189201356	-1.51718619142	-0.265951273788	-0.704109349639	-1.59773222142	0.58633094636	0.306808265588	0.759402549822	1.42035547936	-1.23335334048	-1.09659018792	0.272868427093
G96	-0.791733195018	-0.715213133103	0.57878362001	0.943648674758	-0.914988342749	0.309336257752	0.590990370304	1.04614711269	-1.21264317116	1.57493783186	-1.56415534425	2.47279909567	-1.09553200953	-0.00793275895574	-0.425312289501	-0.76234169394	-1.11663165628	0.0603080831455	0.071534755751	0.291221967356	0.666775825186
G97	-0.782948142589	-1.05085794376	2.32509045555	-2.33795498924	-0.607507951905	-1.37706373161	1.17938103652	0.686673565886	-0.205356355556	1.32798082825	0.311946107782	-0.0199610882627	-0.533376378592	-0.239037449332	0.91688574895	-0.156783276447	0.271361301875	-0.825642370027	0.36491547343	0.353240687601	0.399014471472
G98	-0.99360380129	-0.365764055179	0.555461300864	0.700393846622	0.692261679455	1.73968816144	-0.944230677169	-1.13524271114	-0.881515465411	1.22942730789	1.56116164638	0.384005840935	-0.773596880968	-1.09549638634	-1.33631646074	0.586681031989	-1.29617082272	0.520968876831	0.864332863604	-0.979214563618	0.966769268566
G99	-0.710784828142	1.66176727046	0.246439497821	0.0437370692367	2.2910542317	-1.82142437603	0.713419006975	-0.635621231692	-1.43623721672	-0.580044793147	-0.484049126569	0.396540343043	1.21981534731	-0.368078277498	0.409571502161	-1.10909206887	0.843544669703	-0.166022556562	0.842024906729	-0.751988189199	-0.604571180718
G100	-0.409117410552	0.560429126831	0.172244942877	-1.82605126566	0.829463899004	0.0440059870261	-0.419349616504	0.521487541077	-1.90116886421	-0.728659079961	-0.577469594594	-0.388499815713	0.569733955024	1.25520895227	1.42489424184	-1.0760448526	-0.959952889372	0.469494355377	0.603603943654	2.16432275233	-0.328576308142
