gene	t0_rep3	t1_rep3	t2_rep3	t3_rep3	t4_rep3	t5_rep3	t6_rep3	t7_rep3	t8_rep3	t9_rep3	t10_rep3	t11_rep3	t12_rep3	t13_rep3	t14_rep3	t15_rep3	t16_rep3	t17_rep3	t18_rep3	t19_rep3	t20_rep3
G1	-1.30776831718	0.98466420004	0.996992761717	0.627478517479	-1.170611097	0.422219794659	-1.31364431822	-0.126021792226	1.23149129286	1.28348855705	-1.33328151763	0.923828399848	-0.704155102854	0.902443120793	1.38958516214	-0.789803119181	-0.763391782573	-1.10162723035	-0.750356979196	-0.550429242108	1.14889869193
G2	1.51364929989	-1.25313532701	0.260111176775	-0.424291902883	-0.0290315600873	2.00905916613	-0.639865274813	-1.6097046477	0.516667899962	0.301007178723	-0.630880099992	0.0980404367312	-0.350056794572	-0.893966774191	0.793614784716	0.657555252285	2.15353728327	-0.36790202223	0.0534049400596	-1.07931964615	-1.07849336891
G3	0.270408317901	-1.57025530265	0.159204377854	-0.826312567839	-0.95641556333	-0.943064448179	0.119419889255	0.0316144032076	2.73610877505	0.51900443725	0.401370073819	0.0162563507039	-0.392325412891	0.132729885122	0.464399609859	0.457912252082	1.77579162429	0.583167916616	-0.517601637068	-0.669875834088	-1.79153714697
G4	-1.66923786819	-0.797788058311	0.396010985488	0.0349201627097	0.665708390424	1.06134990726	0.158036396628	-0.909883036689	-0.375132328951	-1.84450180158	-0.462618318754	1.56639431695	0.930980658568	0.616638087574	0.267885707198	0.69538243776	-1.05840773729	-1.34076609172	-0.587262217848	1.64532877658	1.00696163219
G5	-0.668063724767	0.586277182644	-0.0883260911169	1.4193597205	-0.762181325511	-1.09149497058	-1.17767741721	-1.0480291339	1.2419556541	-1.26543668334	0.538843768907	0.15058046594	-1.00401117292	1.18246633923	0.851474355043	-0.898721069915	1.3107907116	-0.851606463432	0.846135966164	1.61085483005	-0.883190941501
G6	-1.34705339133	0.0548705505702	1.71676827524	-0.70258792262	0.254274748239	1.0672982467	0.0734149339585	0.202611183497	-1.42919629761	1.1955997019	0.34307162296	-0.188440144087	-0.899208170116	-1.11087091921	-1.3206576134	-0.46759108575	-1.32856796218	0.784881240195	0.398386420235	0.773702206394	1.92929437641
G7	0.94569058026	-0.227139583396	2.0710082063	-0.934691528975	1.9592261427	0.0402061705991	0.0353498702915	-0.0819383448843	-0.315184491461	0.332123947877	-0.800316048076	-1.0380285842	-1.23447021302	-0.897922179637	-0.151629924047	0.461682884075	-1.00630666789	-1.22447473597	1.25638829468	1.43728089396	-0.626854689197
G8	-0.961601369476	2.48548915807	-0.99739994416	0.631937309001	-1.54437764187	0.910269736007	-0.934896420876	1.98304089389	-0.216420757697	0.899045463554	-0.207760301114	0.471663615986	-0.472131567558	-1.0751739146	-0.739534042698	0.300758202927	0.444456073428	0.398312276813	-0.909592672941	-0.0685055958729	-0.397578500809
G9	0.0989622426136	-1.70094875705	1.96934029838	1.29070623415	1.45269188078	-0.690459085702	0.429393803608	-1.13686470643	-0.845044177699	1.79091324637	0.332688417417	-1.01732011936	0.510301728789	0.0696339406844	-1.17887326605	0.211167145406	0.117820842134	-1.06653060402	0.127505637232	-0.744399838291	-0.0206848629626
G10	0.168083487487	-0.383409044247	0.288863726913	0.494644124918	1.23114352803	0.190186147042	-0.902279017925	1.59864989147	-0.227008486193	2.72698611299	-1.67571234015	-0.232409336846	-0.256462426855	0.519087744802	0.148173120637	-1.54673319227	-0.335245172315	-1.17580081675	-0.255526042724	0.46230336967	-0.837535377677
G11	0.929456831089	-1.02694278111	1.21991792443	1.17038517795	1.00637090013	-1.02928555617	0.880772496967	0.938059613831	-1.18069972375	0.620803077105	-0.938127948743	-1.13372333865	0.876939808932	0.518954287262	0.964941085039	-1.24482382803	-0.843717599494	-1.1783843886	1.13772278506	-1.16919053536	-0.519428287877
G12	-2.317353276	-1.45754505966	0.959575688135	0.669567100957	-0.0672957314126	-1.06093656012	-0.81885908538	0.353964262	0.948984290664	-1.21167379706	-0.454034530918	-0.229531363951	0.548048857408	0.419537950888	-0.813062749685	1.32852887206	-0.317536189289	0.383212513397	0.549381722037	0.667193951738	1.91983313421
G13	-1.14384220765	0.297393396238	-0.417742208661	-0.989662915664	-0.305423835551	0.42989945442	-1.38170889312	-0.111876946565	0.0619178109039	1.17020272152	-0.900346659148	-1.517136049	1.14465283885	-1.67630754029	-0.811568177941	1.32059980866	1.41718047626	0.536724519422	1.3047043261	0.842098672662	0.730241408547
G14	1.161065521	0.835241969828	0.435479043108	-1.19089854553	-0.203704951611	0.525418610177	0.731418219984	-1.03969280676	0.575570302418	-1.34222131402	-0.993059808027	1.15931118981	-0.983997249614	0.0488407205689	1.61702444623	-1.05133670637	1.43829554704	1.16582640137	-1.12190618333	-0.805517456529	-0.961156949741
G15	0.208050735241	-0.0725877398688	-0.874668966951	0.326461337921	1.54461243763	-1.70342475596	-0.44950438537	1.15306623348	1.00008110721	0.00302966216982	-0.936813242126	-0.620506509756	0.280433959851	-0.567890605454	-0.65981648215	-1.48434537368	1.48964012942	-0.957510584376	1.65275448343	1.30062971499	-0.631691155661
G16	2.58794569297	-0.162345275709	0.990862000106	-1.09962769229	0.239639684965	-0.820345404607	-0.52897138787	1.71394779186	-0.826077940433	0.99071814479	-0.770593141975	0.218719574848	1.27980821205	-1.26544951839	-0.153487335339	-0.564359795695	-0.83760607195	-0.0747551236321	0.342580972856	-1.19215819064	-0.06844519592
G17	-1.21450255389	-0.294977485266	0.312619461168	-0.433290134134	-0.765488899659	0.0264077278028	1.47414191733	0.722312312475	0.478726306128	-2.1146275688	-0.517821900735	0.568131716445	-1.26025742881	1.120690815	0.504283501413	1.45858572417	0.905255531931	1.30931193717	-1.00012026971	-1.34709915992	0.0677184498988
G18	0.0214655255888	-0.427535701945	0.0700625273275	-0.289907396405	2.14866135473	-1.45651769705	0.931352791554	-1.48556755628	-0.559011333401	1.69571848126	-0.36751434198	-1.39110490673	1.29906915434	-0.43154434873	0.523068124996	0.421312361308	-0.677360499853	-1.05735940201	-0.274746671456	0.0114168231759	1.29604271155
G19	-0.700955225064	1.18569369711	1.41486409445	0.646727166808	1.00965402691	-0.613735401334	0.485495639164	-1.24256428586	0.262816892205	-0.439726354898	1.59684787184	-1.36141742057	0.971533598193	-1.12916301338	-0.910352423401	-1.32977413778	-1.06904657786	-0.82898968012	0.00563023249	1.24805651018	0.798404790902
G20	-0.478325585458	-1.15841234846	1.12217314965	2.29870756183	1.41632782257	-0.781013187999	-0.809861912625	-0.0349695848444	0.751928875065	0.0032844361456	-1.16398070974	0.595986666046	-0.344998375319	-1.11414343271	-1.44989817059	1.66242543804	-0.101164477613	-0.200425027129	0.0349823992711	-0.841491860717	0.592868324585
G21	0.990690719376	0.471942115137	0.293489057622	-1.13993175735	-1.75566934547	0.393295456563	0.102778655825	-1.0364791361	-0.0164795580005	0.228455491932	2.11390460354	-0.900795710223	0.332315896943	-0.78306536152	0.304165577853	1.95692374408	0.837014497128	-0.541667968093	-1.53002458569	-0.761963875975	0.441101482417
G22	-0.591111875895	1.08847276435	0.770846686821	-0.397048054491	1.08213017737	-1.28873858844	-1.48235361851	-1.53397619346	0.600184482272	0.912687891817	0.247633677689	-1.51743538121	0.342368322232	1.56907787095	0.457088645137	-0.982975314007	-0.957316516406	1.05872690751	-0.90340287407	0.720220874953	0.804920115389
G23	-0.940767183546	-1.12613514132	1.03618729448	-0.662803704376	0.760371385501	0.988875858799	-1.08955199359	-0.0127286078987	-1.05592380408	-0.741555458294	1.73786965009	-1.39127604175	-0.877756763896	-0.581079232441	0.470825098557	0.537491988692	-1.07273550809	0.880403755393	0.379348444832	1.86517739213	0.895762570797
G24	-1.66029079554	-0.548126005513	-0.472908360505	1.382014765	2.43193090836	-0.866069521551	0.226022188587	0.964397745427	-0.569641885017	1.69677417153	-0.308045074284	-1.37934982534	-0.0329967893033	-0.688431615756	0.861440628967	0.390172752622	-0.847272630907	-0.224433274307	0.369760666893	-0.823862715333	0.0989146659709
G25	-1.56006403375	1.28749561326	0.359030524719	0.154897808405	-0.472723765904	-0.43913576972	2.17091339894	0.483578796651	0.18364423592	0.0387403521627	0.651636261356	-0.228178172923	-0.498520732045	-0.319837168032	1.5901724929	-0.193614752145	-2.29064778008	-0.84058405106	-1.03400719274	-0.012734550494	0.96993848458
G26	-0.944726750717	1.03587564887	-0.462683946022	-2.05038551971	-1.44448811918	0.537877301286	-0.227253372428	-0.0825891492233	-0.384196213703	1.95356539952	0.756286635482	0.921209966816	-1.11375654781	-0.289945960057	0.134954306559	-0.23671006964	-0.357998294288	-0.916975143661	0.230525806388	1.62957463043	1.3118393911
G27	-0.117485596753	0.495973354913	-0.788890876307	0.236747091796	-0.964822186236	-1.47058188366	-0.155962180664	0.342127196794	-0.93144680486	-0.341528838213	0.0648685067486	0.684828945675	1.25211321922	-0.923251088809	-0.586495342338	0.855462318851	-1.80382650298	2.67052989539	1.07696653164	0.553248471941	-0.148574232166
G28	-0.324024340007	0.216385539533	0.0528628381547	0.0377768254095	-0.144467046941	-0.360558422918	-1.04870045371	-1.151855761	1.32400530634	1.48799699194	-2.54029521449	-0.0319320552579	0.207205332594	0.0938193785937	0.961011520424	0.277911600515	0.126932635434	1.58436794381	-0.170443679662	1.12553585326	-1.72353479201
G29	1.21710127339	0.890163995918	-1.09909748102	0.236612897467	-1.03580495142	-0.319623228009	-0.992565815366	1.49668306758	-1.10585872102	-1.12827034857	-0.896745920053	-0.616976957217	0.735897512491	0.551049853775	-0.939783804391	-1.11613800459	1.28918346041	1.48197170328	-0.686023559636	1.04192142012	0.996303606869
G30	0.0820626527405	0.562161288542	-0.278647609632	-0.175081536182	-0.485397985219	-0.0865318010492	-0.210374173131	4.24090966204	0.258122856654	0.306247251628	-0.0704337773448	-0.336592011161	-0.564827627872	-0.617130297773	-0.307853115088	-0.154762818516	0.0148709016264	-0.607479967357	-0.446626987417	-0.553798678825	-0.56883622666
G31	-0.901003938775	-0.0317947103719	-0.915260458735	2.32865839167	-1.01401368279	1.17969467351	0.759369868992	1.58241084483	1.36479492963	-1.52371157656	-0.590153659653	0.0513624333761	-0.103045186424	-0.296243839749	0.225227408156	-0.383790693845	-0.930013290623	1.15031911092	-0.942363266059	-0.442487208653	-0.567956148854
G32	1.35744330152	0.552099096843	-0.954299569749	-1.16855471077	-1.34404005822	-0.668728138082	-0.802576831286	1.23251056783	1.53854851568	-1.24657248752	0.422207992104	0.600811819079	-0.527096339368	-0.835585578349	1.28562605031	0.741582876458	-1.13266202482	-0.34420246828	1.48161776308	0.579012064664	-0.767141841123
G33	-0.407286975652	-0.952026863123	1.91782766689	-1.00908558972	-1.13177216131	-0.25675730882	1.0046572337	0.979014504644	2.21459859456	1.69666778409	-0.842785606052	-0.0724374031629	-0.403920261511	0.45120512709	-0.870113230893	0.314760881304	-1.29133256183	-0.11557996765	-0.503732257038	-0.364062859132	-0.357838746379
G34	-0.22265063889	-1.92518323109	-1.62491241643	1.05468169589	0.558076268812	0.530605867332	0.75671441795	0.370584913737	1.63130095118	-0.244204682248	0.48983706572	0.0540262400492	-0.44450959995	0.0633789119156	1.34351302656	-1.8415454101	-0.0556699211138	1.3050187161	-0.819434218972	-1.18602499517	0.20639703873
G35	-0.442130356539	-0.0262666228639	0.992522274977	-1.41645835977	-0.0764072567224	-1.47861763452	0.77509768798	-1.13564475631	-0.170547632051	-0.325888500461	1.56085313743	-1.11101084137	0.1152266244	0.475564393472	0.960004465094	0.635813807176	-1.93704814793	1.96619372119	0.829571077053	-0.225969381256	0.0351423010147
G36	0.371976308767	1.0891436394	-1.43665846636	1.70709334577	0.347272174639	-1.22766572684	-1.34085681764	-1.5294667622	1.00600631398	-0.7873808456	-0.788514120386	0.803467767281	0.634363967273	0.0653864471729	0.53482331932	0.713659105335	0.506796527606	1.09231375802	-1.16886733932	0.662444596269	-1.25533719249
G37	1.09442007591	0.042421086852	0.884222115442	0.60189176353	-1.09148366615	-1.22616755578	-0.853266152299	1.33856190925	-0.773302195456	0.800074659614	-0.965907979078	0.593726283875	-1.03592894774	-0.884883259592	1.16127630309	1.57281392546	-0.827935991118	-0.904577288433	1.09848606685	-1.39255309467	0.768111940433
G38	0.349719881804	0.311993269444	1.12302066302	-0.900653049398	-0.917055924338	-0.910447388279	0.476054824586	0.256631743982	0.974403325907	0.33647364902	-0.917916164001	-0.910203167696	0.583198403689	-0.91091031386	-0.902603168974	3.16208391722	0.506086666058	-0.193536046017	-0.915922303425	0.298039890495	-0.89845870924
G39	-1.3990896902	-1.45198666015	0.843031681713	0.802558322064	-1.43023921565	1.18176154341	-1.30260668667	0.881561339864	0.256599183926	-0.44074338909	0.916514432486	0.736407122194	-0.307836511513	1.10363772702	0.643665346364	0.84747756032	-1.38481481278	-1.30304564248	0.698808686658	0.910284355423	-0.801944692915
G40	-0.8779070577	0.917270096679	1.6933688383	-0.3146007533	-1.15739356814	-0.141037705661	-1.22376717644	-0.671958368185	1.03909534596	-0.0132329362041	-1.13713327202	2.44382945285	-0.266950517561	0.71321243042	-0.921254841809	0.0471555461184	-0.768071680686	0.933775440977	-0.204171161467	-1.00142806153	0.911199949396
G41	-1.48257055422	0.564899269686	-0.761208588604	-0.643480951889	-1.78214389301	-0.0784201860396	0.374804997739	-0.699979055879	-0.260437605563	-0.196811694641	1.70818478296	-0.722231796213	-0.22408563689	0.621001810288	0.183522502438	1.22227195801	-0.577337540649	1.45948733519	1.80003828119	0.827951988755	-1.33345542266
G42	0.307065021329	-0.0515677047804	-0.893979997257	-0.789166031857	1.11327000285	1.34599644087	1.32433834365	0.915618762101	0.405468569394	-1.28549032138	-0.122758740463	-1.13415749377	-1.14537078346	1.61416170767	0.487606946863	0.970362811422	-0.520226071795	-1.17602029138	-1.2006168024	-1.20344002856	1.03890566096
G43	1.0762945154	-1.55151207943	-0.070065443316	0.0186575728903	-0.0475946883356	-0.563798373128	0.877411776852	-0.254085507291	-1.84275427315	-1.15938816156	0.997365506042	-0.215787100919	1.60854525684	-1.23434349795	0.686986298316	1.65223940729	0.827206572274	-1.13883313951	0.562335671421	-0.768993075849	0.540112763119
G44	0.218249986543	2.26482368897	-0.908454152827	1.01514519828	1.10927209411	0.835079549015	-1.09567917787	0.772387771635	1.43629915285	0.32171976279	-1.10307475007	-1.54769088188	-0.946177344725	-0.016377034611	-0.429757502723	-0.427290562387	-0.613355600594	-0.363454544596	0.504808726167	-1.49069931132	0.464224933242
G45	0.39995415017	1.28889636458	-1.03689197924	1.02170464144	-1.13540499607	-0.968079336428	-0.676500557984	-0.977886702975	0.615705660887	0.789870427076	-1.03339994133	0.99576624815	-0.88074450682	1.19849885053	1.51473795972	1.3927460285	-1.10405163894	0.63295589495	-0.935205190398	0.0845370890355	-1.18720846486
G46	-1.07444086566	-1.03980413123	-1.04592560319	0.0918028113381	-0.633914607536	0.913506222037	-1.104363705	0.94890353474	1.09328934734	1.13686845403	0.880626254392	1.45861706286	-0.96301783923	0.943490921733	-1.11522881911	-1.06042763358	1.01120638827	0.804223631872	-1.09072907187	0.886508397717	-1.04119074993
G47	-0.78920740892	-0.731235891276	0.0137930541615	1.33722538362	-1.12523902638	1.27177804544	1.20570506272	1.12721559579	0.8915025221	-0.948737456572	-0.807429555264	-0.862436408751	-1.04169254317	1.38720979417	-1.15445416603	0.320862183314	-0.957615492116	0.935526355356	1.36992445245	-1.03815808372	-0.404536416926
G48	-0.490347693268	-0.387654597458	-0.599216242838	1.31047729314	1.43743010293	-0.558617404399	-1.14710976026	-0.140000441992	-1.38682316019	-1.09694912906	-0.414957828215	-1.43718855398	1.43435866399	1.1972575384	1.03013403014	0.625586740079	-1.31298142446	0.756295082038	0.635249362907	1.18454364264	-0.639486220138
G49	1.57474360629	-1.15024516806	0.663146861879	1.52395987924	-1.26498810349	0.203582975931	-0.356619253862	0.708323757504	-1.37288375807	-0.259067039148	1.65358493632	0.514021939752	-1.03121109547	-0.0849166631742	-0.292509555789	-1.29827903994	-0.0192295496279	-1.14221632504	-0.6951452643	1.46552516915	0.6604216899
G50	-0.61913975559	-0.996881618351	0.999359805427	0.57111544418	-0.827821791665	0.853744916181	1.42442014445	0.351831488977	0.454236289226	-0.817002478846	0.90770538829	-0.716048737296	-1.33808543424	2.12734850342	0.078954686768	-0.569258508179	-0.962999132621	-0.82551087906	-0.968555927443	1.65008539981	-0.777497803444
G51	-1.37589318642	0.215562405396	2.34806337558	-0.507433885739	-0.798782256862	-0.102799933114	0.876448103215	0.859537459008	-1.25887682861	-0.977114192389	-1.00570990955	0.716244179523	-0.262005946606	-0.113230372085	-1.34680886592	-0.0122137031166	1.96630682483	1.0041681866	-0.50630347294	0.185057822665	0.0957841965401
G52	1.22240714585	0.325938188395	1.45932459401	-0.476466709114	0.125394302837	1.60180446077	-1.44478284535	0.0386368467147	-0.308351475391	0.571977423571	1.27368224845	-0.00406473719527	0.492150865487	-1.57606580592	-0.268048292378	0.0382851686233	-0.364204946187	-1.19305778364	-2.01446421977	1.19582814575	-0.695922575515
G53	0.0428498963517	0.204331560727	-0.683473959086	1.36044368244	0.924653145381	0.422565743258	0.700656480801	-1.93593772609	1.37016928697	1.33546411576	-0.0332084471465	-0.312409387654	-0.57496294801	-0.464848939797	-0.773387182424	-2.3809233115	-0.869306452746	0.546389247588	-0.513665772485	0.553690531363	1.08091043629
G54	0.763627646216	1.58788976936	-1.81380493683	-0.469838439641	1.60333977567	-2.44586852431	0.914324366958	0.221967458552	0.749860393097	0.384044483603	-0.52839070548	-0.419212947291	0.727768541688	-0.133982853134	-0.338998663736	-0.0378350003715	0.54619810136	0.1110246386	0.713510866615	-0.973620676227	-1.16200329469
G55	-1.6390156019	1.29979754256	1.15930992547	-0.365425720497	0.6756419531	-0.86565259456	-0.646227527534	0.00678091386664	2.31888841157	-1.72390092484	-1.02581401996	0.978079523626	-0.605930421493	0.198697916007	-1.04444338991	0.327960242886	-0.260371498338	-0.35811755857	0.223634608527	1.12471460027	0.221393619724
G56	1.45078165133	-0.840169678389	-0.326863102946	1.59141386212	-0.0278405600196	0.585868554356	0.243885379513	-1.25928412605	-0.787854055599	-1.70573111079	-1.06957644051	1.56019742886	0.900753907893	-1.24155658655	0.0929050319657	-0.694505222599	1.75227597307	0.218032239895	0.237390557066	-0.658446151863	-0.0216775507498
G57	-1.17466384667	1.20127976905	0.868978552069	-0.956400905757	0.150903548842	0.501856598874	-1.15483092992	-1.35449290842	-0.323873077831	0.0313482406026	-0.141988399618	-1.1991711123	1.05006124348	1.37994898006	1.03264623066	-0.7793626519	1.29055509919	0.788794469949	-1.27853993702	-1.16964800095	1.2365990376
G58	0.871386951181	1.82521958694	-0.974918279448	0.19199716501	-0.912341348849	-0.884073774452	-0.817574174572	-0.971041832419	-1.01723564099	1.41102908865	1.69977417	-0.880927105688	1.55226207168	-0.185946198014	-0.956623156142	0.139793574659	0.891230519963	-0.423045911605	-0.584271796846	0.822552251964	-0.797246161023
G59	0.882987128639	-0.743434106679	-0.126183717619	-1.68164459606	-1.9653381895	1.00074313059	-0.579048772991	0.507617928294	1.01968437169	-0.609558030598	-0.693349153398	-0.108782414824	0.679789190029	-0.528822145386	1.09897887465	0.392695412814	-0.00418980546333	-1.55121798177	-0.127569662089	1.66140130046	1.47524123921
G60	0.847354377129	-1.27888847118	-0.486861747556	0.942452789212	1.17358353157	1.25389753434	0.877682231432	1.62563963565	-0.816543784477	-0.579345135767	-1.51748184794	-0.173903310131	0.590095291316	-1.0605708349	-1.58618990329	0.0697040811468	-1.11643513081	1.14370453009	0.855834411281	-0.735952441749	-0.0277758053693
G61	-1.12658291122	-0.347833859947	1.4916691564	-1.08519528972	-0.998389380912	-0.814442911217	1.25278425727	0.379719586659	1.09437721967	-0.956248738716	0.910788100625	-0.912225099206	-1.08056309851	1.42996423449	0.71175091796	-1.11647639322	-0.195573966436	1.46892882254	0.871486658354	-1.06359295282	0.0856556479466
G62	-1.4945375134	0.282408366511	-0.00709242599213	-0.145531792778	-1.02696844711	-0.181131137549	-0.894438454479	-0.216951636663	0.290539040906	-0.670324545459	1.63671853911	0.261219829038	-0.560599468366	0.00874287545929	-0.138025554177	-0.778686921524	0.962067700525	0.62368529356	-0.636178965271	3.23807762707	-0.552992409402
G63	2.35888711184	-0.803317779628	0.803077407054	-0.2207554881	-0.612897096616	-0.51720791014	0.150187254563	-1.20846800982	-1.68689648431	0.032304102531	0.355447143672	-0.169955523564	-0.11181326949	-0.784044269591	1.38875967284	-1.47881340507	0.447402835773	1.57313493811	-0.775549759345	0.908695144701	0.351823384603
G64	1.10808115256	-0.480118278692	-0.327031012985	0.225198268536	-0.609251136145	-1.47651880739	-0.603836546394	-0.0890089721374	0.837720487417	0.467628862472	1.31170401209	-1.16471670428	0.719835847112	-1.37705797103	1.15977342881	1.42965791482	-0.0727340347957	-2.15565762265	1.11744543186	-0.626208308332	0.605093989154
G65	0.453314365757	1.25669581931	-0.207154659868	-0.411895780375	-1.30956179493	-1.08461143437	-0.273135755722	2.13761402667	-0.137541033727	-0.233724118254	-0.147395588262	2.49783994668	0.381114535989	-0.135339799342	0.504064499027	-1.26424071508	-0.107924724757	-0.636191364188	0.76689649109	-1.10668958493	-0.942133330714
G66	1.06650449836	-0.857553757147	0.664062686468	-1.22144161781	-1.13026162181	-1.04084454322	-0.80425675128	0.872073784559	0.625048271732	-0.352056924437	1.59686142665	0.161669048861	2.33683943078	-0.578473406517	1.32068199608	-0.931857765788	-1.07713071171	-0.233352722597	-0.772731446505	0.339531299146	0.01668882617
G67	-0.639193310488	-1.36040819723	-0.565916670177	0.468005489096	0.144690308106	2.38734786696	0.746729710241	-0.353903333839	-0.286749172758	-0.040884451254	-0.843627061428	0.891891717805	0.643810614931	-0.333591624965	-0.464779457711	1.21700194826	-0.638622756868	-1.51507650588	2.03293312481	-0.883745758666	-0.605912478943
G68	-1.34934359918	0.882142203625	0.456569927994	1.3456323271	0.364550863887	0.0875371554296	-0.529504217721	-0.536929658032	1.71177896426	1.53058273949	-1.31948149709	0.250061964022	-1.39078341685	-0.510943381441	-0.453259376405	1.0363624617	-0.543453872155	-0.716915032896	-1.3456612885	1.50794150489	-0.476884772122
G69	-1.33305471852	-0.871048263715	-0.445200158422	1.21281111434	-1.35260649909	0.244071547813	-0.32874215753	-0.611422556973	-1.92598712311	0.671908477556	0.789993488949	0.0671975309432	0.996068426571	-0.811286739214	-0.813805609578	-0.134256789039	0.43764662006	0.147377345861	0.537170806282	2.30739049444	1.21577476237
G70	-0.328852133253	-0.936737642452	0.887837219629	2.30100147736	-0.671196196324	-1.35083835029	-0.099164672024	0.88721093498	-1.13206057295	-1.34594813803	-0.307048990477	0.658175718385	-0.804575356547	-0.600448745987	-0.961535918549	0.879121154516	0.900797742363	0.436438502699	-0.404901910617	0.165088509827	1.82763736775
G71	-0.280459495537	-0.0830925775139	-0.949397805821	1.01730759663	1.08943746998	0.592960973604	-0.38989506972	1.07962407346	-0.773964850507	-0.0911958505528	2.08230240282	-0.44132734152	0.200291261878	0.167989125211	0.0502125162288	1.76593836545	0.106160500281	-1.97335669335	-0.579118207145	-0.980023281777	-1.6103931121
G72	-0.224692939216	1.2041747573	-1.60155465949	0.181024933957	-0.511424396281	-1.61132470808	1.50262823671	1.05630829136	-1.05636355305	0.369180443691	0.787126783507	0.609410643214	0.392400533107	-0.223779303519	-1.40342296053	0.462104065442	-0.914660946879	-0.710421376961	0.639603885305	1.89327239335	-0.839590122942
G73	-1.01868001921	-1.30910924037	-0.32509785988	-1.21714585873	-0.687550463926	1.1176479425	1.65252916971	1.04046148996	-0.619046280454	-0.450047981575	-1.21518101501	-1.0100489013	-0.764534869402	1.02847741389	-0.985988037685	0.529773479981	0.797118185174	1.66642565957	-0.00995815544557	0.614489382437	1.16546595976
G74	0.665878350963	-1.21443364288	0.908745292951	-0.960037827928	1.86487409615	-0.208224317005	1.63270499046	1.00892746635	-0.64303255628	0.674252101696	0.838959341721	-0.0225228373371	-1.0139284424	-1.02765463263	-0.797950466181	0.309356581954	-0.589367307681	-0.272115542109	1.36870295516	-1.62393752018	-0.899196084798
G75	-0.841071231739	0.295876377144	-0.574040153875	2.28362743552	-0.507359164582	0.633861755512	-1.64004476731	-1.17868919578	0.826671371657	0.284309420567	0.597210763601	1.23405095278	-1.62033440198	0.880673740522	-0.0759261924026	0.706212230445	-1.39736478031	0.210519435156	0.850790708869	-0.786773047239	-0.182201256548
G76	-0.537404324931	-0.90420191953	1.32199200269	-0.703633372692	1.62700985922	0.0772896953716	-0.0665036903205	-1.81080781555	0.481510549239	-0.575297988297	0.000920896909379	0.281301338864	-1.19468951618	0.33640395211	2.06881077372	-1.0022419734	-1.35200701966	-0.385777404347	0.661394382592	1.30101982003	0.374911754158
G77	-0.294898981201	-0.756379781782	1.52348264175	0.767929738792	1.13334158897	-1.98594958904	-0.731592754606	-0.113421828203	0.000449204281618	-2.11311764401	-0.307863512407	0.487229567991	1.45459518136	0.129175894218	1.17104189376	0.12162847377	-1.18470870561	1.13737879524	0.326796615522	-0.729609634729	-0.0355071640725
G78	0.186768404622	-2.30361723608	1.02101836861	0.328095437541	0.116954155734	0.694155906919	-0.410827388809	0.134386897827	0.123876122209	1.54332664027	-0.342771714503	-0.155235616634	2.34832577614	0.309568428224	0.153955881952	-0.428637798351	0.746843421186	-0.801806162795	-1.71141530852	-0.517813798457	-1.03515041709
G79	2.2020812698	-0.790117316753	0.0552348640666	-1.59561160151	-1.14043355216	0.188575602091	1.60683368961	-0.139683776451	-1.06592661798	0.0530631372854	0.241737720979	-0.15277438681	0.482276317011	-0.54537219823	1.58777562319	-0.0996889493214	-0.297809038272	1.47367917784	-0.505500609064	-0.0622300856212	-1.49610926968
G80	0.551269629448	1.20445143481	0.0516279286709	-0.11805081278	-0.413024232684	-0.0390370963389	-0.567614004705	0.2476439508	-0.950828842479	-1.79402482151	-1.09964731799	1.46591609614	0.743724279911	-0.906958366764	1.33890633607	1.10649871872	1.39276177329	0.893851090912	-1.59441181399	-0.324001187453	-1.18905274208
G81	1.15201938737	-0.924121470937	1.77899036425	-1.43151012946	0.726844476126	1.06016013289	0.54476727894	-0.0246826225394	0.690079381633	1.0351256114	-0.855084472287	-0.744579598136	-0.331471327697	-1.1565300608	-0.799859498817	1.31670200436	-0.923236131036	-1.72700406566	-0.076834563146	-0.333859215887	1.02408451943
G82	-0.711455529243	-1.15219667581	0.828866757067	0.481516752198	-0.445534373923	-0.515018837913	-1.10887236526	-1.41434229509	1.47833609292	0.575597986403	-0.957059589829	-1.30058653731	0.88819267369	0.59403764384	-0.65622471246	-1.01265818046	1.14005784303	1.32966523567	-0.634497129251	1.32365757406	1.26851766767
G83	0.831278450653	-1.03429661496	-1.08073810757	1.00998225237	-1.06529291214	1.08791741737	-0.967224711727	1.11539958219	-0.899690036336	1.17931631606	-0.959034273733	0.684913474698	-1.09704977746	0.8521923267	0.787842879894	-1.04145280613	-1.12376508268	-1.11992659038	0.685706199205	1.18178291961	0.972139094361
G84	-1.3465402395	-0.162217691039	-1.15569493193	1.07874871549	0.515373787011	-1.34621814404	0.582444549394	0.220416738722	-0.60122631755	-0.495534061884	-0.816408559117	0.799521910783	-1.02799531644	1.34336137486	-0.783270179311	-1.54667388138	1.4557801823	1.4149714361	0.507583571143	-0.0621209077318	1.42569796411
G85	0.180186146995	-1.18663389172	-0.698423852558	-1.04428206896	1.82488544443	0.280078716034	-1.08712323521	-0.2827168524	1.03872771037	-0.999997140916	1.86376619987	1.33581738984	-1.48608200981	0.618327380571	-0.669926849791	-0.92527694885	-0.00219216878177	-0.0366334670698	-0.428232882978	1.32111486143	0.384617519527
G86	0.501788830839	-0.879229584335	0.826253549806	1.22481429625	-0.942442990466	-0.971947890419	-0.737099207486	1.45945085075	1.47460980807	-0.867210127776	-1.03724448431	1.60647576642	0.625010339241	-0.933635764409	-0.533406562934	-1.14883009899	0.0268202899588	-0.329757209898	1.14599516435	0.813264363284	-1.32367933795
G87	-0.722795583993	0.0615600394418	3.03826459897	-0.712489218352	-0.591592421055	1.31667160633	-0.711750729389	-0.252349053735	0.306470843813	-0.510446672596	-0.723152862218	1.28761839067	0.281330593969	-0.683284715014	-0.729233429906	0.829117603169	-0.707843746693	-0.699369073004	-0.706958243723	1.33786470105	-0.707632627742
G88	-1.16921420361	1.88044007797	-0.40544243569	1.5459140972	0.663347444027	-0.651496822043	-0.509084903548	0.228452427618	-1.71885384112	-0.310640415983	0.6350811639	-1.6160620294	0.0467794564154	-0.440574366573	0.300177673012	0.993061429102	-1.17407317834	-0.962330267541	0.703856796872	1.37165039133	0.589011506411
G89	-1.30516875138	0.233512179142	-1.22548848715	-0.792869478434	0.11130808685	-0.306535923005	2.95625149657	-1.58961795028	0.250512681952	-0.653908650499	0.0873963334282	0.597077366429	-0.423137884658	-0.0739323892028	0.858571823753	1.07700526241	1.30075643668	-0.143649799028	-1.02037647276	-0.122279544035	0.184573663219
G90	-0.681327941797	0.418040094143	0.495332048932	-1.27714800368	-0.317565251809	0.522427089052	1.33326442343	-0.313559121415	1.26161792891	0.454214832167	0.0558187775894	0.0975122087226	-1.2328500836	-2.02467666544	-0.357459453578	1.08219918007	-0.496185943748	1.68193461858	1.06949221272	-1.81258368086	0.0415027316162
G91	-1.20793234405	-0.402035146733	0.136422286111	-0.988430562753	-1.42424160436	1.03997185968	0.597924000268	-1.15944251082	0.719777966064	-0.333927271959	2.45311847626	-0.67739464366	0.577904613231	1.33165882115	0.19010224634	-1.34058615232	0.348271138502	0.220695719001	-0.147657353888	-1.04668951024	1.11248997418
G92	0.428153775516	-1.91903232491	-0.265030687587	2.03782196506	-1.47055228357	1.04551250836	-0.412979768328	-0.362737123937	0.422130171785	-0.411180957603	-0.804327926958	-0.529353862647	0.527908512814	0.779930854993	-0.787767841095	0.978389989534	-1.07138860248	0.891324793642	1.8041102755	-0.560661439658	-0.320270028436
G93	-1.32466213093	0.0185490130015	1.72047093052	-0.641362178198	1.86073672557	0.542699438974	-0.0555881081609	0.325269427629	1.18470180116	0.827175155965	0.0829237523512	-0.43507899953	-1.0045334655	1.57615862153	0.298248151933	-1.18160517611	-0.729383872491	-1.36249636852	0.372452047252	-0.855489094557	-1.21918567189
G94	-2.33046340884	0.398448487407	-0.326154900557	1.28357014681	1.01314378664	-0.241260334517	0.185001806568	-0.630588398053	-0.92446097143	0.334072171307	-1.11113346404	1.62153608738	0.180855393175	0.710363534654	-0.823907633274	0.31049910015	1.88286038982	-0.499856168045	-1.09687217544	0.738115756738	-0.673769206462
G95	0.445890854589	0.141185559756	-0.796870424042	-0.00176425796361	-0.39737903839	0.475176751252	-0.168813981843	-0.232448044228	-0.952347037905	1.60454217196	0.824313509444	0.138669890407	0.790852014067	-1.23813841708	-0.330682870281	-1.05390687775	1.04735749658	-1.34416769407	-1.24199440207	2.73455713024	-0.444032332669
G96	0.764363405105	-0.189606542634	1.27510058546	0.238448320266	0.200818318883	1.31996543427	-1.37557069104	0.404352212829	-0.455189783839	0.922854240626	0.899705506151	-1.42920947031	-0.613488523284	0.147394779801	0.899439348936	0.146894867118	-2.2813754405	-1.61689196629	-0.670809529758	0.230961202087	1.18184372613
G97	-0.292333114186	-0.142685059419	-0.156932911916	0.445318992171	-0.980107964615	2.16379762931	0.847065109203	-0.96227371852	1.44522246583	-1.05977899806	0.224977288843	-0.33018569076	-0.94949169447	-0.965456194947	0.661457025256	-1.31917851469	-1.23640969712	1.79021822022	0.16198249702	-0.389569658511	1.04436398936
G98	-1.00590941235	-0.950537650278	1.02297466791	1.40579975116	-0.889337610454	1.30265079152	-0.818698634203	1.21099753192	-0.670464853963	-1.38200042976	-0.597795663061	-0.200893383762	-0.0939791567956	0.41719609673	-0.537696624259	1.42045321583	-1.1860550435	0.140454414148	0.897721355829	1.64056127985	-1.12544064252
G99	-0.933976876527	1.12901488409	1.14600141217	1.83469552309	-1.14476319154	-1.05312269277	-1.13699415931	0.26365468443	0.627056395198	1.19291769153	-0.719766920194	0.589791376217	-1.01322410355	-1.03069861671	0.717418837815	0.0749981052786	1.36869301386	-1.0957323102	0.794474004895	-1.02705809313	-0.583378964631
G100	-0.530008558069	-0.594767328503	-1.94318650021	1.56821359386	-0.0275453612951	-0.239856127342	-0.826023662184	1.14712812415	-0.407853968347	0.114831856527	-1.23062110079	0.565170596209	0.471717672191	1.28642000681	0.335447808249	-0.846767846071	-0.626357941079	0.148594545056	2.14886723233	-1.30298750286	0.789584461371
