gene	t0_rep2	t1_rep2	t2_rep2	t3_rep2	t4_rep2	t5_rep2	t6_rep2	t7_rep2	t8_rep2	t9_rep2	t10_rep2	t11_rep2	t12_rep2	t13_rep2	t14_rep2	t15_rep2	t16_rep2	t17_rep2	t18_rep2	t19_rep2	t20_rep2
G1	-1.01318283983	0.116960381343	0.889467148669	0.909301846039	1.30645669746	0.967641479671	1.28834890652	1.14271049316	0.950225374433	0.812043187854	1.33676492739	-0.371650617148	-1.08053087196	-1.28291652528	-1.07539499025	-1.10311450898	-1.1240061865	-1.48529030983	-0.139247518828	-0.411844216018	-0.632741857923
G2	-0.362313259192	0.832232671683	0.591493407438	1.41885222112	-0.180659479052	0.893918185286	0.929901401554	-0.421532842239	0.794109459789	-0.236560113269	0.547888901265	-1.15383040549	-2.59266177265	-1.97738788665	-0.45856836271	0.607534993449	0.316154753514	0.319266966474	-1.16307205762	0.737400506945	0.557832710357
G3	-1.50901117435	1.30799302006	-0.887176893817	0.897408858831	1.56101499265	0.485144459296	0.338718000208	1.87475134699	-1.58890384926	0.0398663656338	0.208152525832	-0.620518757991	-0.154074974692	0.252184067185	-0.429257165318	0.866536970448	-0.0997063150714	-0.568213869332	0.64697199597	-2.00104538551	-0.620834217752
G4	1.6065102576	1.0322398171	-0.768684103506	-1.23044010769	-0.599684192984	-1.04616501878	-0.886679953689	-1.32658765886	-0.721961887038	-1.77104196313	-0.954728585405	-0.362198750138	0.27782904532	0.653079818512	1.51184991175	0.377511024352	0.616929289342	0.967862893741	0.840289005525	0.866461639995	0.91760951799
G5	0.571276908659	-1.64364215211	-0.908859475942	-0.794292754099	-0.837055031238	-0.592352841683	-1.17609249138	-1.34567365481	-0.989721324835	-1.09634530622	0.0657616794642	0.170902488072	0.813436081234	0.794654301936	1.51798578788	0.449653695389	0.85513851417	1.82369297518	1.1035471129	0.954121262499	0.263864224941
G6	-0.926686761914	2.10697800768	-1.35655158515	1.6209494113	-0.0471517100125	0.370857287495	0.751759207588	-0.501350351914	0.653376944489	1.23126634659	-0.371416829097	1.41731392943	0.290832723542	-0.647440638503	-1.28796254509	-0.449996699674	-0.29030610881	-1.52562741035	0.463612929364	-0.567193118742	-0.935263028223
G7	0.331035255439	-0.0902972928965	-0.500359097785	1.4858033173	1.4591218964	-0.0552196921765	1.14693585134	0.017055963264	-0.51897154574	-0.793441884561	-0.242210758716	-1.91775925557	-2.1710697897	-0.548269343572	-1.06712360366	-0.41524568467	0.157186146726	0.810325601641	1.49810297302	0.49522537025	0.919175573675
G8	-0.898395516003	-0.651764205832	-1.38962104566	-0.538915212574	2.86309668472	-0.0292015969188	1.54076366491	0.854871465752	1.7839973945	0.366234511081	0.00855442732686	0.00507181612062	-0.268844604937	-0.203390463941	-0.213300175214	0.267448367468	-0.71632552533	-0.268415807673	-0.81207729057	-0.908454638221	-0.791332249
G9	-0.190994936711	1.5976877457	-1.53959991167	-1.01870034033	-0.0713180309954	1.01687492621	-0.0121690277819	0.615646336205	-1.20985043936	-0.339979746964	-0.000240290004422	1.01593591209	-1.56031450399	-1.39720893561	1.23096125981	0.996523202125	-0.116318135278	-1.2868466353	1.1479962517	1.04117228693	0.0807430132235
G10	-0.528279111284	-0.548123822327	0.0461349232946	-0.346458577861	-0.295173101255	-0.507047505657	-0.589033173048	-1.41543383499	0.434874742607	1.71765528456	0.424517467716	0.999669384073	0.020228271071	-0.607157057607	3.36014242153	-0.114402837517	-0.978101538261	-0.291033961498	0.0259266573605	-0.0560563170308	-0.752848313876
G11	0.264123064069	-0.302681093996	-0.981843677124	-0.907733798649	1.23256910765	1.67900621053	0.672979705033	-0.301261064641	1.03933609734	1.51503195467	0.268824814808	-0.0569433368771	1.05636526827	-1.16549148929	-0.472751971949	-1.20119069184	0.365638390966	-1.07367876454	-2.19241311177	0.68470053788	-0.122586150555
G12	-1.05972509376	0.854680408778	0.739434865743	0.885896876616	1.06973944339	1.04949684476	1.31054486346	1.0537535662	0.964125718831	1.47286023168	0.872985766353	-1.18107497602	-0.941371079326	-0.69757898355	-0.927303292914	-0.764684584465	-0.877544770196	-0.914151655294	-1.35754392385	-0.692560847488	-0.859979378951
G13	0.362161656523	-0.107862612221	-0.0572551864891	-1.02279957062	-0.908899823843	-0.576038737059	-0.224806001931	-0.0978960539897	-0.561948927074	-1.11870990343	-1.02376328922	-1.06008775462	-0.712659064868	0.165918864386	-0.583947735737	-0.164410936189	0.763751738505	1.69135326059	1.51414289432	1.06270782222	2.66104936074
G14	1.38840768596	1.22819091003	1.62469966869	0.016619401693	-0.932077673083	-1.73767935123	-1.78135669954	-0.514247518483	0.208856228812	-0.846502554759	-0.1222759783	-0.692212410122	-1.33629617225	0.764074065125	0.164887580481	-0.16958133594	0.382545189263	0.0580705116769	-0.0327744888103	1.8910061461	0.437646794685
G15	-1.47030741434	-1.20102270961	0.144758532275	0.946254415776	0.912079523847	2.04768272846	0.594316300249	-0.140115558988	0.347644219562	1.03657932613	0.420449309912	0.951500314911	0.674148216276	0.507145388076	-0.720953567501	0.573002592407	-0.532397820374	-0.774717455335	-1.12329943931	-1.56369542266	-1.62905147976
G16	1.32868799493	-0.108579490269	1.26421672679	0.826180448056	0.0148027965244	0.150643023993	0.227581002916	2.35462857015	-1.64060581708	0.37211240899	0.574298515522	0.507527286144	-0.284819227573	-0.374607609575	-1.32086077652	-0.369691963149	-2.20084261034	-0.732621023336	0.111942722892	-0.0629639577544	-0.637029021312
G17	-0.160701210525	0.644413293317	0.0226407652365	0.825491907994	0.412059930251	-0.334999469861	-0.51020566774	0.165072543438	-0.0697257684215	-0.629465557246	-2.51815499284	-2.02050522987	-0.902090318253	0.367740639635	-0.104374432665	-0.850047064739	0.816771374455	0.99812885597	1.15747963659	1.04705809646	1.64341266882
G18	2.0026028137	1.18163782799	-0.86806293715	0.135032281209	-0.147702758586	0.0634172565656	-0.375269985739	1.84921607867	-0.173244552796	-0.336415980787	-1.05805632762	-2.08267838359	-1.24418868954	-0.0906980712293	-0.729735496213	0.404480764936	1.48042756326	-0.211690648418	0.86726544326	-0.0398428094165	-0.626493388504
G19	0.789327673027	-0.475756036166	-0.977786913819	-1.02208018217	-1.10980456376	-1.07157715811	-1.04703991213	-1.12476577268	-1.07759665549	-1.10306080813	-1.02781309391	0.411765691834	0.778539342768	0.77617551093	1.63455623659	1.15252719743	1.07793099587	1.23698002617	1.15254958069	0.668832204418	0.358096636635
G20	0.564471848889	-0.509774934957	-1.10731865977	-0.974143254248	-1.1419245401	-1.14475883233	-0.686995325161	-1.19874140899	-1.21862433528	-1.01074248951	-0.767942091956	1.30572294473	1.7788877541	1.25913311224	1.37889163702	0.71205694144	0.738810897251	0.571146937637	0.812439365462	0.203646019724	0.435758413827
G21	-0.551050363659	-1.77074359344	0.381347430178	0.981885420761	1.08700471619	2.02401248306	0.453642837235	1.23906391965	0.668082316183	0.636792496351	1.02465421587	0.42404761294	-1.32302860416	-1.22457635764	-0.959972190297	-1.09567835263	-0.372060166319	0.349785750099	-0.807723979232	-1.02206765981	-0.143417931334
G22	1.08167729061	0.775271670668	-0.505482473882	-0.909196288612	-0.980727038343	-0.741878501135	-0.957177566545	-0.757344651921	-0.660948835109	-0.838347055186	-0.867810380777	-0.838464067267	-0.443154566148	0.0684206680275	-0.197365947577	-0.0506375425144	0.088456614926	1.52407150413	1.58225813296	1.14721828682	2.48116074688
G23	0.276541016954	-0.309187685918	1.29517409165	0.711588621329	2.05996180392	0.433218671734	0.937927463407	0.520817428327	1.79908913132	0.453866439294	-0.743374115344	-0.0814043582208	-0.570508823282	0.229872077057	-0.712985774675	-0.763423248835	-1.88019349147	-1.60902349565	-0.725537680474	-0.479967974339	-0.84245009678
G24	1.1813812775	-0.722788750538	-0.802993811063	-0.997346257683	-1.05340523312	-0.911080281577	-1.24095637551	-0.663764796772	-1.11754685589	-1.25030067934	-0.634810037237	1.30319789161	0.840373675709	0.529290614183	2.18231653499	0.834530169048	0.157344182483	0.662320050512	1.19756882664	0.515425231964	-0.00875537591589
G25	0.526170184403	-0.493217719873	-0.129614473894	-1.3665132904	0.98068075223	0.546430404662	0.40167594857	0.0853053176237	0.658576127391	-1.09346906236	1.36614088268	-0.473645969502	0.0667687134677	-0.163645719508	1.17118834551	0.200344892508	-0.416940790049	-2.92598873238	0.363842656481	-0.854929708145	1.55084124059
G26	0.485488931021	1.00301917723	1.16656128207	0.829261186121	-0.242288845391	-0.59243422904	-0.61829139799	-0.741603938691	-0.936295334031	0.82254468977	-0.903038635203	-1.07443007248	-2.0471734735	-1.75988013164	0.541671677956	-0.438341680187	1.28300183911	0.52907165297	0.208464230056	1.32806909463	1.15662397721
G27	0.386825384142	0.408795982634	0.288918442987	1.46694023144	0.245377227937	0.40979821009	0.176468976904	-0.368999565962	-0.746054125222	-1.14941431443	-1.37360418772	-1.62642913119	-1.49722587642	-1.08381386853	-0.196243733023	-0.0748571706307	-0.259594280554	1.66445630959	0.614452602163	0.556055239987	2.15814764579
G28	-0.226276672507	-0.517257689284	-0.867904583687	-0.668731734803	0.572417208898	-0.603415156434	-1.22218055658	-0.632933028358	3.09477984944	0.386343214686	0.0721442968913	0.322763946584	1.69532380433	-0.0340120581549	-1.69213733608	0.602026662087	-0.0888008916963	0.671733673641	-0.242281523739	0.0401455295036	-0.661746954737
G29	1.49840291736	0.109741150285	-0.0666589486925	0.429599696693	0.0896871975007	1.41757806354	0.539374082883	1.24752178869	0.90726698084	0.418147916073	-0.859988163989	-2.00026276549	1.10281413693	-0.592769576553	-1.1095978605	-1.48181184959	-1.43256385824	-0.938412411622	0.45119626123	-0.49021034562	0.760945588255
G30	-0.871588207317	-0.982366086697	-1.17015191497	-0.941191786266	-1.0656402338	-1.22289554344	0.495356041902	0.165836564635	0.265270248848	0.455257376294	-0.843646716685	1.22678772149	0.684092431181	-1.17829422043	-0.17037436182	2.3053742865	1.24109616612	1.60113365464	0.0634386309688	-0.423786421674	0.366292370532
G31	-0.345743232676	-0.127609731819	-0.00769834634749	1.18831028271	2.14052859141	1.52907546714	1.5086818331	0.624472052169	0.510620587687	0.0581511464067	0.0921097135842	0.838060612284	-1.22053304062	-0.958253294909	-0.893408054498	-1.2169138614	-1.59492455029	-1.11051257303	-0.496933745455	-0.410735777767	-0.106744077681
G32	0.129495991854	0.81024570967	0.033384854704	0.284394515179	0.422488774553	1.27540233867	-0.000807471487613	0.59216006967	-0.384934156869	-1.16063528316	-1.76909000156	-1.85874001803	-1.07999716103	-0.151172509988	-1.00924427031	0.965355092755	-0.434350872397	0.955391182338	-0.814036914191	1.63088828914	1.56380184049
G33	1.4658175744	-1.70243752908	-0.700424340311	-0.842444554258	-2.00130127146	-1.59720024056	-0.498708544865	0.149716654079	-0.367069597661	-0.425330664855	1.17331021437	-0.371279155156	0.135910690542	0.501119895102	1.13701040698	0.839988449059	0.705684932754	1.07244572118	0.0460111630169	1.46387191132	-0.184691714596
G34	0.854952006966	-0.521835280268	-0.320785766207	-0.182303682671	0.153026164645	0.767932580585	1.0165240827	0.685462122413	-0.999739422412	0.535100225491	-0.587037846852	-0.287928203016	-2.50291610214	-0.960962620262	-1.54322848422	0.662386597629	-0.127232439195	0.497226603307	1.85765951279	-0.448041136745	1.45174108746
G35	-2.03448710835	0.42365181088	-0.0209322360587	1.50044333834	1.61087389422	1.06765164842	1.14055399353	0.91387819695	0.511851475807	0.819266226819	0.252372634049	-0.0730235892632	0.54985102845	-0.0521259644237	-0.793399899261	-1.62329051178	-1.36994939288	-0.698961194991	-0.434884934503	-0.791790582452	-0.897548833511
G36	2.04664460805	0.45642840624	-0.0677418237614	-0.177984771955	-0.734356559357	-0.368712059631	0.155502492812	-1.01424495625	-1.04078106274	0.133137910237	-0.611520823353	-0.457255261873	-0.757406836175	-0.361557896122	-0.555588509296	-0.75084450762	-0.818360622142	0.691871823055	-0.30428808721	2.1197323142	2.4173262229
G37	0.234767207737	0.557619097242	1.27664944968	0.499125465747	0.189807924375	0.361127886334	0.983656163638	1.19301173106	-0.558464070129	-1.30170724721	-1.03649274508	0.348435554699	-1.21930215796	-1.64745525967	-1.42755055776	-0.250816334131	-1.33230827382	0.574738805947	0.44243615532	0.0168634267467	2.09585777723
G38	-1.8571678085	-1.8089326702	-1.67793556174	-1.43040179657	-0.858046751905	-0.161557160138	0.0764631901729	0.451799739461	0.0334319188457	0.0299119706351	0.728595319484	1.25843733927	0.703494763711	1.66745302821	0.785622302372	0.668438984159	0.495061852126	0.85399643644	0.556129322796	0.277780532183	-0.792574950814
G39	1.08230355437	-0.233447634633	-0.454468433711	0.0523255466095	1.17173925393	0.0688122809729	-1.53199941072	0.439525204985	-0.944883283212	2.22631324867	0.797787307284	0.0395363195461	0.120313832463	0.392592905452	1.01405015834	-0.232217211495	-1.35433192373	0.0106143581856	-2.37754494344	0.292700948429	-0.5797220783
G40	0.443887849801	-0.866245158415	-0.984213802285	-1.4655489561	-1.03703544829	-1.22481262061	-0.591504944779	-0.8418935796	-1.20221664408	-1.05242432112	-0.593916012063	0.636286401716	1.13970359932	0.730202591687	0.704416618555	0.290091468806	0.917005098593	1.38566257555	0.683291172234	1.6387965347	1.29046757637
G41	0.808926967552	-0.794273449922	-0.967417615228	-1.12428093943	-1.0289789034	-1.20392267622	-1.00027640756	-1.23021187351	-1.00751954835	-1.04443367743	-1.00720837599	0.883406055509	0.699621814454	1.12408219638	1.07108626113	0.788838141084	1.03843371514	0.969371838817	0.977199464437	1.01554253452	1.03201447801
G42	0.554477155166	-0.496376938734	0.130300654826	0.890315330052	1.99535392091	-0.324002131452	-1.39445871654	-0.428577742266	-0.533989636834	-0.202473376387	-0.746827197247	-0.250676771941	0.972826430312	-0.549370567629	1.63707658035	-1.80343492337	-1.27216727069	-0.412454191498	-0.361942652783	1.25125539808	1.34514664766
G43	-0.138777458166	-2.83044735991	-0.542354128328	-1.28477156431	0.715766928548	-0.0440686694041	1.26224554896	0.252620877481	-0.0963259747058	-1.16917817943	0.834233266979	-0.546266025339	0.447709648401	-0.355120164668	1.78093207943	1.2086814586	0.411610239872	0.808660033219	-0.327853890075	-0.702344372477	0.315047705319
G44	-1.21088353844	-0.973649891848	-0.488226667045	0.216707551328	0.44401747804	2.51157380986	0.521276414014	-0.16865149802	0.457297395154	0.709845200709	-0.529816952917	0.574257246973	2.01486869184	-0.52591145002	-1.21305661579	-0.375317189946	-1.38363111479	-0.107962276809	-0.399981617822	0.996643119766	-1.06939809424
G45	2.41221706606	1.35512359958	0.393332267172	0.345517711611	-0.625650855654	-0.792765325639	-0.967359395779	-0.582951155468	0.773267928467	0.187500210434	0.763406066904	0.39010920762	-1.34761035638	-1.42065469513	1.39499728378	-0.560506516126	-0.330069435925	-0.544531351391	-0.733477378739	1.03205859052	-1.14195346592
G46	-0.390318635462	-0.369239380007	-0.92879513304	-0.495086228043	2.64872850436	-1.23219045122	0.76760718929	-0.0223490464002	0.215677718611	-0.558590709123	-1.00547854518	2.24287956359	0.141610162356	0.903581869253	-0.0275939473506	-0.653781484797	0.676915392637	-1.11197685249	-0.472504870472	-0.81374143826	0.484646321752
G47	1.40729211441	-0.544855984562	-0.716032696469	-1.68261245806	-0.748105694121	-0.656864760976	-1.17667823879	0.195703332945	-0.866791584938	-0.364107202571	2.8387103642	-0.196537639472	0.992654734234	0.370686510507	1.08611975172	0.426257019966	-0.281257022582	-0.114090954565	-0.413669038275	0.976393396282	-0.532213948883
G48	-1.66640776406	0.64588028957	-0.62945342993	-0.508227064349	-0.762656938084	-0.788695260612	-0.351671650152	1.2637998021	0.946809943759	-0.730925161452	1.42594665459	0.69085711963	-0.432883526431	0.433689821502	0.800373526917	0.581296991278	-1.40208964303	2.28391423977	-0.240552137187	-0.291472602995	-1.26753321084
G49	0.509543200519	-0.620813857462	0.832346347024	1.49876965011	0.413803739821	-0.197200529979	0.802861307232	0.429320115838	0.633428873841	0.570334365433	2.20857095344	-1.54016894992	-0.623788717411	-2.00876687025	0.358003386131	-0.682548510003	-1.29377988975	-0.982873379215	0.000242130448212	-0.743127986014	0.435844620174
G50	1.76753754737	0.0948778733066	1.34162445752	-0.553612713567	1.01091340972	-0.969471729591	-1.15136591305	-1.3668646943	-1.66410296397	1.01260258452	0.25459810671	0.037922364213	-0.936034731097	1.4852815237	0.584457976121	0.670278224623	0.467897382755	-0.660445015977	0.531061597866	-1.07414030643	-0.883014980443
G51	-0.0258889768325	-0.28889620436	1.2366207784	0.428374404281	2.61714858125	0.984166853505	-0.688420442494	-0.790049120407	0.0187913550214	-0.336443875477	-0.559299459589	-1.14699372623	-0.999800679487	-1.3706212863	-1.19154065211	-0.867300078343	-0.179795012648	1.25305105927	1.03228905972	0.908625270898	-0.0340178480683
G52	0.721733880691	0.0563889289744	-0.441917957036	-1.21679997266	-0.105530910657	1.91206739293	-0.623424824773	-0.873141104635	0.551411963579	0.69692171042	-1.68970359515	-1.02394319804	0.668016181187	2.12734752685	-0.452010836147	1.38413863987	0.257339251777	-0.384800325797	-0.190138196593	-1.3948656696	0.0209111148121
G53	-0.826903528541	-0.587919362818	0.0219164052751	-0.797522887355	-1.24765634534	0.0690024431998	0.583308291802	0.957325125349	-0.0235188485209	0.100800304003	1.24993029697	0.250474469005	-0.00414424372309	-0.909474055664	2.43356278367	0.166811402833	-0.0836969311102	-0.408197610364	-0.592742747695	1.76290962261	-2.11426458358
G54	0.613739620474	0.676535019229	0.145445505333	-0.500288777306	-0.605082380686	-0.791487271494	-0.98575746299	-1.29868648816	-1.25574452562	-1.1143169621	-1.01120570981	-0.311339843397	-0.296523039374	0.0513054895134	-0.685326554322	0.0209554330773	0.694934716519	1.75445897737	1.83935029579	1.28309325258	1.77594070537
G55	-1.31638415666	0.81038426973	-0.025272743981	-0.902202527859	-0.547717673023	-0.346439217082	-0.222086236603	0.592476103472	-1.43194791313	-1.33743192942	-0.168517396986	2.1177434856	0.202117439215	-0.595439983541	-0.299616063342	2.02017224488	-0.970972611137	1.00437432967	0.735385750226	1.15685309498	-0.475478265005
G56	1.4301423174	1.42479588027	0.591017218194	1.09521004138	0.564723957369	1.03924520618	1.07660820238	1.25802491985	0.404637323027	0.352228034872	0.237729438535	-0.474341638797	-1.00659046028	-1.31103537598	-1.6985791271	-1.55951417681	-0.929627614815	-0.516262798966	-0.670460418546	-0.954793491458	-0.353157436718
G57	-0.373754756706	1.12576610056	2.08028571642	0.355164732434	0.706537362031	1.46905499319	0.927437559616	1.05744776136	0.0546162613862	-0.587354538848	-1.17689572426	-0.680269879524	0.104268966129	-1.46588843863	-0.973359153739	-1.42525451681	-0.239217521122	-0.854131972581	-0.613920429554	-0.713726882535	1.22319436118
G58	-1.0961159645	0.478727781219	0.310691310984	0.579178990494	0.426034814261	0.526807235452	1.56330691828	1.69787623383	1.71225402025	1.42592202396	0.736130807082	-0.472744549418	-0.951117210764	-1.10646438907	-0.967561555256	-0.76405106651	-1.05788179759	-0.729986969324	-0.889922077104	-0.20130200455	-1.21978255173
G59	-0.382859752688	-0.868306529498	-0.595033637925	-0.387411191065	-0.403117984994	1.10222416612	0.076162470228	-0.858317355082	-0.830382318955	-0.684280924939	-0.10364933316	0.515486227784	1.02282389049	2.21831726701	2.75761273544	0.564179288132	-0.509755809368	-0.522761505656	-0.557793586982	-1.00123118733	-0.551904927569
G60	-0.464207989371	0.240365648975	-0.339821802106	-0.473917887026	0.206308085721	-1.07600284261	1.06059758594	-1.9484514071	0.747853644365	-0.822417651656	-0.72567355955	0.806539215723	1.73136969638	-0.337911259827	1.3680717366	-1.22075518371	-1.42906587023	0.99594703907	0.829875703728	1.22980778506	-0.378510688372
G61	0.369146509491	0.507986023098	0.692661949981	1.90851432739	0.150597705326	2.91909385437	-0.280714551272	-0.420920050704	0.463979852269	-0.679403852257	0.817618405028	0.133813042887	-0.972314067832	-0.998723127137	-0.778852977205	-0.920433390476	-0.617148825032	0.365584232729	-0.789021982799	-0.802467568774	-1.06899550908
G62	1.06698130495	-0.118187232443	0.838953233229	0.246858707836	-1.07238154599	-0.905894463906	-1.32050704185	-0.729781746427	-1.37086855085	-1.31565576264	-1.36132753079	-1.09550460939	-0.0242436976601	0.407184255064	1.03881978296	0.871112188773	0.206863859439	0.567091853818	0.976965972998	1.72579374003	1.36772728285
G63	-1.51311617261	-1.44607116223	-1.84389538633	-1.925271101	-1.40759017803	-0.691814657118	0.388278905318	0.335961321808	0.416599475515	0.826417779802	0.711797044432	-0.164845888505	0.486487387773	0.421549378238	1.05364022583	0.783316665066	0.207594176506	1.37690660933	0.740408655187	0.632365657754	0.611281263257
G64	0.426103455176	1.83291112158	-0.368641498475	0.268675430945	0.932130240386	1.76711861915	0.182035087194	0.122091113397	-0.243956783723	-0.521608951791	-1.3768940305	-1.99841616649	-1.93713934912	-0.990999532231	-0.596750649185	0.014048112661	0.417896960005	1.17249401972	0.4739838627	0.344482172273	0.0804367663467
G65	0.0457003283763	1.01759817082	1.73113284082	0.113155489765	1.70573449341	0.00502263961764	0.641693847032	-0.609484984621	0.222548743269	-0.808313207749	-0.891397370775	-2.24465261115	-1.40250312986	-0.486134593545	-0.638514920026	-0.920607828467	1.42584688426	0.715764906304	0.182965572523	-0.480587192443	0.675031922431
G66	0.952905084395	-2.37208336024	0.378611564773	-0.327316891154	-0.942892073492	-0.313205124793	-0.655230360772	-0.130155581427	1.52056987071	0.722729835158	0.129947053937	1.63077770348	1.54254435892	-0.583554611135	-0.859892105961	-0.500636909506	1.32841412475	0.478071040961	-0.48337056219	-0.454710387369	-1.06152266905
G67	-0.870392408048	0.38562943819	0.719784187156	-1.12942430863	0.51342199735	0.748169452868	-1.06625728185	1.52821486772	-0.159066805833	-0.460316883877	-1.15005267915	-0.506491993538	1.6981209582	-0.563216742277	0.309505911087	-0.754405241655	-1.87165322433	-0.39647619756	0.174577793196	0.891652392775	1.95867676821
G68	0.587672859651	0.321150742913	0.588109401777	-1.79010898575	0.343714185326	-1.02556593694	-0.515111443598	-1.00341273894	-0.537869489127	0.447437646355	2.87517463769	-0.927833096172	0.259703494031	1.60754045669	0.262575204884	-0.783963538189	0.303084210352	-0.285080040952	-0.0415421301212	-1.11644033275	0.430764892871
G69	0.68092435324	-0.925995057069	-0.811067892151	-1.00995296842	-1.11263744778	-1.07119707266	-1.05229341797	-0.94792731233	-0.884730374249	-1.04411326822	-1.01664112802	0.617636083052	1.68958011358	1.54445409188	1.45820241996	0.365620121898	1.10008155716	0.308548709748	0.824619040461	0.707865233391	0.579024214501
G70	0.884998932805	-0.700590630082	-0.702687678117	-0.625169046958	-0.707689811045	-0.931213006791	-1.03465134406	-0.692721890206	-0.943761626801	-1.00319562353	-0.931621834963	-0.577764217976	-0.137677524895	2.26633794095	0.685139673604	-0.113378702248	1.73891112109	0.532040737796	0.457210753086	0.793700387377	1.74378339096
G71	0.134875461162	1.56849845472	-0.848233292519	-1.33117537331	1.15400337438	0.138847498805	0.35779626153	-0.0678633060429	-0.0826092995457	1.08432786821	-0.443939127031	-1.66038154261	1.44353430404	0.706291540505	0.653875950877	-1.73131302906	0.503378113542	0.441356237223	-0.186985185949	-1.97469649568	0.140411586751
G72	0.715190812824	-0.311544368262	-0.978833112055	-0.901268370737	-1.16710391424	-1.07366618868	-1.1126413533	-0.964256965402	-1.14311280365	-1.23177108623	-1.20755216322	0.63875897651	1.10178310093	0.492721210459	0.749024035637	0.95179940828	0.745914703968	1.6086595768	1.05814239954	0.995202291978	1.03455380887
G73	1.56438878168	0.795740330781	-0.0122807198682	-0.919873244559	-0.91393668155	-0.84410719497	-1.08132457249	-1.13382861776	-1.3340596137	-1.01996157152	-1.26775028196	-0.841458927541	0.246972947687	0.290069786719	0.241218732321	1.07840453749	0.517638437951	0.795175173847	1.95465500434	1.13284798882	0.75146970427
G74	0.46455947721	-0.861773003486	-1.14069463368	-1.06543622442	-1.07531822932	-1.0920553647	-1.03771965074	-0.161661540254	-1.09710866266	-0.958964767641	-0.828012889621	0.989188788252	1.06370196367	1.37553638706	0.239595839713	1.18432775908	0.443509173372	1.93774896366	0.980746207615	-0.298233298129	0.938063705023
G75	1.21211785895	-0.397483811826	-1.00652560909	-1.34516179766	-1.27154690158	-1.25271064093	-1.03385484716	-1.15008575091	-0.797236854714	-0.634092958186	-0.792882370069	-0.181731519041	0.79888412185	1.10918777904	1.14538079286	0.63593262764	0.919302171833	0.757588392151	0.740674680336	1.76412748099	0.780117155523
G76	-1.03788070818	0.837810478077	0.885631203581	0.772445491592	0.857116609679	1.69220744042	1.02631409123	1.06575283443	1.37347567035	0.296876217327	1.21906659738	-0.326351739063	-0.967565113397	-0.959101103474	-1.06975360946	-0.969396604103	-1.13509102364	-0.952243869927	-1.08905629453	-0.824567530311	-0.695689037971
G77	-1.36121632497	-1.40627536266	0.0940650551429	1.30861538794	-1.16173490487	1.17732856696	-0.835720452646	-1.39306431801	0.487171382398	-1.0800319357	0.0972661446894	-0.369413979133	-0.0488459358488	-0.403135919615	1.45128942995	0.296146078921	0.579893618177	1.40436555824	1.58143365563	0.587147902246	-1.00528364685
G78	1.36395996252	-0.541854407266	-0.205249673973	0.184249205458	-0.927699503975	-0.672933862429	-0.352433762305	-1.91379015262	-0.0270973903944	-1.01318695418	-1.37898072487	0.249217758276	-0.253979071931	-0.4472314154	-0.672123477722	0.950182087442	0.511958149463	1.40255250009	0.167594552146	1.33825113147	2.23859505019
G79	0.283897759872	-0.254298135837	-0.995476025077	-1.1036846517	-1.04176653574	-0.832434268567	-1.1599209916	-1.00894212457	-1.30263661155	-1.15047132001	-1.15879896782	0.688170094263	1.44023624016	0.646115518166	1.06683180498	0.880701937436	1.04944179694	1.06418502616	0.60096517233	0.986618442716	1.30126583945
G80	1.53705148346	1.76958440347	1.79117898777	1.34741251543	1.06297082647	1.47633184845	0.430607491493	-0.521786502563	-0.518055783884	-0.798676419737	-1.04578950241	-0.84969022597	-0.874786433396	-0.655450721176	-0.72655602136	-0.675704258325	-0.578050880915	-0.856304196028	-0.58502991381	-0.627540177293	-0.101716519682
G81	-1.13364731779	2.2137262988	-0.601178986585	1.19845100546	-0.543791395319	1.67109738221	0.157231378454	-0.531417916178	-0.631730964767	-1.19535806438	-0.591758433199	-0.968820043699	-0.659949411376	-1.69554227437	0.723746583503	-0.580544517587	0.367231214341	1.05137909776	0.705649109864	0.678683856136	0.366543398708
G82	0.843530687022	-0.172166783675	1.47419043149	0.134382519258	-0.690577858159	-0.863463296638	-1.32973614483	-1.52253892151	-1.88876100735	-0.610919824167	-0.276503603266	-0.567851740142	-0.832842134137	-0.294741984184	1.12909679685	1.23866856752	0.327323008164	1.15970475407	1.48270406544	1.06878261453	0.191719853723
G83	-0.177112518899	0.608887758179	0.454026565743	0.136782134331	0.259401711771	0.716323668445	-1.33422908788	-0.686572905019	-1.10491010274	0.115588057869	-0.0209415731644	-0.692664317128	1.87592016994	0.223328040262	2.01814367616	-0.848156085367	-0.216382686329	-1.85959593557	1.40962681002	-1.32994092318	0.452477542574
G84	-0.9934730927	0.0139458416646	0.793993226405	0.766560746943	1.95177951834	1.46367527338	1.0882156872	0.604443559942	0.641521240312	1.21767625753	1.1861247468	-0.416850949058	-0.662402035456	-0.858290543569	-0.946711817468	-1.09135847603	-0.989995880351	-0.902114041492	-0.852176306544	-1.06374746468	-0.950815491151
G85	-0.0596300012957	-0.559944865981	-0.816088323156	-1.09981787504	-1.07971138552	-0.846624239054	-1.00603328971	-1.18192634023	-1.07996718902	-0.728146534998	-0.796777109444	0.866713611314	2.4268608325	0.912604424912	0.921194741156	1.0567070635	0.241741075217	1.14736627621	0.871753330388	0.780849460301	0.0288763379431
G86	0.833740883753	-0.556625291509	-0.831460063045	-0.636720075719	-1.25540059006	-1.49396195592	-1.20654096619	-0.772538653945	-0.724250091124	-1.33208453038	-0.824412074965	0.509651892515	0.314957655431	0.823331886868	0.35832888427	1.57574852648	1.86951409433	0.997846182656	0.685656339023	1.01089480508	0.65432314245
G87	-2.11800664036	-1.1037649601	-0.27116611037	0.344931613385	0.893456296538	0.42769599024	0.450217789508	0.811229463193	1.46323560293	0.682098264584	0.956841592961	0.181188217454	0.149048720278	0.334521612008	0.82103670251	0.700755355299	-0.0566699452612	-0.0641140312142	-0.601289667789	-1.87132104512	-2.12992482068
G88	-2.00933568521	1.02739151837	-0.318341361989	0.245838151549	1.92360457255	1.567393412	0.472011363732	0.224682991842	0.390716255807	0.429756710365	0.0643338498255	0.908503273123	0.681897102794	-0.824471496644	0.659381217485	-1.4323612276	-0.495454231086	-1.45496370454	-0.274080669211	-0.401494066531	-1.38500797664
G89	-0.963257254082	-0.994532159364	-0.868262865455	-0.965261409828	-0.930878018082	-0.869367694967	-0.954586212895	-0.80763540836	-0.833848548459	-0.880231436168	-0.707588232848	-0.296997673178	0.394253001638	0.984044414104	1.487364836	1.17517193888	1.183406535	1.35180649469	1.07952812	0.961779231379	1.45509234199
G90	0.552644543985	0.461280668254	0.680820351488	0.406006511247	0.294223108249	-0.553543800577	-1.33969887122	-1.7527685372	-1.67911763428	-1.81405372226	-1.71665483193	-0.285367255256	0.858582452121	0.979733254921	0.426690326621	0.449781082706	0.735016422351	0.997030170213	0.540878925853	0.86434314787	0.894173686838
G91	1.1615723495	-0.0557364404628	0.150381643137	0.362422374801	1.68464028498	-0.574167622267	0.8330408869	-0.288779543083	-0.723132751345	-0.914376581194	1.84172486971	0.854868558917	0.225615882293	-0.622536770903	0.134974881857	0.972922567589	-1.97061639728	-1.91255766629	-1.05640883892	-0.0291110639438	-0.0747406239988
G92	0.766064417835	0.128351533353	-1.05608295948	-0.934285989148	-1.0697189367	-1.43397868771	-0.964733970402	-1.0902049403	-1.20180280309	-1.22719991787	-0.935378300196	0.230859249194	1.14286178064	1.02262330861	0.974801275054	0.811452086124	0.553189391926	1.42662804581	1.17273762299	1.08194563687	0.601872156498
G93	-1.27796363909	-1.03297118325	-0.772728149409	0.431642592816	-0.681327034302	-0.606094571442	-0.845432806479	-0.477412197942	-0.794948027539	-0.337905232779	0.111954251295	0.195334623124	2.25617559248	2.52074846298	1.38415393194	0.852495893156	-0.300366541404	0.297467281828	0.205765311308	-0.575971810917	-0.552616746383
G94	0.994309919545	0.490255847887	1.05628666392	0.79980627599	1.36931695911	1.32930707445	1.32201913494	0.606811359308	0.360226744001	-0.0614128042522	-0.799910437873	-0.852337424557	-1.51382638203	-1.61966687958	-1.41746185957	-0.878355966471	-1.03477761371	-0.753559066316	-0.714459379019	0.508581918137	0.808845916084
G95	-0.243669625526	0.104387481095	0.111715092964	-0.831806307536	-1.29244967451	-1.4400025499	-1.03131435796	-0.809934901548	-0.973957074902	-0.152660596962	-0.0671628774472	0.282636988445	1.44661743669	2.8309009312	1.58836037164	0.354165890685	-0.0451844990232	0.306959846092	-0.644118711297	0.647566768261	-0.141049630466
G96	-0.631765527647	0.744236395762	0.35847475125	-0.560826999082	-0.678212303061	1.08839591827	0.892703927346	0.970305672909	0.410533283259	1.97496220136	-0.449362938155	-0.777255905308	-1.06044791809	-1.8734661992	-1.74517877181	-0.247113537573	-0.970666425541	1.3722981628	0.824687003852	0.0460389133258	0.311660295342
G97	-0.706377937178	0.734322525007	0.576661477302	0.124981480743	0.814245485381	0.539347347639	0.189907228949	-1.46098131872	-0.481183757933	-1.09172635549	-0.58531414732	1.48889418655	-0.626862261501	2.56690191744	0.185696082825	-0.245988899644	-1.68470495914	-0.939749530333	-0.819779445795	0.598045827037	0.823665054173
G98	0.129517229516	-0.124129779304	1.55113323783	1.16870137508	0.7225029406	0.224041557165	-0.813691008061	-0.715877912156	-0.575157393449	-1.38097627722	0.748316440244	-1.00396714715	-1.13547548075	-0.23177889666	-0.243985092409	-0.276771830577	-1.04092894533	0.159570393578	-1.09013529812	2.23648508549	1.69260680169
G99	-0.408333144589	0.0610370544218	-0.744543421472	-0.809817416691	-0.728981168005	2.78824604619	-0.194980845308	0.916815212848	-0.473303426821	0.346405777239	-0.886596059867	-0.130204939388	-0.110585080412	0.24587677846	-0.95178501545	1.75783292009	0.651564438306	0.667576186993	0.0173509783362	0.0706586818578	-2.08423355674
G100	-0.134004216385	-1.7103833157	0.505692005107	0.263219477015	-0.507370108515	-1.83737956801	0.290266886388	-0.413590177959	0.809081244735	-0.0258574185604	1.25286646595	0.265574360653	-0.558995804506	1.98814837497	-1.59039329658	-0.0878581035464	-1.34690559814	0.361924671366	0.196251986737	1.42529873112	0.854413403858
