gene	t0_rep8	t1_rep8	t2_rep8	t3_rep8	t4_rep8	t5_rep8	t6_rep8	t7_rep8	t8_rep8	t9_rep8	t10_rep8	t11_rep8	t12_rep8	t13_rep8	t14_rep8	t15_rep8	t16_rep8	t17_rep8	t18_rep8	t19_rep8	t20_rep8
G1	-1.06563942028	-1.15777659029	-0.793710186519	-1.75632747674	-0.624358874084	0.156764996028	3.01199287384	1.24753125074	0.458601420458	0.810278192311	-0.312031000605	0.0339720981905	0.246631205705	-0.0693841824846	0.528781997624	0.784863715678	0.422368941715	-0.687335899465	-0.388262501625	0.159434082696	-1.0063946429
G2	3.35043279683	0.0838962344018	0.192728586225	-0.723137034306	-0.76413324993	-0.638800776919	-0.759756725014	-0.717381178078	0.751762233326	0.131851332061	-0.811466092862	-0.847909478063	-0.777490984745	0.179775316983	1.64830684457	0.449139017564	0.48472161706	0.44106007702	-0.889631657536	-0.191970028081	-0.591996850506
G3	-0.768995718564	-1.67494351312	-1.08187704728	-0.119562521127	-0.928431459954	-0.199744038306	-1.21324672147	-0.599158444757	-0.579300109172	0.994414336634	-0.325814669086	-1.09433289027	-0.0893026531257	0.609619456771	0.654262669049	-0.0203928971484	2.19704357248	0.922554679433	0.597016197972	0.852600331889	1.86759143915
G4	-1.56504005558	0.268878137131	-0.644526266552	0.63533290379	1.01910282711	-0.0708059730203	-1.75747169311	0.399343935304	-1.71609760016	0.236269918048	1.46706861147	0.877687917066	-0.29878107184	-0.414004056725	-0.872471908985	1.48785095802	-0.398218899392	0.0623212962462	1.66592867202	-0.965013476803	0.582645825962
G5	-0.743001532931	-0.815502322369	0.42482317143	1.3834968346	1.01344417056	0.691577384873	1.04693642851	0.987036620394	1.60929618664	1.24713836513	1.06883849245	0.14786911907	-0.354431980994	-0.210513089936	-1.04251060613	-1.11631480122	-0.481628152542	-0.855761588203	-1.35277632913	-1.32136249737	-1.32665387282
G6	1.22946526547	-0.171109106883	-0.629729326132	-0.828498810886	-0.923538867549	-1.28378833106	-0.844667297003	-1.18740565999	-1.26659724599	-1.25629963826	-1.17459597629	0.157719009345	0.764072141274	0.292917832367	0.894242279547	0.934923224096	1.44530888914	1.14129058281	0.13115500709	1.50773094017	1.06740508873
G7	0.778677275791	-0.893528546878	-0.962055851011	-0.285789210717	-1.19446683718	-1.5628723954	-0.709441668533	-0.688115927731	-1.41628527475	-0.906353161889	-1.14256673496	0.601020936533	1.29831900782	0.754528244438	0.699580863674	0.640208417738	1.03120290488	0.896539238238	1.42202809876	0.16372604707	1.47564457411
G8	-0.232474601049	0.672517413598	0.71353853059	1.77524958146	0.862338842425	-0.741428590271	-1.27206943816	-1.1301653659	-0.0517271716655	0.255810587978	-1.79051792924	0.588890549467	-0.376120438566	-0.847612089113	-0.835052345983	0.931469439154	1.33109944046	-0.683115971414	-0.844239217126	1.89671723644	-0.223108463088
G9	-0.961893195314	0.296510329081	0.020837289984	-0.22770248501	2.06201592721	-1.5422225704	0.126548262484	-0.463176506588	-1.36489998085	0.127229853511	0.520748825934	1.78133245141	1.57247843774	1.01865354666	-0.278702987448	0.0622229030195	0.165265273363	0.224494378368	-0.349458077278	-1.5762922197	-1.21398945618
G10	-0.744132186971	0.558522451445	1.27030442892	0.647920610245	0.525740713785	1.49855642219	0.865091543783	1.44239627238	0.752800972882	1.24257528224	0.781210002612	-1.00342872622	-1.66669600685	-0.599901330631	-1.03070677178	-0.859173311367	-0.45975235772	-0.740114931208	-1.13472500135	-1.42506479402	0.0785767176367
G11	-0.81728574768	-0.471848309148	-0.722372289285	-0.552212038183	0.226004647071	1.43257372938	-0.4587849203	-1.1063596741	0.507228636587	0.948623510779	-1.48978244255	-0.0439012776828	0.365479366134	1.76119171295	-0.549840971176	-0.268158532476	-0.454118390186	0.0288280659961	-0.763494376777	2.79817642068	-0.369947120035
G12	0.547226594335	0.592052120969	0.694369693312	-0.702892774523	-0.136492323057	0.346697365286	1.62798663124	-0.912622945311	0.664473091402	-0.496019213806	1.29208028888	-2.08513958593	-1.10344929597	-1.38706564933	-1.03241234204	-0.207005196065	-0.592961266035	0.0981040109768	-0.0714601554174	1.83695097956	1.02757997152
G13	1.49122567353	-0.489639180483	-0.874389420528	-0.728882941004	-1.19337885506	-0.83282901597	-1.24865458901	-0.854585034076	-0.833860003084	-0.857058055453	-1.09676508633	0.0444197252233	-0.160411471138	0.253580393614	0.159378157645	0.947411136491	1.98013256597	1.66081799988	1.03645422534	1.07866152378	0.51837225066
G14	2.21048256513	1.52400856894	0.714937659136	0.467186593799	-0.730649882566	-2.25334377831	0.26542476467	0.453436497854	-0.322220036821	-0.985203018807	-0.668652822364	1.38503134421	-0.787009464244	-0.816654877871	-0.744559615848	-0.954379329599	0.72373899764	0.635155479255	-0.121235109398	-0.140920673562	0.145426138753
G15	-0.00358372516717	0.597440105489	-0.0969032424314	-0.60590111916	0.799737688474	-0.049341562843	0.658000309921	0.43354634541	0.491435091415	-0.133952039875	-1.26185493769	-1.51999443497	-1.56561791358	-1.63319623512	-1.57571199566	-0.207189165006	0.432012650978	1.52506223565	1.34711508913	1.00528132929	1.36361552577
G16	-1.19911338523	-0.927105845735	-0.969510693745	-0.401413589776	-0.527756566468	-0.200651150043	1.66050348014	0.33478761784	1.08302375467	0.962130285952	1.74847537289	0.488217757154	0.534449537899	1.13784622517	0.752382296642	0.500859907778	-0.213919324923	-0.380914060497	-1.50300281376	-1.32362474325	-1.55566406271
G17	-1.75081977465	-0.326855775875	0.197059045064	-0.467642027835	-0.393671895922	-0.839121060416	-0.434673087055	1.3651981152	-1.20089324655	-0.828616535702	0.112351952386	0.908304116517	0.0253403090885	2.63493419084	0.530826649029	0.772247145798	1.04449843581	0.560348668825	-1.35858261792	0.208785179705	-0.759017786339
G18	2.2494854359	0.38897952398	-0.595461002677	-0.926997728543	-1.08099199633	-0.438497426218	-1.04344180437	-1.0022923663	-1.32148379823	-0.962094772029	-1.30528580317	-0.254603792646	0.112100278096	0.998610969747	0.0488734287901	0.483940975332	0.6022443379	1.10940410892	0.199776285494	1.20680853354	1.53092661282
G19	0.627817584282	0.744889927204	1.07459575621	0.136836122893	0.0706031279686	0.187118280866	1.03322388791	0.298155868983	-0.16036672848	-1.02206211877	-2.36820335543	-2.38635852027	-1.39419922365	-0.758123036767	0.405967727278	0.456207807564	0.520893429461	0.374942898091	0.17133711201	0.967344481299	1.01937897136
G20	0.0400795931252	1.78708487707	0.270976207541	1.62327904679	1.41420424991	-0.161410323342	0.387438391713	0.12836936435	0.0288643790671	0.941302456075	1.20162709825	-1.00448670245	-1.46352980779	-0.494426957737	-0.823609914295	-0.699281296222	-1.14356132912	-0.427687404472	-1.38759852843	-1.24248187761	1.02484847757
G21	0.528462375678	0.118109206945	0.110703131289	-1.10580237735	-0.353777305047	-0.870460449564	0.608941421971	2.93584042563	0.248963789339	-0.907639227605	-0.0331240636923	1.65363401372	0.92590476506	-1.04615649358	0.309300659511	-0.671445547009	-0.59124011278	-1.32446942765	-0.090610421756	0.573732032447	-1.01886639556
G22	0.770200369747	-1.06246858501	-0.999516041291	-1.02543772958	-1.07877551262	-1.21121706238	-1.04003772286	-1.15932267911	-1.12273074965	-0.737031598401	-0.869769792311	1.03800874755	0.883420899267	0.988056645268	0.531096676717	0.913179722253	0.756852277459	0.952136751294	0.904990911706	1.10545211694	1.46291235502
G23	0.724568832418	0.905842180338	0.974570353666	-0.000100751970959	-1.06208070324	-0.759236967514	-1.26255323549	-1.14498987101	-0.866403099456	-1.02736160495	-1.65183743375	-1.54252825176	0.3666301485	0.219796173072	0.554589007804	1.0265954573	0.370034885197	1.53633438527	0.24515711306	0.867571667792	1.52540171473
G24	0.946628863491	-0.679579340092	-1.10997841344	-1.09254530018	-1.14999935891	-1.20328183138	-1.18654301072	-1.1455021548	-1.00681944915	-0.880141098562	-0.812534131729	0.726218768447	1.11719700195	0.788477260257	1.1044705467	1.20911676828	1.36784425763	0.950862792566	0.677686907922	0.605812822316	0.772608099398
G25	1.33414314582	1.41630514852	-0.376548783895	-0.819744250227	-0.95897289048	-1.12036690541	-1.07589596206	-1.24363135465	-1.26901158887	-1.23780338148	-1.06019231423	-0.446500465826	0.140630061976	0.359184817278	0.372623595922	0.485071342327	0.540200870171	1.48737518163	1.20102030611	1.18452094533	1.08759248205
G26	0.999524664262	-0.00179210001248	-0.518696100859	-1.19892242127	-0.796081467531	-0.960500941906	-0.889697831411	-1.0719833006	-1.11275672862	-1.06465900743	-1.32114369579	-0.122071821048	-0.211227119678	0.57409181999	0.106554955691	0.7849878345	0.914108385497	1.20590326661	1.54599147319	1.39729600614	1.74107413028
G27	-1.54898647329	-1.98288973087	-0.629733944188	0.231568460038	-0.413458917542	1.97525059742	1.77065160586	0.464482887567	1.68615313257	-0.0450995728227	0.318118565638	0.350860612536	-0.199942034882	0.118718982678	-0.710573754033	-0.321843592065	0.700268630288	0.260043952434	0.197177346982	-1.12236335778	-1.09840339654
G28	1.14841261068	0.788212575256	0.918596085897	1.02585577801	-0.0386853715423	-0.967335161881	-1.50585276639	-1.13136844923	-1.26640470866	-1.39988624122	-1.7441544417	-1.38497869692	0.156474919528	0.355833887688	0.503048231226	0.851328541571	0.716702912941	0.623883432532	1.21633039666	0.588331401777	0.545655063783
G29	0.649608495226	0.596935328213	0.833342327966	0.432842359127	-0.175408568469	-1.28477420815	-1.14669623327	-1.30755878872	-1.48160906795	-1.61206968989	-1.8984344984	-0.504622054924	0.435794318281	0.598609471715	1.25969628282	0.542365937437	1.00036590234	1.07539571834	0.701217812376	0.445741378564	0.839257777366
G30	-1.24229938518	-0.249057634652	-1.14472425798	-1.13272031412	-0.886601559513	0.283608288381	1.42853787272	1.65378044109	0.840429031964	1.92761713755	0.00952696438015	1.59759582517	0.985325911404	0.0519319374795	-0.468224373901	-0.81211051889	-1.10079133968	-0.261036568664	-0.400383607272	-0.932903379026	-0.147500471254
G31	1.77235668939	0.591074216789	-0.689907982079	-0.623325098908	-0.978649978706	-0.996212590976	-0.852996935787	-0.964004657709	-0.885574020138	-0.583286174122	-0.914031577928	-0.485170804398	-0.712811312606	-0.461882359496	0.0214451599887	-0.2262392544	1.22570479333	1.24910697667	1.44412849689	1.21268074399	1.8575956702
G32	-0.525741784022	-0.587004919747	-0.729415671107	-0.840265559524	-0.416210313276	-0.534986038152	-0.0450811498383	0.15183742482	1.35232615147	2.05857869016	2.28178084992	2.12736816917	0.290010662752	-0.495067381112	-0.311096714053	-0.686767294308	-0.718448095385	-0.687164983906	-0.543517877809	-0.682707433603	-0.458426732439
G33	-0.78914724319	-0.863641438613	-0.619818526023	-0.483893203701	-0.552648196113	-0.448890088477	-0.265631399181	-0.500921513689	0.175774547855	0.721031100927	1.6665196236	1.34284979813	2.10640472486	1.84755906835	1.16381090016	-0.213994346989	-0.838430246969	-0.626791041027	-0.766847241479	-0.953301069284	-1.09999420915
G34	-1.36760767957	-0.804740427383	-0.815524412885	0.261960432781	0.590753991462	0.0635174312185	0.739295346361	0.429104004918	1.34125628128	0.871593204782	1.01327420331	1.79945514194	1.13270321443	0.985680073057	-0.317228561306	0.0715565169586	-0.927643787491	-0.884452316475	-1.34701651428	-1.45249512449	-1.38344101862
G35	-1.16059021944	-1.02413094944	-0.812574056669	-0.515542519022	-0.295380988086	1.15425755424	1.13577616364	0.890615443089	1.02697465916	2.13683004798	1.77314829812	0.743807737821	-0.298482659982	-0.49891927287	0.399579331048	-0.764705396855	-1.29407645832	-0.333987512468	-0.367748567852	-0.776754748967	-1.11809588513
G36	1.35005135187	2.53427411647	1.09982396161	0.526545160189	0.0700842965966	-0.139100883749	0.188902942848	-0.0976967326062	-0.462239770738	-0.0759305016539	-0.340501518698	-0.812718462678	-1.07585455527	-1.02617390756	-1.13475306776	-1.3629991489	-0.963455350115	-0.786468494084	0.0798494871514	0.79883170501	1.62952937208
G37	-1.15949208774	-0.789794827282	-1.05878220007	-0.787614007151	-0.574092031034	-0.877476148101	-0.568328490114	-0.337982934133	-0.593554982236	-0.187162045695	0.326824450413	1.07887776372	1.45047484661	1.38209899476	2.16944608349	1.78136740422	0.801390982211	0.0606292993633	-0.566406280512	-0.646614143034	-0.903809647681
G38	0.448346334958	2.23547605261	0.826468667277	-0.108356699605	-1.36452960273	0.630549705598	-1.76662052013	-1.38479969612	0.84417761836	0.446787745068	-1.01347618565	0.312841687371	-0.316255741418	-0.384488279394	-0.809789548947	-1.12472580461	1.17243349898	-0.590121047257	0.306472530844	0.349759205757	1.28985007903
G39	-0.280325530419	0.650326473211	0.813518902374	1.16729642002	0.110644721854	-0.95077401825	2.18143852693	1.20939885121	-1.21398219702	-1.28762467345	-1.33710353736	-1.06213675421	-0.855116664533	0.676224230976	-0.779463649526	-0.497001554799	1.3182339256	0.705893420299	-0.88863752864	-0.131208357255	0.450398992999
G40	0.488650846718	-1.08078053882	-0.156411599604	1.35295044032	0.433219721052	-0.366446870303	2.15369724366	-0.718142861045	0.0807111814743	1.90932270321	-0.432833066161	0.97646310662	-0.674834964016	-1.38760089125	-0.159025139037	0.776822725386	0.0983807728723	-1.17722721786	-1.69267760947	-0.4455375062	0.021299522451
G41	1.30135826615	-1.7796858266	-1.59126343141	0.228838020165	0.691643251613	0.168132068652	-0.247037644743	0.381447500331	-1.01267878918	-0.714465479464	-1.33692580133	0.49515990816	0.461394016273	-0.365766803157	1.02710075784	1.03450418846	0.0587425668313	1.35079923318	0.353677370097	1.28382325161	-1.78879662347
G42	-0.679926286685	-0.0773544366781	0.439849234522	1.23829999845	1.27431818776	0.308522356531	0.0779431557228	-0.416960263376	-2.24742935678	0.140033987892	-0.659900885265	0.06035209636	0.625364566708	-0.734845043497	-0.274171831436	-0.605631845954	-1.27506751742	-0.229248986769	1.49556462478	-0.798589549409	2.33887779454
G43	1.28781096861	-0.129291430278	-0.351404256723	-1.43647657354	-1.26931453943	-0.8228322696	-0.892242527864	-0.887186837987	-1.55072142256	-1.02968520616	-1.05940456197	1.00035389296	0.205875252912	0.955250485119	0.657298694134	1.54085101955	0.757292621422	0.550936333459	0.021230464802	1.35714889941	1.09451099373
G44	-1.28381830638	-0.572464860154	1.04757256123	0.940208653276	-0.256457039607	0.298557591707	-1.17341759389	-0.550733692822	-0.369909997999	-0.0883982180636	0.36584082699	0.307055497265	-0.159871214173	0.600678465437	0.00647876143203	3.33291208963	-0.484510765562	0.428059289972	-1.23798314648	-1.17842060068	0.0286216988698
G45	1.17254603126	1.2399072057	-0.170226096673	0.492868656768	2.28609911131	-1.18882638832	-0.144979572372	-1.05659457495	0.00210387702507	0.243940800166	-0.671804145928	0.470663925651	-0.855633318888	0.111541993424	-0.621030979418	-1.2020888939	1.48436035827	0.432700766563	-0.777746175355	0.592105812672	-1.839908393
G46	0.137706324604	0.442072600944	-0.251254605325	-0.261659625866	-0.358792576441	0.44074989891	1.59511381724	1.549483246	1.31436192221	1.72906344607	0.631720523698	-1.76418556212	-0.825086543453	-1.12973537296	-0.0414076627241	-2.02228199067	-0.992402169914	-0.257567902751	0.113207198678	-0.171984313061	0.12287934693
G47	-0.0629852469166	1.81222466578	0.874767707125	-0.97991622107	0.028759683793	2.63490497866	0.0595554807099	-0.762137271513	0.0302137440983	-0.299486927948	0.314943577301	-1.1057292664	-1.41655170709	-0.454085183994	-0.227894236404	-0.428364957805	1.01447480337	-1.50142599825	-0.717988945207	0.810951373744	0.375769948029
G48	0.132307357707	0.632586537465	-0.332193584327	-0.760033697713	-0.797081700682	-0.503524465791	1.27284796824	0.951231003042	-0.46910341977	-0.459807072919	3.38846004379	0.133281538254	-0.255732900822	-1.17620862351	0.1878980964	-1.033711821	-0.296073967095	-1.02266694496	-0.520485198918	0.748447412013	0.179563440603
G49	0.719350044158	0.214221595742	-0.780411068422	-0.505076332673	0.959795744085	-0.424642037264	-0.630743798422	-0.61498682191	-1.34921702041	-1.73948532888	-1.45311025952	-0.843947355143	-0.647437042673	0.0532428557779	1.56690394325	1.5965227661	0.952501893602	0.995101369625	0.797039083935	-0.276228772924	1.41060654198
G50	-0.401061951234	-0.915243208936	-2.10706126072	0.00302878202775	-1.04726005367	-1.06891825766	-0.113601806139	-0.163779030482	0.525391698929	-0.958403352832	0.747893680887	0.314561822657	2.20040959486	1.26151403272	0.96644464849	1.17782062666	-0.975242043066	0.112221199125	0.0245603298608	1.10952992602	-0.692805377503
G51	0.672388401276	-0.369677081224	-0.726249504801	-0.700357306934	0.595243776854	-0.130093925124	0.714994434198	-0.940607318985	-0.727789335814	-0.882307437496	-2.04914015279	-0.868788448678	-1.42544948468	0.719483587212	-0.364136114507	0.324186535463	0.468560848786	1.64982190192	1.35221621578	1.03151154886	1.65618886067
G52	0.00452970149716	0.898973151395	1.79107905395	0.635312092198	0.0998922764338	0.442054052188	1.55835848712	0.174243189839	0.517448161758	0.398562375122	2.03493498062	-0.561369335008	-1.14140281773	-1.97843764787	-0.935676490602	-0.542199476933	-0.655142082274	-0.204043869926	-0.705584023006	-0.894865441917	-0.936666336845
G53	0.560846583548	0.906217066056	0.611899384324	0.826618756987	0.44396048993	0.302794235306	0.92458514649	-0.425222307623	-0.899096694622	-1.55568756174	-1.52559181071	-1.85801686539	-1.75629431969	-0.858057985293	-0.557828804257	0.617602789552	0.534677300345	0.860685152241	1.29745020408	0.93471549161	0.613743748856
G54	0.359597752617	0.0247423326262	-0.157692865918	0.146504096949	-0.918161005591	0.706771666156	0.691110520889	2.7586901281	-1.12221932493	-1.3813852111	-0.884452672332	-1.10707953939	-0.418535557709	0.641089734113	0.0760172009136	0.960423351228	-0.57086966869	-0.988148460925	-0.873425835772	0.517395964066	1.53962739469
G55	-1.13805856194	-0.0121301367688	0.607637919538	1.54508734455	1.20470569591	0.764293896518	0.942790558347	1.11450861596	1.31793005041	0.897166387594	1.30250148025	-0.375068025086	-0.118343564059	-0.723027469046	-0.772160878653	-0.935024526085	-1.11966729277	-1.1775650874	-1.19547660958	-0.89584499524	-1.23425480245
G56	0.957870584888	-0.0404518212395	-0.520800505939	-0.788476414734	-1.24956717511	-1.02459794054	-1.1158413712	-1.38979712635	-1.08658926925	-1.06701871817	-1.18694710634	-0.351281844037	0.529478956034	0.463937163611	1.00464954219	0.963731464908	1.02739517244	1.33235153122	0.935297538559	1.38116140026	1.2254959388
G57	0.721433832355	-0.40841492599	1.72101509657	-0.776976727916	-0.183520046816	1.66728363098	0.653816570502	-1.60964877554	-1.39478978874	-0.823368601759	0.663758229147	0.622503613554	-0.658816748348	-0.0796273581362	0.203522205723	0.676016213701	-2.15310078313	-0.287148273089	-0.109642321431	0.237251801908	1.31845315646
G58	0.413851172407	-1.65703475373	0.75783961562	0.151896767052	0.215847111084	-0.261526200471	-0.408129886946	-1.09318175019	-0.209344549072	-0.416977367498	-1.03371898244	-0.614036274749	2.0405966237	-1.09244239579	0.322512321379	2.78989419162	0.892314460028	-0.419847129659	-0.352602085245	-0.0548309139063	0.0289200268129
G59	0.29140747921	-0.210283839631	0.301674859256	-0.168564837607	-1.31078999154	-1.17443220724	-0.705842194248	-1.20762444055	1.24616619509	-1.17256726653	-0.584982902289	-1.52286436866	0.153065991803	0.0384639934487	0.656473798362	1.499768441	2.30946074894	-0.344064108865	1.1075278017	-0.0515838800596	0.849590728423
G60	1.37828054777	0.0990628678849	-0.0497089179529	-1.13399557425	1.26131188735	-0.279058444547	1.46250843138	0.514090808231	0.153151957266	1.03232402629	1.92343775534	-0.696681669952	-0.397189122916	-0.130182847307	0.286419007849	-0.482579024484	-1.33158885799	-0.236626371023	-0.168814084002	-0.903721791304	-2.30044058363
G61	-1.16333625052	-1.28326753267	0.794207114834	1.83421013532	-1.44543311633	-0.0633849669367	-1.47891470495	1.12241936595	-1.15818657365	-1.0406882097	-0.0764821766044	0.761061500629	-1.06223112113	1.41849971878	-0.266215040583	0.945065421502	0.0212632085936	0.722007370784	0.19171229947	0.475338428157	0.752355129054
G62	0.249097584527	0.666883933141	2.2040657723	0.349398147366	-1.17272223362	0.832559973058	-1.3238818102	1.4076825064	-1.92683254479	-0.563743091239	-1.39944486619	-0.150409924116	-0.768816521035	0.100641469175	-0.109972741457	1.39213581159	-0.39071201136	-0.348881267343	-0.222922921287	0.330787051771	0.845087683309
G63	-0.883617102662	-0.861672735928	1.40424272646	0.90090264177	0.851451078187	-0.637274496472	-0.934946168488	-1.51553878527	0.886005028689	0.621363837452	-0.0509495659216	1.90615726531	-1.63206256287	0.850927562015	-0.478279998631	0.269073233595	-0.388182488804	-0.317283710535	-0.109246293029	1.40571911739	-1.28678858224
G64	2.48127959814	0.421227998566	0.459923828295	-0.354078514387	-0.976473074417	-0.753156732383	-0.217598578308	-0.00659892253014	-1.2521709183	-0.978126742354	0.701685894205	-0.221893928444	2.1436801489	0.491871018241	-0.623283095051	1.17842789423	-0.8894022244	0.205556207553	-0.844359658993	-1.2135755646	0.247065366026
G65	0.498213351651	1.94780537788	-1.36888440762	0.12668230043	0.323108068491	-0.813332051415	-0.747785124271	-0.120999038638	-0.277603124391	0.76471740345	-1.15228355299	0.767375933282	2.20475037721	0.0816058520498	1.04476327879	-0.719152175226	-0.984245578543	-0.135840989768	0.868940614562	-0.78776555477	-1.52007096016
G66	-1.27556907851	0.391939406781	0.984991756524	0.901673258976	0.806973120693	0.375812021735	0.726403767011	1.03857044152	1.0247932505	0.834382177606	2.07826518017	0.426379607402	-1.37465673933	-0.663483767088	-0.968939568519	-1.06304544742	-0.641707215369	-1.11795427374	-0.183955323194	-0.994369612103	-1.30650296365
G67	1.91965746609	0.727590191652	1.24753087255	0.742933894738	-0.714935886268	1.04230917406	0.23073376459	0.556776225485	0.829259729681	-1.02667570125	-1.06728617905	-1.06611300802	0.156047160247	-1.15077949295	0.548417381897	-1.57405642977	0.0639228482208	-1.94336485694	0.291387235287	0.680219447908	-0.493573838152
G68	0.00716254484185	-0.0692264970547	0.781627243685	0.922045909329	0.647069115938	0.693975067248	0.344253934915	0.764667319939	0.320634157628	-0.362059113809	-0.967712234148	-1.47251059291	-2.18262982731	-2.19254189638	-1.09843420188	0.153304088466	1.02414294063	1.16888068616	1.11532709307	0.0416657817386	0.360358479906
G69	-0.0732550110817	-0.835128952531	0.520825045063	0.269230560838	-0.797616392657	1.86978899735	-1.40893992714	0.100860663002	-0.574103031805	-0.621006030848	-2.25656594057	0.797563193736	0.291516711164	-0.790620197747	-1.07290118587	1.48337273304	0.519166702935	1.35207057401	-0.0374807381348	1.09201833995	0.1712038873
G70	0.893024256152	0.386973391464	-1.2533757452	1.4911051793	-0.451970741355	-0.872050309364	-1.37557499683	-0.222837662912	-0.384537386481	0.54627426256	0.972259531744	-0.0969053579678	-0.621028210056	-1.34187457362	-0.736481958972	-1.55885897458	0.370486190847	0.16605411392	0.525906366103	1.75237285743	1.81103976781
G71	0.61557598254	-0.737719032085	-0.770086312356	0.0872126774188	0.133115466954	-1.1097313498	0.609934796188	-0.522908886703	-1.19230741392	-1.53681477569	-1.07692456881	-0.183369551964	1.07687370436	-1.10452966416	-0.758191976636	0.818947982814	0.941462978711	2.14325820366	1.59724254716	-0.00492113636103	0.973880328684
G72	2.49917402945	-0.0768984282346	-0.180554441038	-0.467377921168	-0.0739432476236	-0.708139660534	0.242524845941	-2.163505054	1.09972260697	0.0781581888162	-1.17717811176	1.11192432791	0.111519979846	0.500197056836	-0.392321218244	0.336274897952	0.274504296288	-0.558964097129	-1.86895414292	0.746727504139	0.667108588504
G73	-0.305723820779	-0.699901453123	1.57853165183	-0.28883033609	0.134460191417	1.05774586152	-0.25387878787	-0.611198051428	0.0695747120712	2.12140819478	-0.789578751603	0.806551405741	-2.11768400387	-0.526231072512	0.614777260942	-1.4672690845	-0.565279921123	-0.423492841094	-0.529570372331	1.04575337845	1.14983583957
G74	-0.51189695592	0.295979508671	1.33869294417	1.16098773625	0.39256639707	-0.838735446282	1.21601484981	-0.340149772793	0.413537677304	0.832368285367	1.52672799174	0.0659522056574	-0.739557703549	-0.76188014991	0.675029959313	-1.46592231813	1.22158337344	-1.56516587313	-1.73529729795	-0.102137695795	-1.07869771534
G75	-0.423047565973	0.416375788073	1.06476669221	1.37579681237	1.71650920729	0.724098041125	0.586904877831	1.16951651157	0.649441896877	1.38155641725	0.522137964744	-0.632867992808	-1.06608505798	-1.42469909642	-1.18322479771	-0.944751117739	-0.825095066008	-1.26831592953	-0.417710818161	-1.21151247736	-0.209794289647
G76	-0.377391331289	-0.136848767573	0.107548130432	-0.369619930606	0.0290665778611	1.18505689419	-0.87767432769	-0.502036332358	0.607873563257	-1.58540685774	-0.102940220151	1.55544568844	1.05324382768	-0.495438391038	-1.25240639763	0.568479646834	-2.00797584732	-0.80408403419	1.86267432406	1.19898711146	0.343446673369
G77	-1.20717740979	-0.199124382727	0.607796194314	0.99349801412	-0.23924634574	0.746825433341	-0.838967181277	0.297930653048	0.336363782351	0.213204020258	-0.62543188088	-1.33607781652	-0.820531789091	-0.558601325478	-0.47005917949	-0.884225144752	1.25353253602	2.12909204102	2.12017666701	-0.18379422059	-1.33518266515
G78	-1.1652457062	-0.763024019112	-1.31357947387	-1.10147416842	0.214888548125	-0.661201764582	-0.457721898048	-0.424509842156	-0.919516738546	-0.607930761135	-0.882161179123	1.67867949845	1.09857985737	2.66042457779	0.729396436848	0.518333867385	0.949139326069	0.0886900531789	-0.395221766428	0.413529753803	0.339925398593
G79	0.571780621329	-0.693243631774	-1.16614866345	-1.22294149352	-1.3970953595	-1.17606378406	-0.594004094998	-0.905934048225	-0.241025496767	-1.15630588264	-0.631636017312	0.341972325202	1.28327904601	0.436289710099	0.511903070152	1.80729556878	0.817980353307	1.97433500638	0.307281205883	0.213062812283	0.919218752812
G80	-1.05640802266	-1.68398015207	-0.44712306384	-0.577933404485	0.0522920222746	0.73195555427	0.232195595124	2.17510901466	1.02571951454	0.312705647956	0.828890463325	1.20605028495	1.50098681352	0.505702158552	-0.187956543538	-0.922201238905	-0.893551189981	-0.658180908816	0.362422989097	-1.24829537709	-1.25840015689
G81	0.451994968019	0.304573339193	0.402511991482	-1.09384084377	2.02860815598	-0.435071325595	0.196821782896	1.51961433233	-0.159171653046	0.260329993293	0.137833299304	-1.20613790855	-1.51859203678	-0.335345804569	0.752105621193	-1.44528877123	1.51958061782	-1.28658269943	-1.20897984296	0.51144157223	0.603595212193
G82	-0.926767081938	-0.463984762114	-1.11564400884	1.37610977199	0.463407718763	-0.954929376415	-0.762464464879	-1.05823625471	0.471802248847	-0.732948213937	-1.01287871313	0.970532112824	1.58488985893	-0.319517607271	0.710775564965	0.866548256293	-0.603103788919	2.4648261657	-0.782773811858	0.295991001834	-0.471634616142
G83	-1.10369390369	-2.13816430209	-0.904428115419	-0.428619356755	-0.431397458502	0.325336569404	0.0774282387186	1.358582932	-0.0351371019935	1.75629291453	2.56527475073	0.359010783162	-0.425420710283	-0.591622213897	-0.0755149657813	0.690906908668	-0.351808672914	-0.81682809206	0.248624755349	-0.4863133585	0.407490399313
G84	-0.600142382134	1.3619164127	-0.0123941774667	-0.499955421189	0.73133219457	1.08761929462	-0.561563161966	0.154609815671	-1.39183079163	0.541295618998	-1.32491627562	-1.39850030937	-0.41656410937	-1.12570809769	2.39536468579	-0.560419758041	0.180824838514	0.297551553568	1.18668925351	-0.892492284387	0.847283100922
G85	-0.465298609693	-0.873615859081	0.380679579704	0.400867929206	-0.79301322268	-0.825372145405	0.189280869054	-0.927081406539	-0.407803615695	-0.877987945633	-0.18580029918	0.0652177735425	-1.11734255235	2.53277408329	-0.336918250031	0.300734812126	0.0687949352668	2.20175642059	-0.781473107079	-0.310836492325	1.76243710292
G86	2.29070040222	0.822843437936	-0.649268407724	-0.115463933696	2.44274149679	-0.0911216058642	-0.990680640287	-1.78737068823	-0.482749700592	-0.620214039739	0.709641561533	-0.802939851667	-1.1720597616	0.769667059601	-0.587543711074	-0.00149370007382	-0.277254076863	-0.0585972375316	0.107758985457	-0.0682030797623	0.561607491171
G87	-0.214713468909	1.57202405102	1.75691571494	1.42513695639	0.479460857862	-0.432297517125	-0.315200812893	-0.260783366333	-0.809093500711	1.55255318427	1.68540425014	0.130714306499	-0.436073562533	-0.477121831612	-1.69465890982	-0.136088129857	-0.541394387536	-0.904069795137	-0.584808787874	-1.39026154141	-0.40564370938
G88	0.142741696222	-1.42542033758	-1.39122991369	-0.733771930476	-1.12869352044	-0.817732374393	-1.37848491824	-0.699447174545	-0.272240144729	-0.0286698777548	-1.17876238058	1.42347210585	1.50441105234	0.0840940806543	1.03663672051	0.510523347439	0.863639444437	1.4161987074	0.483079701475	0.163498916331	1.42615679977
G89	1.97490210638	1.12889264904	-0.0799494355541	-0.682799724622	-1.00181105262	-0.866233638246	-0.833444243548	-0.977724275025	-0.922106852707	-0.943851711133	-1.09450696701	-0.999110392867	-0.476515046299	-0.260465424	-0.236110854138	0.523269067882	0.989650775385	1.18568103094	0.584365494727	1.80699445999	1.18087403343
G90	-1.15096254278	0.779855946638	1.06960890748	0.830613742137	0.742062158948	1.10138005514	1.2452530565	1.01711841852	1.0653024815	0.879786570413	1.37767285988	-0.0408498515762	-0.600920649738	-1.05510704454	-1.0735410432	-1.19566827071	-1.11203932616	-1.07194960192	-0.968509449903	-0.966241175236	-0.872865241385
G91	1.53680900984	0.362630033145	-0.513032106379	-0.796712727842	-0.967805288265	-0.982955909283	-1.08860503818	-0.963267394512	-1.09925629214	-1.02435868597	-0.976587653746	-0.913448943882	-0.57824644169	0.153267053565	1.36853715354	1.2366437807	0.881723180743	1.38190213125	1.14921605644	0.694957825051	1.13859025762
G92	1.52537754779	0.168386999248	-1.08812636228	-2.1556925132	-0.0444658897627	-2.16094083724	-0.14805012083	-0.840572363516	0.444438582701	-0.568911988506	-0.19855807197	0.261195416056	0.452406136166	1.51472396304	-0.860139648702	0.665434069912	0.348809833048	1.57327793598	0.602280645659	0.171015688289	0.338110978111
G93	0.508688402746	-1.27338634224	-0.699419892003	1.86605158276	1.43150752043	-1.33037143887	-1.69003283475	-1.38278802926	0.383749966172	-1.2488657145	-0.343248681746	0.279108203247	1.29782766829	0.217567361576	-0.311543503699	0.677365820105	-0.556481796086	-0.151530934759	1.16573020379	0.636159935655	0.523912503133
G94	-0.268593687448	2.78174467426	-1.00508048518	-0.725756371893	-0.487941239413	1.17555857795	-0.945237065872	1.15247801824	-0.338657714294	-0.270058249601	0.768112687868	0.459332861977	0.703734608204	-0.255647584567	-0.425536794308	-0.0517993293979	-1.15783353454	-0.887578741968	1.54501200276	-0.844957633753	-0.921294999018
G95	-0.284556989628	-0.209100334793	-0.0666119595579	-0.644622639859	0.72091881638	2.21096208148	-0.423367814119	1.34098730429	-0.00480681885277	0.015776321227	0.265526593196	2.310423113	-1.06477724045	0.211678335013	0.523155739035	0.268680371563	-1.53843463233	-0.521279816685	-1.44403301911	-0.943050310783	-0.723467099017
G96	0.398420351522	-0.794881187109	-0.834141500082	-1.16569413996	-1.16595329704	-1.23653418931	-0.925020572998	-1.46480110721	-1.01747103382	-0.801386767049	-0.775404143121	0.950306980623	0.791944424576	0.89977702067	0.824339626779	1.16876619237	0.905980345196	1.45180145102	0.924231355029	1.12997145481	0.735748735092
G97	-0.294314261243	1.4528533652	0.117534305695	-0.924818902513	-0.519475381168	-0.72955980558	-0.867090438287	2.15087007363	0.177140848224	1.3595850521	1.21990342723	0.678704461566	1.24416941983	-0.219131878109	-1.60790434979	-0.523617567252	-1.30986804618	0.579766003843	-0.76315873414	-0.400203045074	-0.821384547974
G98	0.343511994747	1.27335444164	0.151439054249	-1.23365377039	-0.995132665933	0.635647921918	0.0943976390306	-0.461784083732	1.30986512703	0.525218682224	-0.190517582178	-1.53444085276	-0.863426845046	-1.58133941005	-0.223158488025	-0.287795336461	-0.740685653119	-0.37927923087	1.03548190359	0.639463654261	2.48283349985
G99	-0.0425043994714	-0.495862514062	0.498446072833	-0.090359131528	1.3456410299	-1.86593138169	-1.49522722787	-0.230896164271	-0.288298296743	-0.585198277439	-0.41069990275	0.762739858801	-0.21460684382	0.239099450926	1.52548985646	-0.31109031993	-0.313585193553	-1.43691331428	1.43332857355	2.22119263039	-0.244764505449
G100	-0.38606737845	-1.35931104796	-0.616369407808	-0.00605284874071	-2.32479452189	0.0773300781522	0.742581191252	0.104119445194	-0.0852627117188	0.250442395671	1.06621336924	1.23333691422	-0.0985040990143	1.69681953539	-1.30020002343	-0.171571893226	0.982925826668	-1.23585989432	0.251147558308	-0.425818792999	1.60489630545
