gene	t0_rep10	t1_rep10	t2_rep10	t3_rep10	t4_rep10	t5_rep10	t6_rep10	t7_rep10	t8_rep10	t9_rep10	t10_rep10	t11_rep10	t12_rep10	t13_rep10	t14_rep10	t15_rep10	t16_rep10	t17_rep10	t18_rep10	t19_rep10	t20_rep10
G1	0.678934787124	-0.474978658314	1.16707751078	1.26236337156	-1.99976289789	1.49274122109	-0.206589840932	1.7060665971	0.18752363402	0.448105052461	-0.860343822816	-0.264576607701	-1.09831086648	-0.0513997966717	0.745010607267	0.273538111838	-0.456870754445	-0.949388407101	0.941868484333	-1.08795619724	-1.45305152798
G2	0.243552997348	1.35967432196	-0.791541722511	-0.748267065694	-0.203201901749	-1.05173387196	-0.800168435654	-0.467898888548	0.122758857475	-0.833002350864	2.44484630538	-1.08599885407	-0.111331437951	0.972590881415	-0.0124467307563	-0.0202369752184	0.650620984813	2.24310618424	-1.09643959567	-0.200873898553	-0.614008803438
G3	-0.341709547851	0.40018863928	0.987042296045	0.105339097514	-0.543618649269	1.23630109998	0.0180459360198	1.11564716155	-1.01983328213	1.09323524984	-1.9250973115	-0.199997417846	-0.458653828311	0.521506365376	0.432240723253	-1.11389068685	-2.19130521445	0.20641202611	1.8037393307	-0.64238792965	0.516795942196
G4	1.31470148147	0.433599805473	1.21893343913	-1.2208930637	0.733367583025	-1.01346711588	0.023038110274	-0.726944021332	0.912929923323	-1.63417350321	0.839611477806	-1.7683185702	-0.685741819086	-1.4089278064	0.434947438665	1.58225127805	0.0978372305867	-0.337188467845	1.18117623183	0.0846191559034	-0.0613587878905
G5	-1.21346082043	0.80261433961	1.91640986959	-1.07138961344	1.01478203076	1.27102855093	-0.523399019303	-1.18627071241	-0.32127045598	-0.0624630518751	0.55965818997	1.33904624527	-0.074106588914	0.0338400683173	-0.65644542448	-1.44710291179	0.848579120806	0.946432655669	-1.81778314759	-0.121008561067	-0.237690763642
G6	0.936728334848	-1.49800578829	0.589082084889	-0.627862344325	1.7866529329	-0.420231483441	-1.39676323332	0.908450474693	0.701750450872	0.460703585308	0.246656699397	1.13521056017	-0.903401524635	-0.692473275666	-0.00457327642707	0.712439388832	0.216137794341	1.48305267574	-1.08717005889	-0.791158168016	-1.75522582897
G7	1.80267674357	0.295750000386	0.788950429818	-0.202529259303	-0.372498629472	1.49101299131	0.352197403508	-0.681706490358	-0.166523195509	-1.18141298048	0.255104705028	0.416484316693	-0.222592543752	-0.909017114328	1.84751287983	-0.739478550881	-0.151735095402	-2.01209332821	1.29159343922	-0.988329510916	-0.913366210753
G8	1.07066274516	-0.880872722405	-1.24267630739	0.931129051534	0.965380784942	-0.913210670702	-1.22371944241	1.25491013875	1.04686152906	-0.371852120603	-1.04198735958	-0.873738082196	-0.789809401714	-1.11466759854	0.980147667101	0.956364945933	1.12835636456	-0.987603011946	1.01234690341	0.97584010936	-0.881863522335
G9	-1.33962491542	0.593931834544	0.122411320787	0.186236523838	1.74509670236	-1.3650989806	0.925149815809	-1.39286661585	-0.0522440394564	-0.0976280570639	0.0282779125766	-1.30319023177	0.726954487445	-1.63336507972	0.754569953138	-1.03164256317	0.640387655085	-0.564085073838	0.347037838762	1.49055673792	1.21913477461
G10	-0.238083077561	1.73502636276	-1.01358262555	-1.03801887365	0.226012550463	0.126843368467	0.148714333153	0.601754707537	-0.639314018372	-1.78321265411	0.198322878411	0.70341658428	-0.829536969646	-0.458694547442	0.721745222127	0.768309398786	-0.892342134154	-0.492616682249	0.296774884399	2.71674304841	-0.858261756057
G11	-0.671514752862	0.477381946597	-1.09587974908	-0.316143889758	0.791071218977	1.20771013432	-0.979422931357	-1.01339767945	-0.540329131546	-0.643609672393	0.76118459884	-0.144167408657	-1.76267554264	-1.08686085786	0.899736545776	1.1877062028	1.46111635282	-0.549576957938	0.219425882157	2.13057472007	-0.332329028812
G12	-1.01626368993	-1.44088244615	-0.0901345818719	0.379565864518	1.16219614537	0.075465861217	0.697066772684	0.584206940935	0.24082682507	0.894215570165	-0.905884730627	0.229160765174	-0.187319007815	-1.53116942867	-1.67718775401	-0.533238486448	-0.232903935457	0.192820618892	0.343134120188	-0.0362473395385	2.8525719163
G13	1.32814096916	1.88376637891	0.548377791755	-0.930593225593	-1.12746984588	-1.65872223568	-1.23411199902	-0.23672451848	1.26068194518	-0.76403934118	0.158151015453	0.830356165083	-0.609946902596	1.34850530296	1.31972463631	-0.137938418818	-1.04183556725	-0.518331685041	-0.794606657216	0.297707413384	0.0789087785638
G14	0.890767682423	0.663849560062	-1.02508564523	-1.14670796283	0.945831953399	1.08180781798	0.993407187135	-1.15831053093	0.788077015856	0.414277320579	1.25589985356	-0.414804088876	-1.09502978345	1.34050568604	-1.10972852595	-1.14741952428	-1.13933712712	-1.14929839935	1.07132081358	0.728932145791	-0.788955448406
G15	-0.996082358172	1.29753019646	-0.75427639097	0.859347766975	-0.490145424573	-0.33662491204	-1.03180100416	-0.511298627628	-1.13696167598	0.700588835333	0.89429536096	0.543446407457	-0.61717793344	-1.01896873734	1.49963882169	-1.10190586417	0.0863546038862	0.731731896394	0.365539684336	2.29484538434	-1.27807602937
G16	0.518286146862	2.09284192402	-0.533783726051	-1.02182656357	-0.632065736963	-0.413072995171	-1.23125582717	0.0848533152556	-0.658130760428	-0.671868715039	-0.429974533824	0.322529384415	-0.840927737213	0.81160493213	0.821961124489	-1.18928561221	-0.774543380575	0.959566121415	-0.211163607206	2.5577578713	0.438498375535
G17	0.133132480359	-1.32632771373	0.376769746772	-1.0315726631	0.983712788	0.396627409009	0.332850148504	1.82098578262	1.74874265564	-0.500549155674	-1.09953286944	0.550865871931	0.398392297564	-1.41836318607	-0.773561685745	0.732822682745	1.1271019851	-1.94640211232	-0.128706865522	-0.498180419298	0.121192822666
G18	-0.768855854578	0.344822744723	-0.497336536342	-0.841184082719	0.857600349961	0.453674962437	2.24359224282	-0.481247852202	-0.0160176729921	-0.748571247012	-1.10072854364	-0.344226379606	-0.273590690933	0.0253893772914	-0.891726347687	-1.33130302669	-0.995597663537	1.66228984365	2.00055819514	0.894961050074	-0.192502868163
G19	-2.76606576514	-0.704591850468	-0.774394615473	-0.348125360162	-0.836252703957	-0.0246100899448	1.26445451533	1.27941687667	0.792115029134	0.988637269554	0.607766441968	1.17263400586	0.794856372681	-1.35494467503	-0.9663195957	0.389484545488	-0.363890985427	0.814623818214	0.00562781867086	0.513253886734	-0.483674938999
G20	0.180102655876	-0.52442461826	0.888899221969	1.55740917633	-0.51069813326	1.2210649235	1.49873357812	-1.59475773251	1.34113721941	-0.0122339318689	-0.837428357338	-1.17808111105	-1.07111019783	0.86234469651	1.20590003103	-0.954986800937	0.172470358292	-0.926040530969	-1.16654920567	0.439338634075	-0.59108987541
G21	0.157901972415	-1.14711483152	-0.304069791408	-0.440998487052	0.677759522333	0.00357561321987	0.583484379287	0.121013082089	-1.54718333565	-0.345738414993	-1.25376049446	2.63595627075	-0.79560709778	-0.432793887	0.991330995063	-1.57508651595	1.14870757102	1.1065747584	-0.250358172169	0.786852191924	-0.120445328523
G22	-1.30968961004	0.290018886606	0.0539934999765	-0.481984166634	-0.64515522148	0.0526021064193	0.372331477483	-1.39613134226	0.0976526952705	1.90918115629	0.580989037543	1.3834081148	-0.206502719237	-1.44425425677	0.983417050875	-1.20188636748	-0.317905891018	-0.832703813158	-0.736279435371	0.868632712323	1.98026608586
G23	1.55448855424	0.442379396279	-0.589170766827	-0.234446363317	-0.909978131625	0.695925335077	1.62521000042	-1.16653601598	-0.805066381491	0.79948482413	0.809567507795	-0.630108311064	-0.684100298459	0.563767432992	1.37054688902	0.06239403242	-2.05691454266	-1.30408286936	0.162545743176	1.05870302598	-0.764609060729
G24	-0.754556481801	1.39616985606	-0.0558205370711	0.730292201402	1.27161049897	0.998710799677	0.258454349858	-0.341849883918	-1.05404064199	-0.718994711614	-1.11062740146	1.21683733006	1.01775889611	-0.97654039919	-0.65252420726	1.7280396649	-0.51977743475	-1.1642114132	-1.26290929969	-1.04771285831	1.04169167321
G25	-1.63318910336	0.724778119882	-0.87077102807	0.517154106078	-1.34727671242	-1.06075578606	1.12577460245	1.71174694662	-0.947068371841	1.48991510779	-1.11880061211	0.581966082318	0.209796454305	0.785264177344	-0.753194895275	-0.0580950168587	0.940076769706	0.654361709671	-1.11986879856	0.834158521279	-0.665972272884
G26	-0.360358725845	0.561708931081	1.1889604861	1.04973708264	-1.15092389229	-0.648861109125	0.0923767424522	0.101390248741	-1.36930553194	1.48168001055	0.200847085873	-0.120262407088	1.01047333954	0.519828908071	-1.42589624396	-0.532243430186	0.223037048427	-1.37645699317	-1.62369766611	1.98036694867	0.197599167581
G27	-0.179652378979	2.21502281416	0.344374203391	-1.60738886093	-0.207720404072	1.31594289099	-1.00720607373	-1.23342282931	-0.712915147844	-0.640913593	-0.757589889731	1.04808902642	0.505117715429	0.642695006078	0.91780354013	-0.0126256458284	0.504235390762	-0.833781744045	-0.66735213971	1.5034977839	-1.13620966408
G28	2.3955792989	-0.097966688891	-0.800010516832	1.25787558503	1.54783239509	-1.88711788174	-0.110760078318	-0.0336668987571	0.638836059772	0.849816388753	-1.01347452869	-0.151560731442	-1.63714436351	0.75819398033	-1.17171188203	-0.0338923050914	0.0321096188572	-0.166688235061	-0.154067586937	-0.40446874522	0.182287115789
G29	-1.10386535993	1.09802045666	0.609433709397	-0.612635987229	-1.99972629527	1.16353890991	-0.335403083976	1.01279742283	-0.787478611121	0.926828081904	-0.742802747662	0.359753067758	-0.434690296965	1.53285727173	-0.561537409213	0.910100546548	0.58458790212	0.91447146212	-1.95639083865	0.113045106968	-0.690903307931
G30	-0.854246268909	-1.06361651632	-0.135268576868	1.7312496778	-1.41378035573	0.279664073936	-0.501827866676	-0.779452055836	0.347963231061	0.102207017067	2.29866187917	-0.918162194173	1.47905869503	0.830252608677	-0.620156508808	1.1468480201	0.150258550966	-1.36768638169	-0.674181791954	0.0231581256569	-0.0609433625111
G31	-0.923020463263	1.72962887738	-0.170378680552	1.19525448009	-1.06474979331	0.435876781828	0.813842528082	0.904323549773	-1.44932131637	-1.39699236223	1.01495136707	-0.46125030714	-0.99827360445	1.2970822825	0.19187816604	-1.07526961643	1.17693786355	0.162130755166	0.584785158093	-0.843902695543	-1.12353297028
G32	-0.321571949446	-0.334795874813	2.27751310019	-0.599261642338	0.45787757478	-0.69188818631	-0.562222374764	-0.0207652877045	-0.559991749413	-0.278143086825	-0.422039268924	-0.532303504209	-0.401113547823	-0.373863088903	3.25249674104	-0.489425928019	1.24697461156	-0.514174751032	-0.403513265231	-0.447476041812	-0.282312480004
G33	-1.33870856703	1.38808381909	0.597281872514	0.919378274816	-0.0726528032411	1.1685224572	-0.33864059879	-0.990880855307	-1.40277074364	-1.04285747837	0.863181653642	-0.857700953722	-1.36496678945	0.712880600082	-0.30524029947	-1.26803592062	0.838187318309	1.23582473804	-0.792764500523	0.884580306487	1.16729846998
G34	0.717525581283	-0.830768256823	1.81056863087	1.02605604378	-0.557677756687	-0.610271006434	-0.650640950649	-0.644653818044	-0.717424416215	0.332544822817	-0.533988431496	0.352325739711	-0.386348181022	-1.42424658819	-0.165235953515	2.16869877681	-0.436430697741	-0.597646186916	-0.910349345395	-0.0901325082582	2.14809450212
G35	-0.607624130425	-0.702138748961	-0.635583960887	-0.188859910075	3.66894722026	-0.703177906423	-0.0542240714044	-0.544479077773	0.978601024811	0.126378248124	-0.28452734392	0.267557531438	-0.343272214194	-0.372807017684	1.67050128931	-0.00829006421693	-0.229354577422	-0.487065627998	-0.731770973463	-0.176016573318	-0.64279311578
G36	1.66722542898	2.30773559187	-0.995039277798	-0.688246121416	-0.958112938338	0.901934489123	0.00428043896888	1.94607981121	0.108500063837	-0.884316370042	0.928839224641	-0.444921479063	-0.101210615625	-0.451377283731	-0.800751620509	-0.969049577058	0.863337779573	-0.476716471202	-0.668804715382	-0.723176525851	-0.566209832185
G37	-0.761654341285	-0.0572276463839	0.292326127845	1.34504804338	-1.00164054212	1.31030997331	-0.757084852323	1.13745886605	1.03170054806	-0.877305649537	0.631850667007	0.722484567548	-1.40695514626	-1.19919239679	-1.23474917993	0.634294363759	0.979572290794	0.38087716262	-1.53776695506	-0.888101339389	1.25575543871
G38	0.0928089848844	1.07347384328	0.57534856518	2.97204425895	-0.173865338426	-1.55357239639	-0.456989231938	-1.27067475517	-0.463751090274	1.04940368445	-0.300880291089	-0.219336907447	1.29983926356	-0.962035773402	-0.661696137145	-0.310094929977	-0.618296833454	0.287293400075	-1.04684438902	0.400424689236	0.287401384125
G39	-0.146142508499	1.07162342848	-2.77128561868	1.53968485042	1.72008411738	-0.525703996208	1.17700632278	-0.446855210103	-0.926067152218	-0.365898365458	0.0689857901287	-0.454996199334	-0.536259698694	0.977756266255	0.449911043779	0.445120141731	0.0119680459396	-0.472715910705	0.511300543874	-0.0530381306129	-1.27447776025
G40	0.336418151048	-1.73924155128	-1.88006356981	0.704787377807	-0.369823328599	1.31086603525	0.315704119926	0.496768951625	-0.830955300761	0.0910963293821	-0.026715366781	1.58251275407	-0.639534484152	-1.30156308157	-0.0658120956386	-0.205399393829	0.392679347728	0.678087323561	-0.945629694171	2.18171490561	-0.0858974294282
G41	-1.7186312962	-0.426176393575	-0.113237836825	-1.31758976442	-0.677208051222	-0.349501245621	0.286575063925	1.24533715629	0.941339292977	1.16198895736	1.09916902696	1.30997535672	-1.58497935842	0.777697588757	-1.10860560097	1.3885337129	0.22567990221	-0.114540497418	-0.295571356844	-1.37741734188	0.647162685299
G42	0.167303628053	0.325098116366	-0.0963001107517	2.71002031686	0.807862783818	0.0499128895043	-0.945661270546	-1.95158942552	1.01582016741	0.565040980237	-0.837980380597	-1.12147706696	0.208576646714	-0.377246503494	0.183423718552	0.849622198685	0.710813594738	0.253776986098	-0.0710830966031	-1.63303606121	-0.812898111344
G43	0.752966159284	0.494646254472	-1.24450810802	1.21229963887	-1.30844690819	0.878033201515	-0.100714326472	-0.0282069559891	1.17580149654	0.594689271835	-0.824796233953	-0.376076382863	0.578624948625	-1.36803297522	1.97375973422	0.400961915305	0.320983936081	-1.86831511312	0.018767918873	-1.48944293935	0.207005467558
G44	0.328454825827	1.13612096358	-0.430719286013	-0.914886383489	0.845104435288	0.331712089216	-1.26034942117	0.431374049292	2.59462823772	0.218016859992	-0.569867518088	-0.362986231891	-0.537275572353	1.62843121953	-1.24220916775	-1.45137568814	-0.00722998440688	0.823327118989	-0.979497357089	-0.707438616703	0.126665427656
G45	-0.458482323604	-0.197174475605	0.879510516012	2.31965514943	0.0487879422289	-0.63711365432	-0.321549618209	-0.255790437278	-0.392272131616	0.461810161966	0.538119464313	0.152898538961	-0.983549839521	-0.784872835947	-0.289335490138	2.52547537226	1.07499949044	-0.689214274876	-0.483230449994	-1.63073965359	-0.877931450919
G46	1.14429610376	-0.75962080746	-0.105044941386	-0.174088366905	-0.871163845235	2.79013032219	-0.769004821043	1.39969304426	-0.304755300226	0.934255642235	0.594685290258	-1.35617028827	-0.465065945587	-0.147111807773	0.55378770569	-1.06184357895	-1.47025524305	-0.0613611677967	-0.709806674045	0.167682913206	0.670761766125
G47	1.41547632801	0.809231568325	1.09882077247	-0.430485911507	-1.3776307569	1.33784534874	0.296563216717	-1.18241491539	-0.74769125478	0.695588700007	-2.07068810952	0.605352212829	-0.757324423218	-0.437687021795	0.714582519618	0.198143289575	-0.238914196212	-0.719385900481	1.89240055463	-0.539248819498	-0.56253320163
G48	-0.571588467367	0.877757717345	1.75977272138	-0.880740081795	1.69024358303	-0.487608273759	-0.768425723077	1.50128604391	-0.909128937945	-0.846621287578	-0.528975734121	-1.13334116209	-1.14439716593	0.374406638078	1.88116999954	0.85387035439	-0.32172614602	-0.790663940861	0.34276576862	-0.357860094667	-0.540195811085
G49	0.408947653538	-0.0279922741179	0.433101133591	0.084260833811	0.67373155531	-1.53411552102	0.155422950288	-1.72895726462	0.481247126976	-0.308356060078	-0.149299760092	-0.776197362161	-0.261228816596	2.83478602949	1.25546104833	-0.212028067593	-1.94925292993	0.516123955812	0.224572982756	-0.149418367149	0.0291911534476
G50	0.380985596733	-1.08304520571	0.204664706968	-0.996531806074	0.633587130749	1.19467749072	-1.49540440187	1.30275824919	0.924794580697	-0.807800808343	-1.16080108938	1.56098585153	1.12429665875	0.149674241478	1.6795421843	-0.84620284802	-0.0846414251006	0.0122295754887	-0.736591872266	-1.3686895828	-0.588487227057
G51	-1.81791081003	-0.88141505027	0.577367031062	-1.1726248331	-0.598984207607	-1.1591248057	1.43140778986	1.21026550266	-0.257562952026	-0.797275220221	-0.113801566731	1.50710742846	-0.495894061757	-1.10587529191	0.992050717436	-0.109404965097	0.825142098154	-0.18724763498	1.83109738875	-0.297824127246	0.620507570288
G52	-0.229797916205	0.371196632853	0.0272682478881	-0.507357129447	-1.81658188835	-0.120225888339	-0.505182234834	1.98537909405	-0.338528692442	1.70852756879	-0.806922448677	1.11770977225	-1.11144557075	0.33428322905	-0.625247979696	0.968120480903	1.10059568403	-1.14643924631	-0.733516266886	-0.911335331484	1.2394998836
G53	-0.818177707826	-1.03099059938	1.27838361846	1.34173371409	-0.841785514964	-0.623376928362	1.38758543195	-0.823504343302	-1.33629881318	-0.810179901874	-0.022808284365	1.39272484164	0.926958346951	0.229226548539	1.70480211471	-0.161522336589	-0.572804888984	1.24368816002	-0.762476591301	-0.814445591256	-0.886731274955
G54	-0.46658902726	-1.38284431593	-1.42092283901	-0.123750528856	1.59786417509	-0.478969863817	0.061020015605	1.0639501459	0.835077644877	-0.265871809561	-1.17878590477	-0.905925266406	2.83104162291	-0.969586159156	0.233862005188	-0.0535555137037	-0.329272116178	-0.388829526146	0.546155016424	0.559248720793	0.236683524007
G55	1.79993535668	0.172985549007	-0.559318587589	1.80399389505	0.331487925581	-0.187127462959	-0.177669727917	-0.215439729071	-0.35029776804	0.251133741132	-1.11904343527	-0.502133416433	1.15994163917	-1.59338053592	0.214107195955	0.0715220899546	-1.3570712257	0.0612721477248	-1.96402380958	1.45442333258	0.704702825653
G56	0.880060525038	-0.0259184692904	3.23365551081	-0.63892323445	-0.291002512472	-0.192248397007	-0.729447401409	0.696517575756	-0.789597300226	-0.191121343479	-0.893565354911	-0.625244105022	1.01202936442	0.909679913091	0.533172057694	-1.30837020831	-0.936382855776	-0.752620464608	-0.808065529382	0.517719837825	0.399672391711
G57	-0.231321658745	0.447943287815	1.95234854512	1.59978617896	-0.910510698923	0.742414500869	-0.343283570188	1.11576458843	1.41602442207	-1.61520883738	-1.60032815052	-1.24374730057	-0.137628894993	0.239105099016	0.88250579885	-0.196345516673	0.0421629581902	0.100805191617	-0.743421019476	-0.370555214625	-1.14650970884
G58	-1.23837961106	0.223999868775	1.24796954507	-0.482877785068	2.28909786945	0.0720602628833	-1.46080926176	-0.293709091629	-0.170513565215	1.04384405285	0.405352340148	-1.87952074524	0.14320708984	-0.613217317872	0.259315199449	-0.567323164486	-1.62776568569	0.383411014715	0.934741047917	0.702365348959	0.628752587968
G59	-1.06998610291	-1.80506624498	-0.36334392737	0.972574937513	0.752486472126	1.25073107527	-0.146687810597	-0.329452533856	-0.900764347049	-0.302002456496	1.22502853378	-0.47674907401	-0.298359288501	-0.530410447074	-1.47875094579	-0.677691306447	-0.0546799600575	2.11060583753	1.56206948681	-0.247353194262	0.807801296375
G60	0.432546095408	1.05383216167	0.697254053551	-1.0239646933	-1.03286426777	-1.03015677233	0.527271497022	1.72306237672	1.34646330429	-0.62211846524	-1.03229376469	1.59350755666	-1.02996250029	1.22237683153	-1.01136574152	-1.02930033364	-0.855049264839	-0.105316549979	0.75233017494	-0.950020926776	0.373769228599
G61	-0.982517670283	-0.767060668441	-0.43248385396	1.57044182531	-0.292036308225	0.122277023646	-0.0672424277258	0.664119754069	0.0479283968508	-1.04398012551	0.427761360621	0.459289313895	-0.852797942319	-0.825208318571	0.033688591045	-0.365185849576	-1.17406757301	1.94818571577	-1.46163490881	2.34273811953	0.647785545688
G62	0.986450403667	1.34673495531	-1.06538911513	-0.807661201681	-1.19667608797	0.164392313048	-0.968711072913	-1.36839444802	0.790779571944	1.57552902884	-1.22930510265	0.752235871669	0.907433211633	-1.09087339011	-0.956711278586	1.08607175383	0.912702294254	0.766804043027	-0.484989037951	-0.834629160511	0.714206448294
G63	1.3223043624	0.773157624428	-1.88412973625	0.946964183568	-0.209098873733	1.19648469799	0.120165949473	1.6204459986	0.492999337006	0.420821463311	-0.668649524521	-0.29013998198	1.46672388682	-0.770621897254	-0.663317056801	0.214313235855	-0.748057232356	-0.247131238185	-0.0289890188642	-2.07650072371	-0.987745455797
G64	1.83757360878	-0.995912871333	-1.04333009152	-0.0481373388799	0.62259114852	-0.894044293473	0.560505178195	-1.04331654696	-1.04015615143	1.44787652223	-0.96773794512	1.4219138729	0.92816302072	-0.706161036221	-0.967399331313	0.523135758395	-0.959423847433	0.477513191393	0.632219067781	-1.04912941733	1.26325750209
G65	1.06327792408	-0.0900150122274	-1.68132170601	-0.889168587673	-1.54817553764	-0.97449615064	1.73012781595	-1.0424256833	0.549410161272	-1.12557109875	0.234295271405	1.53035181157	0.983043637288	1.20053580191	0.897901516894	0.332047486725	-0.56084730909	0.632170303797	-0.0416608614627	-0.814580707479	-0.384899076627
G66	-1.27661795825	0.67998689508	-0.868423428306	-0.968234935316	-0.63568184148	1.35112099754	0.102046072231	-0.843318769526	1.38492812088	0.277118453996	2.72009752908	-1.21728401853	0.78336771355	-0.500586987098	-1.07844992762	-0.0497943666114	0.619893602718	0.0989139638112	-0.575628375306	-0.564879729714	0.561426988874
G67	-0.859529856287	0.0403596593219	-0.701414154655	-0.187244803998	1.22756274406	0.296219927973	-0.962490933	1.12211992586	-0.86583992665	-1.05137436578	-1.47674347052	0.785022483817	2.23555879063	-1.26536737822	1.23651919658	1.01754710362	0.0286459088169	-0.275961863046	-0.862238628596	1.02810663637	-0.509456996282
G68	-0.124120024169	-1.20414172799	1.4149890287	-1.0486781894	-0.875997528065	-1.11620573779	-0.164482603874	-1.08655287497	0.733016707448	-1.03269755252	1.12153897259	-0.855010843627	0.752313431142	1.15376884937	-0.978869173278	1.50848236589	-0.810128852102	0.979750147009	0.834913423137	1.36250159207	-0.564389409564
G69	1.6688626365	0.964039140941	0.927848155638	1.081646686	0.287136801961	-1.26038580434	0.669826210044	-1.31377759482	-1.24780864752	0.602803592813	0.928322361926	1.41242064757	0.752922501673	0.560513163399	-0.500999530291	-0.99675780846	-0.634993232508	-1.23450839463	-0.765453138506	-1.25493544722	-0.646722300167
G70	-0.056089747365	-0.481593769616	0.113062960619	0.385848683196	-1.19414549832	0.486606635271	2.24617279318	-0.175916564673	0.333584963324	-0.529641661003	-1.6599997764	0.5376429179	-0.493393904927	0.903028668036	1.56688042931	-0.812266060229	-0.271307965848	-1.67419725008	-0.588026875419	-0.343252526056	1.7070035491
G71	-0.904888616799	0.174812690812	1.1274832939	0.789107753853	-0.930275361426	-1.47275197295	-1.43925609185	1.16496287221	0.367850423388	0.00457304568207	0.603731551319	0.157281439013	-0.307080390556	0.943904977186	0.0106903335439	0.751225329753	-1.36716161637	2.47063828546	-0.561746068287	-0.493575609163	-1.08952626873
G72	-0.126466407978	0.315522513589	-0.239078266886	0.157212936275	-1.67800757516	1.14827935488	-0.318084014561	0.324254561692	0.441015020161	-0.11368395202	-0.840456874528	0.279451089177	-0.729170603645	2.33782277207	-1.92166327885	-0.182614529334	-0.930235655043	-0.191241372038	-0.407680439052	2.07951195632	0.595312764932
G73	-0.0538173528675	0.120647217777	-0.204772902013	0.494923156367	-0.866069118651	-0.0363552585879	2.08093656949	0.513213861841	-1.00166795527	-1.57738830293	-1.60741014394	-1.02263310816	0.710292747344	-0.0548635954069	-1.3804335479	1.45930245639	0.567819984397	-0.829774658661	0.707312003962	0.663289213102	1.31744873371
G74	-0.540336843644	0.783776204572	1.44366229038	1.44591003196	-1.07140295671	0.220125271615	-2.07402800847	0.703970972308	0.444600622595	1.18576070303	0.905918363045	0.48370270378	-2.00227272373	-0.883037157952	0.471689476465	-0.931397793736	-0.69215900253	0.728415161979	-0.022714068602	0.0144643501469	-0.614647596493
G75	-0.966906451462	-0.986294137265	-1.10814446489	1.12936501718	1.23041307653	-0.831893824463	-1.16726234194	-0.763732690099	0.956716778646	0.999499663353	1.00201071196	0.828250477946	1.4782685384	0.26984757405	1.07721322943	-0.916525009445	1.19599580483	-0.785334955123	-0.53448468191	-1.15771367492	-0.94928864081
G76	-0.866369579834	1.49481027391	-0.0657756848628	0.163685785053	-1.51304065836	0.220895958686	-0.820420063539	1.27286053292	1.52863733018	0.183843644856	-0.169306452813	0.155140586506	-1.88751213617	0.132118143099	0.182031604986	-1.21698108767	-0.958951812145	-0.0854948402764	-0.0955815732205	0.136276297749	2.20913373096
G77	0.0735386576853	-0.494237056883	-0.0803246061741	0.286696642143	1.13599125647	0.226623313129	-0.207679039596	-0.909316667209	0.246337015573	0.10463931996	-1.12731045751	-1.94601645379	1.21054037677	1.67490876125	-1.13019296527	1.34327729855	0.420207654297	0.388307299432	0.671871364048	-2.24914663163	0.361284918763
G78	-0.285956823727	-0.789169762734	-0.632220833324	-0.503141247714	-1.04106005924	-0.511823885997	0.220494211195	-0.672173803341	1.04987620787	-0.316279420071	3.43073559011	-0.476673762512	0.351874029573	-0.831250201255	-0.0411794787621	-0.580011472827	0.28793644363	-0.302073261471	1.45342391119	-0.660529491966	0.84920311137
G79	2.06761909195	-0.30088850716	-1.35007922326	0.282763351438	0.980011114745	0.305546310036	0.242560023405	-0.794490996172	-1.01210445484	-0.686594122391	-0.0475259168568	0.154318662605	2.67076848218	1.09112173877	-0.317536523327	-0.418603629296	0.0283314614403	-0.405005530861	-0.526785747182	-1.48001595818	-0.483409627034
G80	-0.913310180472	-0.175937137658	-0.559832843805	-0.16875963988	-0.0112009816898	-0.770988410455	-0.410201984704	1.16969709828	2.14136038295	0.115745382989	-0.83794299088	-0.220248778809	1.55981222514	-1.17137458512	-1.10275318148	-1.05727799614	2.09303174401	0.812992311661	-0.983584555623	0.0972441069551	0.393530014725
G81	-0.345889162766	2.18187030498	-0.837111683443	-1.56703025753	1.48267343861	-1.34307097254	0.862071123805	-0.954705774864	-0.00400325012376	-0.76451515748	-1.1336752278	-0.299133021984	-0.386187913942	0.334996557368	0.218632076662	1.62457515519	-0.206559575268	0.781185938945	-0.946856373129	0.628429621108	0.674304154208
G82	-0.861242517427	1.3554349202	-1.01927371636	1.00934592563	0.623001022147	-1.00993670815	0.544941462653	0.872545755646	-0.901894725406	1.19439866361	-0.918175802181	-0.994980835294	-0.981047262612	-0.380134174523	-1.02129055052	0.883845327767	1.21395993562	-1.01882567122	0.581735434066	1.77397596853	-0.946382452169
G83	-1.02817157823	-1.13940669282	-1.55452064019	1.74104899029	0.901798239149	0.125733947512	0.60612185729	-0.913091865502	-0.745959309436	-0.707772361319	-0.966177633832	-1.28374593055	0.98854950289	0.701642557948	1.00062622447	0.826979344121	-0.793239686468	-0.772871496362	1.10699424143	0.722849598626	1.18261269097
G84	-0.245906502311	-0.288840303036	-0.73665695954	-1.62651878358	1.80762331845	0.0181633716589	0.402195282051	-0.664398942759	-0.172207901382	-0.442644168825	-0.262054956372	-0.462654926	-0.791150212474	2.79521788554	-1.09949196469	0.204827931996	1.7172820351	-0.183276786182	0.140177371016	0.488403351927	-0.598088140582
G85	-1.15152902516	-1.32677385445	0.236503930048	-0.664567710941	-0.223305955302	0.963599363821	-0.98844546959	2.59062905327	-0.796941863073	-0.862356100402	0.050687250093	-0.249217925817	0.155807900316	-0.706446821419	1.87977781486	-1.17184156029	0.117443018816	0.341172542518	0.564450028468	0.047770877497	1.19358450674
G86	1.28459815313	1.15435699908	-1.54533994518	-0.364005423267	-0.191712171793	1.57186525374	0.106410368581	-0.104471961012	0.0216816509032	1.32231343536	-1.44910446134	1.13715715785	0.63199323731	-1.91731700097	-1.24071486236	-0.0222547364361	0.419668876458	-0.643936390869	-0.477971458728	0.972918374647	-0.666135095112
G87	-0.579558774619	-0.915424255189	2.13270241491	0.853037641493	-0.288814235153	0.00399195148454	-1.77647381116	0.642966252253	0.238382934136	-1.11956654137	-0.0923078867291	-0.163057492503	-0.26078031545	-0.0862181843475	0.0645136210599	-1.58212248161	0.831198000477	1.85296079676	-1.14374794467	0.158893737088	1.22942457315
G88	0.362651845725	-1.07890450217	-0.572916364994	0.794536537586	1.64117826892	1.67502710625	-1.36515138612	-0.309331344087	-0.342579599708	0.557827873933	-0.610738682191	1.53370931775	-1.58102989581	-0.764249191364	-0.51816962913	-0.807306079742	1.28377352588	0.650824238927	0.829144895824	-1.14722490581	-0.231072029663
G89	1.3078747007	1.46685330355	1.32023286184	0.96940199741	-1.02898872815	-0.857134958574	0.591345667821	-0.77903503256	-1.08416334292	0.683044445001	-0.876475163019	-1.19406404851	1.32757952365	0.504156808162	-0.969913127272	0.133751297615	-0.495457464879	-0.452360298185	-1.0138197347	1.51118560771	-1.06401431469
G90	-1.04094823706	-0.18091536344	-0.862340409072	-0.531392562764	-1.60172282077	0.352656435911	-0.145834449139	-0.0054444032031	-0.757363221114	-0.442863184018	-0.458187917122	-1.28056731294	3.13091989975	1.34495226777	0.3417631509	0.87936806593	0.786816636293	0.601874216463	0.115582261555	-0.110759067234	-0.135593986693
G91	-0.541051639393	0.140570390927	-0.546612964663	-0.693147255114	-1.13754983534	1.25392447416	0.939031886921	-0.503895555686	1.7304264277	-0.124914532988	2.0324478152	-0.777304106573	0.328702549459	-0.135037341972	-0.34299265021	0.628540010749	-1.2416366271	-1.32596363938	-0.743884519946	1.77653649153	-0.716189378278
G92	-0.683407726566	2.58804215834	-0.382661260167	-0.881029976492	-0.606841697816	0.773446493378	-0.0969177112638	-0.505213816776	-1.38817747662	1.90120158706	0.145249836926	-0.144622410877	-1.08660159672	-0.122474103122	1.18570315434	-1.24252427034	0.501372018109	0.988547184575	0.189239837905	-0.718910015603	-0.413420208271
G93	1.58523446505	-0.584221815434	1.41264643393	-0.0598504421416	1.31851505971	-1.55053331313	0.626207589349	1.4319123421	-1.22319818477	-0.348730434389	-0.086017571151	-0.465993678455	-1.52620011965	-1.21183673046	0.938999033795	-0.760024026253	-0.106178082024	0.523398568927	-1.16647398349	0.50010055858	0.752244329906
G94	-0.0609485128493	0.248313393334	-0.320968516593	1.79696777675	-1.15458082088	0.120380999741	-1.06098499897	-0.947613104887	-0.526289663372	0.0010952497308	0.680826608897	0.879966655528	1.25127232429	-0.291588894129	-1.18609839709	-0.884914162932	0.834207548709	2.59938147373	-0.737179834832	-0.386762319012	-0.854482805157
G95	1.88127863793	-1.43007246357	-0.611810062674	-0.212559513578	-0.805604978984	-1.1487189815	0.256466148711	0.158364781776	0.511952790687	-0.227384790279	-0.585977619978	0.341444909937	2.21634365031	-1.44457096503	-0.747662569235	-0.0118679198245	0.120097681244	0.861327118865	0.493687774613	1.52129271378	-1.13602634321
G96	-1.27831966428	0.117851102042	-0.817091448936	-0.592203563608	1.31878252246	-1.09080967404	0.16736849565	1.33936937886	-1.13542020342	-1.0243310257	-0.461666429544	-0.307091695721	-0.732014377043	0.371296596716	0.91562428305	-1.1599096494	2.02885730455	-0.519467154652	0.332526024939	1.70530446504	0.821344713038
G97	-0.273479038695	0.0717302232346	0.723378286871	-2.11591822002	0.69441045457	-0.560871168404	0.679097552578	0.535248136456	-1.01326629931	0.38107306828	0.890184461915	-0.248676137937	0.150160136539	1.69000392862	-1.16825183264	-0.640837557699	-1.543574246	0.920961394683	0.977973988367	-1.39689042432	1.24754329291
G98	0.226410922425	-0.859846490709	-0.237938771322	2.1261242463	2.49732439068	-0.933534118121	-0.407945010513	-0.120888055209	-0.673263945236	0.29102825419	-0.806916541773	2.17830615158	-0.549570345775	-0.506303160105	-0.502539498895	-0.80593406849	0.493428406403	-0.676396777614	-0.304069239814	-0.392434293475	-0.035042054521
G99	0.452805908922	0.797142247753	0.387424078588	-1.11159545324	-1.21907959946	-0.595572856	1.04421609413	0.359752105936	1.10806866019	0.300095378382	-0.94876864681	0.234785513425	-2.20975498278	-0.281685582325	-0.703490079581	-0.87409685733	0.588658549839	0.765413226959	0.868845465422	2.0985872618	-1.06175043382
G100	-0.162314282467	2.41436222024	-0.601981501355	-0.972153574281	0.751197454363	-1.34808709113	-0.643463338479	0.347927130102	1.60190917293	-1.15604175596	-0.331397705775	0.506357053761	1.44250922451	0.875315896867	-0.0418411203464	0.000359150104973	-0.480462837038	-0.587118038319	-1.73785254612	0.377268282636	-0.254491794249
