gene	t0_rep1	t1_rep1	t2_rep1	t3_rep1	t4_rep1	t5_rep1	t6_rep1	t7_rep1	t8_rep1	t9_rep1	t10_rep1	t11_rep1	t12_rep1	t13_rep1	t14_rep1	t15_rep1	t16_rep1	t17_rep1	t18_rep1	t19_rep1	t20_rep1
G1	-0.50573252581	-0.902116437531	-1.57303203543	-1.19031316995	0.367220515408	-0.493234905543	-0.0426461392301	1.44149291315	1.66604438887	0.877674954038	-0.0367405386383	0.74909462324	1.26963908004	1.52517356176	0.81333129588	-0.151224457589	-0.474183780387	0.157592235618	-0.579915428084	-1.40180299775	-1.51632115207
G2	-1.03801584439	0.655192443712	1.1840034607	0.874475734642	0.929304292321	0.769062255201	0.848695157926	1.14916322611	1.33722990134	1.26285839065	1.15441444059	-0.0881745905857	-0.848244224115	-1.01185544109	-1.02951106716	-1.03518770369	-1.04274433933	-1.03083699983	-1.05170629261	-0.987378813518	-1.00074398688
G3	-0.485632229657	-1.43725533887	-1.49807957126	0.218708691932	-2.01045462403	0.927595618758	1.26929123431	1.25914068542	-1.17141578687	0.209757234276	-0.996610538786	0.161161097131	0.539823568156	0.493502629768	-0.486544358888	1.13989918766	0.655917268409	-0.210445915202	0.996265919449	1.27181093641	-0.846435708126
G4	-1.47731097502	-0.236077760824	1.27606469709	1.07421578113	1.0222098252	1.86861350926	1.37075490734	0.928044080585	0.906035000847	0.560092348475	0.191103766274	-0.545273706864	-0.890110575313	-0.609463895025	-0.163517442177	-0.475895714954	-0.610301760864	-0.475116833734	-0.835492951055	-1.00458621627	-1.8739860841
G5	0.0594636947414	-0.556477584287	0.172005224514	0.397344171038	-0.31539244982	1.24825671353	1.52505635902	0.670558352563	1.14616694829	-2.0264416511	0.202160286317	-1.25277955938	-1.36862629595	0.623621369812	0.849246666049	-1.10557143669	-1.44599555139	1.07827464983	-0.637569386002	-0.302019308966	1.03871878788
G6	1.63297855016	-0.0387049768553	-0.839305604085	-1.02105943049	-0.964789198798	-0.995114739568	-0.88957233134	-1.11526866018	-1.10778920691	-1.03555916706	-0.922522063408	0.105280690721	0.0819932157692	0.266548423542	0.476420218367	0.0582376795911	0.663257939094	0.668600950078	1.67484430876	1.74222861299	1.55929478962
G7	1.36982786049	-0.402821650393	-0.728734090222	-0.34450555905	-1.01322461797	1.24011827531	-0.271678873139	-0.31853322945	1.15502011985	-1.57166011693	-1.95234178283	1.48647144789	0.374394230365	0.651216990434	1.10577077413	-0.110450467013	-1.8056201697	0.18194352579	0.715303865784	-0.118433765046	0.357937231706
G8	0.102860451991	0.817273429492	1.01324170298	0.830611720096	1.0297229356	1.9598890515	0.851111207578	-0.0559055284745	0.665315326923	0.730744213524	0.775845281753	-0.388647172921	-0.816011433403	-1.03979110076	-1.36727587776	-1.50539565354	-1.79844280864	-0.958304165857	-0.859649321893	-0.479272493695	0.492080235497
G9	-0.681826210581	0.938722801381	0.959731746227	-0.949426280159	-0.151104581331	0.444585783771	-0.44093942096	-0.757966947433	-1.57770013107	-1.12818638741	0.448147958994	0.173985881225	1.73851104026	1.3077811462	-1.15442026048	1.9112006831	-0.496378680675	0.626806925555	0.679086550006	-0.596588879758	-1.29402273686
G10	-0.879430034328	-0.534403386787	-1.55536969168	-1.36560124814	0.201462931969	-1.2970434442	-0.683120675136	2.34079683888	1.14564769012	1.60437162499	-0.306480625523	0.858985663723	0.541021414963	0.299376037841	0.939624201101	0.625281510965	-0.649754839949	-0.751840210645	0.417024488615	-0.490299804296	-0.46024844249
G11	0.190008932015	-0.299816953621	-0.640231821012	-0.829058466954	-1.28736512169	0.431674900862	0.873926923731	-0.96911863058	-0.0547757817841	-0.126046008586	1.45247114982	-0.705133638771	-0.156003176892	-1.06470574226	-0.154019662276	-2.07381073283	0.0979853316717	1.12201869083	2.17597514345	1.21596124293	0.800063421943
G12	-0.622197727978	0.705861307	0.548346476932	1.21363608361	2.29344717326	1.16968591309	0.213374943172	0.852644126468	1.02754919139	0.58105591559	0.301397109576	-1.09343092218	-0.710100077137	-1.66498194192	-1.55217634805	-0.965867056646	-0.55714365736	-1.01265937256	0.0499087436626	-0.370845244192	-0.407504635732
G13	-0.321591133015	1.32473077682	1.15821902035	0.626324614571	0.626299190988	-0.177757212528	0.283596920022	0.0691896756498	1.4526546191	0.939055023608	-1.3380310637	-0.136787108619	1.21285430009	-2.06314469983	0.525731123949	-1.86598227177	-0.98187971736	0.0982590003842	0.320092473333	-0.8508516556	-0.900981876443
G14	0.356834515435	-0.773401362623	-1.0868164633	-1.71294341877	-1.24683344693	-1.07717851342	-0.0426801611094	-1.14051241895	-1.40003242702	-0.133396093551	-0.425223634782	1.03168178794	0.980818311705	1.02070279693	0.546436565537	0.429715854033	-0.0941897880085	0.626186040063	1.00597084032	1.79643591199	1.3384251045
G15	-0.19282933487	0.317634566186	1.54195129731	1.1216722246	0.408330170574	1.49161596123	-0.950719423345	-0.440776752811	0.895974927931	-0.818165572968	-1.55782155414	-1.84961506285	-0.110543613208	-0.594043915838	-0.695773477531	-1.3747576285	0.298287803473	-0.497550555324	1.15454260445	1.30813236287	0.544454972754
G16	-1.25885184911	-0.29314795889	-0.98908126962	2.3099390898	-1.15774034532	-1.22223549447	-0.592775048464	1.64601170351	0.895516336016	-0.578117060021	0.487858917736	-0.112539919945	-0.0949376153854	-0.290534321905	0.616130624843	-0.251908455614	-0.358819562643	-0.485158068672	2.16209372177	-0.035580711209	-0.396122712407
G17	-0.759507681335	-0.830916796142	-0.754953773011	0.0109640725379	0.507715155502	0.64253958409	0.605217512696	0.223932671037	2.44119679537	0.568535516152	1.28867679847	1.49126150753	-1.05354257489	-0.708432154498	-1.31404896169	-0.821742729709	-1.09776991238	-0.664760295984	-0.821069020354	1.23945015026	-0.192745863649
G18	1.89744676277	1.77381796417	0.963395112678	0.252442519127	-0.26420650851	-0.388043483905	-0.772112110821	-1.02584701609	-0.990573590359	-0.939718257047	-1.19148739651	-0.87369611566	-1.02411137342	-0.923500532388	-0.906149122058	0.123789260748	1.10814946655	1.18647096879	1.24455856456	0.640872826089	0.108502061274
G19	1.01642183376	0.93121383153	0.830293265574	0.880164094921	1.13325717084	-0.375244328213	-0.871048274914	-0.896443902172	-1.07932570634	-1.07381746246	-1.46883008425	-1.55128587216	-1.46328559565	-1.01168304079	0.00941041056393	0.514964664288	0.842248777766	0.958732159524	1.27914742135	0.919295517869	0.47581511898
G20	1.03549311704	0.66037548389	0.569361872942	1.35373858221	0.533438020705	1.41839067806	0.715229630007	-0.829757546151	-0.528339532462	-0.715061335297	-0.255579078604	-1.09123804706	-1.395635382	-1.48651233765	-1.51895383574	-1.21747456278	-0.406487767123	0.0029397719967	0.679933685334	1.51347567463	0.962662908052
G21	0.608872627	-1.56168831783	0.129391799414	1.15979664637	-0.650913721893	-0.167356908979	0.240212241528	1.9687058885	-0.492074352902	2.03621674202	-1.0007285925	0.00336109246541	-0.233485159538	-1.06836187248	0.580996935587	-0.347606219327	-1.35010272781	0.35016427187	-0.285811865863	-1.25766421232	1.3380757067
G22	1.05214074158	-1.52119564051	0.804475520594	-0.9569112639	-0.844988234202	1.10457190464	0.320004783558	1.4522324448	1.35860230705	0.337798284009	0.234196797824	-0.799088716412	0.325069569301	0.0633867750167	1.59586436253	-1.80326118953	-0.37710619502	-1.45232905818	-0.744440782506	-0.570672318302	0.42164990766
G23	0.349417163167	0.0676945459877	0.17711841979	-1.61523156524	-1.69699515073	-1.49249369763	0.00284756438961	-1.20425654701	-0.808454260549	1.12803593037	-0.0546524794498	1.62737111455	1.05960871514	0.86748591981	-1.02992154576	0.473088875047	0.814288123381	0.810925687298	-0.0606150602055	-0.812816178519	1.39755442617
G24	-0.67109697244	-0.0263098806585	-0.333520900405	-0.0102641312987	-0.347197767588	-0.535420281961	-1.26590957744	-1.33780658622	-1.40772686963	-1.17189157706	-0.532157888035	-0.0442446780529	-0.841795975825	-0.0421667252149	1.26953243529	1.90932431018	1.94578214017	0.847971041183	1.29626764591	0.62050733996	0.678124899146
G25	0.359666955215	0.00363502437761	-0.307985008712	-0.605502679475	-0.769083053405	-0.738425970379	-0.832306778764	-0.534315297784	-0.743935966662	-0.495358725909	-1.17906686847	-1.18857951974	-0.195772691315	-0.42934680966	-0.913811247754	1.2844026153	2.32879748357	0.882303054304	1.15869581846	1.15044709499	1.76554257181
G26	0.0434437251071	0.0911113666126	1.1239713803	0.239243915415	1.02992667409	1.47459455246	1.42299539472	1.00221235435	0.434177609749	0.467467954652	0.466481089871	0.839907375055	-0.0240034606753	-1.6383930767	-1.66061666574	-1.75518111011	-1.44197350519	-0.840520872578	-0.0802499703349	-0.748468230253	-0.4461265008
G27	1.54758440845	0.754895391346	1.00836304046	-0.764862198292	-0.066109725494	-1.12714218542	-0.466581665534	-0.816884875375	-0.913435711275	-1.20592468221	-1.35943773954	-1.47059905737	-1.35758163565	0.133201967341	1.06883578958	0.960461323845	1.24667232805	1.07758999951	1.03629627158	0.400900465284	0.313758490709
G28	-0.440743756241	-0.0322421170101	-1.214060342	-0.442775860867	0.300516793995	-0.245632072282	1.26806772566	1.97324952684	-0.830773872669	0.570072982979	-1.37728553009	1.35756924863	0.780306892441	0.542651426438	0.30860845915	-0.981983086193	-1.36970248388	-1.57698664054	0.0554086969044	-0.182176819173	1.5379108279
G29	1.04074595979	1.05193076326	-0.0762689221901	-1.05470878627	-1.09832524969	-1.24140930714	-1.2302425413	-1.02209969494	-1.09534535948	-0.988541971481	-1.15261814988	-0.98042356522	0.0993741629666	0.678604080734	1.14113936283	1.03378233001	0.737774503511	0.801939877525	0.83604830089	1.15871684986	1.3599273562
G30	-0.968658297678	-1.58679186595	-1.22035814733	-0.534914848707	0.331622987075	0.153980214812	1.2649579211	1.49359562324	0.553462330881	0.961821673364	1.04639652589	1.60375484885	0.742243830697	1.29454195827	-0.202027674968	-0.489585952171	-0.866019775656	-1.20807198032	-0.333090199328	-0.977756573075	-1.059102599
G31	-0.049146169566	0.35090672943	1.36934482674	0.0564251151538	-1.15120646484	0.00627161709343	1.69316582445	-0.625563354872	-0.797505733143	-2.33157511769	-0.511900969477	0.192685479891	-0.349340398229	0.466180728053	0.539132772256	0.799385892396	1.72152596998	0.200222072354	0.729999218015	-1.68827952281	-0.620728515186
G32	-0.958348032175	-1.01711098576	-1.08299224332	-0.904238403573	-0.146277083413	0.87850730055	0.921318626649	1.24745107313	1.30161855275	1.06943614858	1.64018844073	1.4007299571	1.10543578106	0.36416184806	-0.481198150345	-0.763418523759	-0.966616519441	-0.876211166364	-0.9314751856	-0.962936669206	-0.838024765657
G33	-1.43752499842	-1.15173578838	-0.582169859107	-0.0939886516621	-0.293142281623	-0.100109082588	0.123603261383	1.52085437203	1.28365619118	1.48556774521	1.40021414326	1.49802047961	0.772192876432	0.235586556898	0.824301586734	-0.404096055602	-0.913555831921	-0.882189742471	-1.15882247749	-0.884330550441	-1.24233189304
G34	-1.16478522304	1.35827079895	1.85195403212	0.281020514129	-0.156039762449	-0.835515241538	-0.146726721118	-1.1332480687	0.517419475206	1.97341684251	-1.17742853431	1.17387592761	-0.661529555652	-0.956710291525	1.47918972103	0.197303552301	-0.180539838834	-0.736945945153	-0.178514900827	-0.662993870327	-0.841472910386
G35	-0.95997564503	-0.945450780847	-0.493638938516	1.21480835618	0.797732195143	1.09752450621	1.17306044243	1.00844679113	2.2856318265	0.539625801445	0.907031798119	0.6832935358	-0.216997843893	-0.802571286073	-0.843198836819	-0.652701700411	-0.957845626837	-0.931393103607	-0.922483339358	-0.982553395041	-0.998344756527
G36	1.78519009403	1.95797668233	1.57001762596	1.72781440568	0.131763203718	0.440825287036	-0.182980980477	-0.239085793755	-0.652465185232	-0.859775087842	-0.874015405983	-0.861880461711	-0.971102752598	-0.818511318494	-0.997259118469	-0.546063755296	-0.906420595172	-0.712199147342	-0.472773792391	0.725079803894	0.75586629211
G37	-1.55312686587	-1.41761548783	-1.10341369541	-0.798766230242	-1.12802036955	-0.349068070508	0.112884300283	0.675969392195	1.16280272403	1.05397086496	0.687660018713	1.17744500517	1.56968824562	1.1631677576	0.602468006553	1.08817075778	0.160599305164	-0.150033345938	-1.02978813012	-0.637759133682	-1.28723504894
G38	-0.61531888431	-1.01399392157	-0.580985105696	0.917129731776	0.448568322643	1.76228953552	-0.225926768661	-1.30486135392	-0.314762258803	-0.412666036532	1.1185331029	1.27103824367	2.57629674354	0.084794311063	-0.514295247707	0.19520052079	-0.740343204287	-0.258735112591	-0.818899257698	-1.39805084858	-0.175012511561
G39	0.216311152462	-0.168562910418	0.0269420759329	-2.3115336557	-0.325551135181	-0.447807474903	-0.551673046	-0.0669909666785	0.929811916066	-1.15559765435	-1.33532123198	-1.28207985244	0.521147014235	0.199146782994	1.51694268406	1.17608982749	0.806780596452	-1.03462381502	0.977751076277	1.17102766927	1.13779094745
G40	-1.06822320226	-1.24462998137	-0.777449589481	-0.485092709986	0.876938205987	0.462315819341	1.24062040649	1.01863980936	0.85061313353	1.50394407497	0.836028191097	1.81278474199	0.567890992527	-1.06579455404	-0.387483011546	-0.674002842746	-1.73171638181	-1.30749918387	0.12458475779	-0.294106363258	-0.258362312711
G41	1.72792743469	-1.11451448299	-0.663251516111	-0.195097383254	-1.95122186521	-0.0941374972283	-0.888450589657	-1.45413003851	1.64914976448	-0.218913696657	1.50031839666	0.938401325712	0.454542065452	-0.671143614431	0.410467554357	-0.812537532051	1.05730498694	-0.595568248363	0.465002266733	0.673209690483	-0.217357021034
G42	-1.35382655866	0.319202169411	2.46739103131	-0.0795179428847	-0.607723963208	0.397071732626	-0.934733229618	-0.13028144342	0.311349323162	0.106815687576	2.20100563518	1.50511938415	-0.320708469529	-1.37196876561	0.03628007138	-0.509869073263	-0.663548015627	0.0233769484799	-0.218161651657	-1.26213937687	0.0848665070822
G43	1.37884155907	-0.12134889851	-0.815292269629	-0.91133021214	-0.966263429524	-0.973091889017	-1.00637161949	-0.960475377811	-1.00474676577	-1.00586003344	-1.00714565781	-0.838758635759	-0.189772945686	0.325760077232	0.969712167919	1.10158072022	1.27793062229	0.890933399642	1.68478333798	0.844531839427	1.3263840108
G44	1.2091915357	-0.313162940532	-1.0664848035	-0.647765365703	-0.249445952696	-0.27909847071	-1.59150706874	-0.561971811389	-1.1494505068	-1.15223633923	-1.28931778285	-0.351299011594	0.128712941474	0.682463315771	1.89779636843	1.36834534395	-0.0689929218621	-0.167480291809	1.50429228568	1.11090165312	0.986509823273
G45	-0.679531872388	-1.47636870476	0.0228089227308	-0.372761279272	0.228487244192	0.428649567149	-0.120836676383	-0.0332368088866	-0.623439275873	1.07303254281	0.836964678186	-1.485106665	-0.36403034876	-0.918948233979	0.498881303416	2.77479540848	-1.08546390336	0.596411842816	-0.204670949319	-0.690446707152	1.59480991535
G46	0.867791588347	-0.803833371819	0.195010686357	0.508081873138	-2.1327490667	-2.0953281452	-1.25628705078	-0.233490185986	1.19425970547	0.585370882414	-0.119015955132	0.728374294838	0.320385643033	-0.509216381445	-0.476284831574	0.0340766793626	1.85848897144	-0.0953985067909	-0.55253929221	0.77193606928	1.21036639395
G47	3.04709736207	-1.26557106413	-1.2556353628	-0.342856315851	-1.49415214764	-0.439710293808	0.0696543987162	0.0654367092397	1.85141986607	-0.0195930497125	0.153711421183	-0.908095651586	0.0538972667097	0.0403763794433	-0.082741483623	-0.60897543523	-0.146835675195	0.69317249064	0.792393110987	0.194486915927	-0.397479441395
G48	2.7360494504	0.323754945396	0.692258958691	0.660881158303	1.72028573346	-0.0294012941347	-0.483816686935	-0.748600771684	0.814248102739	-0.601012567293	1.15487304827	-0.13920318622	-0.650146435732	-1.15493774705	-0.520489236023	0.124187236701	-0.475227298351	-1.37447738779	-1.19311475117	-0.882619724727	0.026508453147
G49	-1.18025512262	0.204025976436	0.00617345782146	-0.130212155864	0.634225920857	0.390192996714	2.34609421636	0.7666357032	2.52065464993	0.280900378611	0.485292041596	-0.427356557707	-1.73557078368	-0.835905779153	-0.86690227041	-0.63196654289	-0.741689229417	-0.471844308609	-0.133851297552	0.137640246095	-0.616281539719
G50	-0.694263058786	0.0460988045553	-1.42146666183	-0.940593283159	-1.25294390225	-0.657824885873	-0.107434072072	0.638007147021	1.49927070413	0.363965628698	1.7301461211	0.894739775181	1.11288816613	1.57759587465	0.370190450483	0.18892831181	0.770763291222	-0.842810912158	-0.733308851433	-1.41620088709	-1.12574776033
G51	-2.0416681358	0.597997737332	0.893869130159	0.437089315062	0.735890492915	-1.21727828215	-0.328659558035	-0.10052539875	-0.270912438632	-0.123564543965	-0.31918261746	-1.31363416565	0.244278602834	-1.60852952248	1.48563036323	-0.442537132406	1.23792684992	-1.09721243832	0.854530854622	1.39555163219	0.980939255392
G52	0.0100759720448	1.07028956099	0.992250303606	1.47116159646	0.116261005712	0.66024463382	0.0051930535244	-0.360439721338	-0.0950816540324	-1.30622988862	-0.246491748938	-1.34746554805	-1.50228986046	-1.78240324955	-0.689367267054	-1.2031789946	0.161156804677	1.74125093036	1.20540868767	0.373533703179	0.726121680607
G53	0.574656673948	1.44850856423	0.638838908616	0.559177118318	0.853659846477	-0.563088683525	-1.08692922723	-0.938717886726	-1.24154294047	-1.11639748957	-1.11737451076	-1.14566409544	-1.12533333681	-1.04594585215	-0.753439181267	0.580472129498	0.817364764153	1.29962180665	1.08260114014	1.11440298171	1.16512927021
G54	-0.0143509040883	0.771832918717	1.40697222382	0.940685885006	1.40587914734	0.461137363188	0.0867922962124	0.495826176555	-1.29156100006	-1.06993638183	-1.35370046985	-2.22731785698	-1.36548130557	-1.07748210665	-0.172447961981	0.147253144862	-0.198219997265	0.625629680663	0.894634097801	0.710424258881	0.823430791244
G55	-0.182383032226	-0.586826686606	-0.846434966712	-1.27803742717	-0.422482874165	-0.420248618992	-1.34785572794	-0.62341804857	0.769183638033	0.851859773048	-0.146069865459	0.867264832064	-1.12303923462	1.26131963457	-1.13161112411	0.296747338863	0.421804773373	-0.000139097598342	0.943177346359	-0.183660991411	2.88085035927
G56	0.0903420400964	-0.799046769015	-1.46232746443	-0.75010726913	-0.116917416732	-1.37821232904	-0.874135953777	0.900306272105	-0.214140543384	0.914528300556	-0.107706779809	-0.436796444065	1.88721417949	-1.44052856242	0.0889841222879	1.77791185894	1.94124202353	0.144918023579	0.287383372595	0.160663713948	-0.613574375334
G57	0.800395911215	-0.396236788906	-0.954393501856	-1.06612526875	-1.0602215586	-1.11549995265	-1.10518809089	-1.10936427243	-1.12122500263	-1.08193669406	-1.11965560268	0.173456472472	1.15016606388	0.988096433042	1.23451419705	0.751345409084	0.95153197171	0.697694407498	1.22774744299	1.16044010443	0.994458320089
G58	0.253164237136	-1.43733148289	0.663680729513	-0.625860800828	-0.143745725605	-1.19932970151	1.32388350652	0.314800168938	0.659547929924	0.366967685051	-0.265754543299	-1.84851935591	-1.42356375104	0.129158992037	1.1263611951	-0.00624555240049	1.91138408553	-0.430575834402	-0.998808320347	1.58727197925	0.043514559237
G59	1.35818980972	-0.655668461485	-0.355865443376	1.37958785009	-0.014134600241	-1.01636947481	-1.44685228106	-1.31091102557	-0.279197652314	0.473270076927	-0.705488487522	-0.134614412376	-0.436820957052	0.505551337527	-0.719189075828	0.306232283589	0.399041516405	-0.876138873796	2.83268113932	0.973502217961	-0.276805486102
G60	0.897902667789	-0.381559532941	-0.932747705475	-1.06908915544	-1.07994985585	-1.08581646452	-1.07718586861	-1.08159574008	-1.08584849749	-1.08697880353	-1.08313332238	0.690978868215	1.15471704717	1.49995918824	1.7265161444	0.423183283469	0.752866555982	0.545585817659	0.690289396785	0.872039862256	0.709866114344
G61	2.26911020696	0.34937389939	0.060459855431	-0.977273882089	-0.21301658179	-1.13335459835	0.108228330869	-0.512589469607	-0.977690467631	-0.749497357617	-0.298282544314	-2.31821964549	0.231303022549	-0.515582181831	1.17600889912	0.935346952897	1.65409587403	0.24203847984	-0.374953437329	0.774635912285	0.269858732676
G62	1.81759831144	0.673389972488	0.902379021379	0.941701599195	0.530389125785	-0.633246426214	-0.813859796504	-1.16861368923	-1.12135420572	-1.40779587506	-1.00591687571	-1.31967281429	-0.928054140327	-0.604807292399	-0.225636902933	0.570493040166	1.23695687503	0.533606585233	1.77129897245	0.48014084027	-0.228996325058
G63	-0.234510724865	0.283816492835	0.649772768283	0.752568664065	0.644068718673	-1.03084885967	-0.80969147442	0.396998744621	1.10840590958	-0.982403798879	-1.13689530932	0.467525267161	-0.989042669731	-1.37309511637	1.33459820924	0.438580249457	0.764713140018	0.56405458055	-2.41937329045	0.0596512792368	1.51110721997
G64	1.32644778713	0.759992548105	-0.203471032975	-1.43144770132	-0.00392540530284	-1.30852201771	-1.18976216066	1.07811213387	-1.12541577258	1.70652242443	-1.73915694564	-0.565310672839	-0.198147562917	0.141498276774	1.21189178144	1.1579726347	0.997482687362	-0.170309194491	0.405555066609	-0.0122063587273	-0.837800515243
G65	0.161772621936	0.763875549151	-0.388488373016	1.43466903661	2.11818882462	0.432891626447	-0.259805971224	-1.0676462881	0.468061908355	-0.168523054426	-1.7969425023	-0.0285516249699	-0.365956796663	-1.35769117319	-0.862936798819	0.559811402543	-0.516897263925	-0.895062707947	-0.285253209353	2.15127470332	-0.0967899090502
G66	-1.14572767374	1.10175035156	-1.87392680348	1.10970435356	-0.0227808356707	-0.320057865795	-0.259566086704	0.9929349744	-0.458330752766	-0.9023166176	-1.31066126734	2.24158616192	-0.435447817606	0.197132519886	-0.220054126357	-0.529653028864	1.06230100621	0.917373852768	0.747730852446	-1.25930938034	0.367318183512
G67	0.939001957751	-0.522668386863	1.34972923175	0.514468063007	2.2992638188	-0.176598778148	-0.575078763186	0.8748366188	-1.93586517557	-0.800104123773	-1.49264436338	-0.849669749012	0.407090793969	-0.256885566759	-0.669850687744	-0.0134472012032	0.804883312414	0.144548376295	-0.741246957864	1.31530935489	-0.615071774175
G68	1.1795494109	0.81015563304	1.00168982618	1.21892933538	1.0223360299	0.972397938627	-0.0980251743557	-0.669700873484	-1.22693040074	-1.20891630276	-0.935642107879	-1.42359961953	-1.29041080703	-1.32840431453	-1.20128190868	-0.381052677248	0.0289977894904	0.842041891642	0.817671939731	0.93898586666	0.931208524688
G69	-1.49170126638	-1.28835625325	-0.56826562405	1.12356750758	2.51908156447	0.272765660876	-0.996897592156	0.965333915158	-0.279100400009	-1.11173108161	0.684294624553	-1.13174807358	-0.224257979027	0.862546339272	-0.433402709015	-0.571851026869	0.721473398043	1.04251276272	0.586236344189	-0.901112402923	0.220612292008
G70	-0.49995214824	1.10418296705	-0.700126857411	-1.23202762784	-0.751217318447	-1.21023540484	-0.909216300836	1.13953557593	-1.93010263488	-1.1140015412	-0.36051430986	0.655671740792	0.110321799159	1.19010118174	0.923558627156	-0.365743350745	-0.234092490787	1.55841492012	1.49855215766	0.38585518225	0.741035833243
G71	-0.9123285791	1.10284288048	-0.793969419153	-1.46796482385	0.474303147083	0.668451727337	-0.553960597738	-1.53711929847	1.93373946706	-1.23165107382	-1.75617140117	0.532480292849	0.0827064946109	0.372288609452	0.955282767134	0.184127663115	-0.461296119077	0.149235760361	0.984861319069	1.37600844948	-0.10186726564
G72	0.614896176444	1.64929956896	1.73375920523	-0.170154083869	0.73126255955	0.463465040845	0.00784445494451	-1.94012437431	-0.82644074705	-0.548577085305	-0.894307241516	-0.931407001967	-1.62973461549	-0.00248712391523	0.712947487935	-1.38683701856	1.23749631158	0.295202551807	-0.322126300179	0.31604266674	0.88997956812
G73	-1.15254832318	-1.89848614517	0.677758242401	1.66938678349	0.502265421442	0.818581253258	-0.832045018745	-0.486276398097	0.637665501301	0.594907480062	0.717479576232	-0.977780997252	-0.892876910792	-0.384318367524	-1.15036606493	0.0525470265795	0.0465756444334	1.16224844003	0.281657201504	1.86358467517	-1.2499590202
G74	-1.54078843138	-0.535432032093	-1.75821829793	0.0312482495237	0.314104138514	0.495110264214	-1.06261337371	-0.984744080599	0.763214482131	0.856394136845	-0.761014938337	-1.07056470852	-0.0898755365272	-0.478189465163	-0.844919369807	0.403152044662	0.686683484949	1.50784169863	1.37317166834	1.78736145278	0.908078613491
G75	1.04666076655	-0.796017626932	0.310354158639	-1.49991497256	-1.61459986803	-0.508450800728	-1.49572336462	0.285679977021	-0.831890283472	-0.897174264206	-0.523473023066	-0.302043513897	1.89372592196	1.05797685674	1.13037530992	-0.123891418206	-0.264456677397	0.321014606274	0.210563860428	1.67416824726	0.927116108328
G76	-0.150424779563	0.0742114982447	0.231477572513	2.37805838502	-1.75183810798	-0.556532075446	1.69003367107	-0.738148618064	0.766132823273	-0.358421474925	-0.100643897582	-2.09464414309	-1.21076254422	0.0580410409663	0.281436530577	0.34786465419	1.23251983089	-0.0771627468885	-0.335183503399	0.0731507009289	0.240835183492
G77	1.17672476203	0.684571307487	-0.74674555721	-0.348800110483	-1.0352344183	1.23529345801	1.29651939794	-1.04797770055	-1.53206306568	-0.60008570302	-0.757898940355	1.93437469055	0.837618553552	0.252741367624	0.176772726856	-0.582048316157	1.56318698641	-1.05128165173	-0.258943015375	-1.14589732599	-0.0508274456194
G78	-1.08304529428	-0.874182595063	-0.523228133284	-0.0859034927875	0.368594578085	1.45639717353	2.09949896855	1.96543839777	0.825258328379	0.882905831183	0.480852617905	0.989152621899	-0.185449527205	-0.284360901589	-0.733374256127	-0.503860816375	-0.892351109687	-1.08143748887	-1.09795432034	-0.758740285645	-0.964210296046
G79	1.0695010989	-0.633380866171	1.78131958936	-0.0440611441715	-0.0229505911865	-0.818527754896	-1.67608389046	0.420614217371	-0.659699264504	0.677606059629	-0.306660881793	0.165573698211	-0.967047042727	1.16454175819	-1.92189735674	0.337398057997	0.780641963125	1.30975703582	0.43201276476	0.552144330795	-1.64080178152
G80	-1.06320184396	-0.857426259548	-0.197108964986	2.1158755763	0.736660394945	1.48583578978	1.33543433323	1.15082457274	0.068729721925	-0.314450668195	-0.613786866436	-1.03018045085	-0.945147091674	-2.02982561716	-0.00468048596124	0.727808206536	0.251252234313	-0.879607501472	0.165187661756	0.583846756533	-0.686039497811
G81	0.940670259281	1.47259850513	0.042221513424	-1.20867244643	-0.870584050238	1.67363175264	-0.436382526335	-0.593284362681	-0.567774454549	1.12706515721	1.4617152161	-0.228927486596	0.197537126686	1.82305605256	-1.05368398353	-1.39015226855	0.136529448884	0.0149689756589	-0.748847619646	-0.822185347057	-0.969499461952
G82	-0.610805540856	-0.491213646519	-0.351633411688	-0.657470050051	3.87879365176	0.400258825035	-0.449546222447	-0.415956793123	-0.596603298928	-0.475095229091	-0.60456857747	-0.59119292105	-0.0904699628845	0.581581628074	0.517671539394	-0.388717043391	-0.53930589432	1.11938821794	0.550284094934	-0.266081811497	-0.519317553828
G83	-1.08225668987	0.614447145629	0.514221745878	0.604609927344	1.42998789102	0.431845265117	1.5022224609	1.3743979789	0.691455232931	0.683637427518	0.667038935309	-0.516115412596	0.236670527983	0.183164660498	-1.01688363911	-1.04046631888	-1.91939895362	-0.981392886578	0.3067260841	-1.68708865151	-0.996822730972
G84	-0.216824035241	0.594073796555	1.08155202615	1.37792404069	2.45929610888	-0.435061490292	-0.113961190028	0.150873894977	0.470245380359	0.591408403592	-1.32951980153	1.40156484608	-0.86894973904	-1.16407188931	-0.638400628864	-0.744534116272	0.598946955011	-0.407575958062	-1.60213619374	-0.42074545966	-0.784104950255
G85	-0.875463639133	0.292291920116	0.712498170392	0.799614411214	1.07702474471	1.13250171288	1.54953001493	1.01957785159	1.27169864132	1.20574172174	1.14089661119	-0.735266329269	-0.971013017255	-0.93948352752	-0.934327842068	-0.973312290965	-0.910765220609	-0.970042240211	-0.979576496073	-0.975003030145	-0.937122166841
G86	1.67351384076	0.616296198962	-0.525811395987	-0.991369051596	-1.28410249354	-1.38327890832	-1.59925648888	-0.565614076695	-0.67339034988	-0.151953095411	-0.337684180582	-0.580745293779	0.404089025845	0.125546412849	0.793558477942	-0.00855895729162	2.73120964602	0.654552817812	0.238176930653	0.612674553487	0.252146387624
G87	0.663149112452	0.468143870866	-0.136236926326	-0.952535358997	-1.06517495375	-1.16871967939	-1.11359517472	-0.907578160463	-1.05797658616	-1.46759253088	-1.25459713611	0.138306063646	1.26704026098	1.56039835569	1.99209195547	0.630665536226	0.180507214355	0.218378699975	0.748244195766	0.356567842684	0.9005133987
G88	0.384118540869	-1.13949117512	-1.29984022559	-1.18994260865	-0.958395970799	-0.620898213519	-0.839052797766	-1.13218176687	-0.595513807784	-1.12420327411	-0.805967766893	1.47699392902	1.32156423661	1.27901227521	1.77909562587	0.665547922806	0.70359311747	0.430352086361	0.298425201899	0.770351299968	0.596433371037
G89	2.25694169283	1.84380402935	0.0823200546979	-0.446359547926	-0.860864988167	-0.763725205808	-0.331180112383	-0.807398666687	-0.822444211132	-0.810114483184	-0.807612484605	-0.666966348292	-0.601532802472	-0.490209326349	-0.15099279315	-0.252948412901	-0.0896296825687	-0.207023613831	0.694822201907	0.796344922614	2.43476977806
G90	-0.924872967278	0.319474973762	1.09260966545	1.73172901577	1.26253382284	1.47116016501	0.600480549292	0.763471785065	1.12141868962	0.516310616294	0.974403571292	-0.12185386545	-0.821887195258	-0.919895647726	-1.01186603241	-1.01991874115	-0.96400306198	-1.0342432336	-1.05752504711	-1.01312341429	-0.964403648133
G91	1.21603180004	-0.103525426462	-1.43812402456	-1.15593917138	-1.64990707108	-0.719132006586	-1.08596982542	-0.805667269555	-0.815869576074	-0.551212743468	-0.334023938295	-0.238595291266	0.0929562861444	0.0222811546173	0.248552849098	0.562780488511	1.42163041572	1.54736896927	1.11025325106	0.961272364872	1.71483876482
G92	0.0944662967494	-1.0599222419	-1.13720946871	-1.28195373261	-1.69469226615	0.47554930323	0.327517409693	0.917475938516	-0.947811755384	0.632791464602	-1.23192263126	1.15927408097	0.663912905119	0.692964760304	1.30483854921	2.11534756858	-1.20222905475	-0.169337028519	0.0650397635086	0.371305693415	-0.095405554621
G93	-1.31998655986	-0.241506789831	0.459034631975	0.687052051753	0.758945510066	0.943562405094	0.66107937767	0.819590486318	1.59345114703	1.52887985104	1.21650473192	0.81978473167	0.240348877188	-0.512538215691	-0.84036619341	-1.01737399516	-1.19287220488	-0.864320490671	-1.13063086708	-1.31943833441	-1.28920015073
G94	-1.39971191169	-1.34228130901	-0.255280454126	-0.736649498959	0.490858394847	-0.344327531111	0.626117695712	1.49903990712	1.11060401935	0.342762790113	2.494920599	1.41749724854	0.535318822787	-0.061152394965	-0.600265682797	-0.0357590036112	-0.319305153308	-1.37290713889	-0.686968107139	-0.614593690631	-0.747917601223
G95	-0.802941593972	1.06549262913	0.297367304528	0.886861567683	1.77781678001	0.500985545902	0.341021819373	0.699734087065	0.716901521752	1.81540294096	1.5573875338	-0.4730196308	-0.766865284343	-0.921235595229	-1.0229483713	-0.98636184229	-0.924956397193	-0.868902827713	-1.04444543356	-0.873970645024	-0.973324108787
G96	-0.384932462906	1.59710594123	0.61837915396	-1.03889723071	1.09193542039	1.72244888577	-0.849548909208	-1.10951830801	-1.18946828801	0.705355964864	-0.407331945499	0.0334531944136	0.0763417642627	2.2715260758	0.370569881886	-0.448943027632	-0.13216368522	-1.54731270003	-0.313946944942	-0.35065299302	-0.714399787381
G97	0.689964248316	1.02060302159	-1.56471841125	0.460545644469	-0.388154221278	1.23874385534	0.349549863302	-0.300465950428	1.42026623826	-0.851599473445	1.3744156612	0.273713140703	-1.43334815967	-1.77850423314	-0.495769700681	-0.245399284424	-1.38221953631	-0.128189949092	-0.228702696375	0.36170255599	1.60756738692
G98	-0.997983515488	0.515863225802	1.46133235521	1.4031515376	1.10473265597	0.728877505525	1.43626343226	0.687469306824	0.899424156952	0.727360145938	1.01614449667	-0.163187679047	-0.554266916205	-0.815510927008	-1.02722517729	-1.0629999151	-1.11917075811	-1.06953869876	-1.19467564243	-1.07658941566	-0.899470173658
G99	1.04385553964	0.297218582362	1.14559339691	2.03344259112	-0.866412585899	0.190095153679	0.398483510838	0.0631517094009	-0.513437000003	1.33314633254	1.5208156036	-0.424321536236	-1.21624458632	-1.53942439401	-1.14912031122	-1.61845408233	-0.405900074759	-0.688516754967	0.151113935052	0.575644658277	-0.330729687679
G100	-0.144401269322	-0.184603302356	-0.368575921874	-1.40204107764	-0.469541516961	-0.722008640738	-0.501081664054	0.412600647266	-0.648370566061	-0.15415846654	1.79815099146	0.937970314262	0.587226988415	2.11858976068	1.79650873303	1.00516546478	-0.164645398955	-0.626733563227	-1.14712686127	-1.23875184583	-0.884172805074
