gene	t0_rep5	t1_rep5	t2_rep5	t3_rep5	t4_rep5	t5_rep5	t6_rep5	t7_rep5	t8_rep5	t9_rep5	t10_rep5	t11_rep5	t12_rep5	t13_rep5	t14_rep5	t15_rep5	t16_rep5	t17_rep5	t18_rep5	t19_rep5	t20_rep5
G1	1.0730445621	-1.19154807898	2.53076293466	0.302070241945	-0.772106379147	0.325213938675	-1.16934375786	1.97056425608	-0.406602861203	-0.379604144746	-0.400587647903	-0.449370990735	0.175075547853	-1.0435464282	0.398443266361	0.947506455672	0.383810732304	0.491688330484	-0.965322732979	-1.18846208817	-0.631685156209
G2	-0.489975029758	-0.77997277018	-0.972909854406	-0.0332116475528	-0.611022885336	0.408992307271	-0.926067051443	1.10208157785	-0.726840399853	0.238042392638	-1.26382866118	-0.844223727165	-0.858243672827	0.721121956284	-0.583410631961	2.21456525299	2.28825056103	-0.271241508676	1.37223691747	-0.0244154639065	0.0400723387117
G3	-1.16222055352	-0.282161044353	0.375782252339	-1.53998042724	-0.440718053199	-0.449650639672	0.328819592835	-1.88859062967	-1.81402764556	-0.675473767566	1.1883417109	-0.307677578638	1.31404213304	0.375496136051	1.13812020488	1.00293835685	1.59207878412	0.035392044874	0.717154972336	0.688545143098	-0.196210991914
G4	-1.04958926143	0.0532259078654	-0.678005974164	-0.0284371383022	2.28483288632	1.51049915778	1.38591358034	-1.30186172745	0.95390346591	-1.13623823389	-1.58855670124	-0.0711707266773	-0.282106819004	0.128652634932	-0.563780966221	1.48401104828	-0.430252492748	-0.642881850412	0.412204176552	0.0103118007977	-0.450672767257
G5	-1.1212250675	-0.464458651877	0.198435985447	-1.08988399894	1.31671762167	-1.24704775715	0.172677715166	0.319357656093	-1.06495165555	-0.816606087922	-1.0074796107	1.39937913809	1.39187567019	0.624077928591	-0.976602152039	0.852133745023	1.02340189314	-1.04914216815	-0.917428905573	1.01539845377	1.44137024822
G6	0.923106959797	-1.46948280705	-0.0519278782984	-1.29208568177	-0.987820847477	0.238120776631	-0.598483210853	2.52398575414	-0.464264883489	-0.756511074276	-0.177032690656	0.625756366099	-0.621665127889	-0.89590682394	0.211374818053	-0.264502962885	1.48761984605	0.714580974114	-0.967514503471	0.31138530084	1.51126769633
G7	0.329350794142	-1.55465133666	1.9471697383	-0.405068895386	-0.323284263448	-0.584418853848	-0.226979991319	-0.0880844827153	-2.76105566297	0.871069987527	0.523579443006	0.0502417999455	-0.606723753467	-0.237488777947	0.662299805165	-0.265928181761	0.672278773801	1.93962092657	0.158429758288	0.247102024128	-0.347458851355
G8	0.103778030922	-0.418107355115	-0.698442868036	-1.28739963241	0.178834548623	-0.330199716721	-0.545845883078	0.836656918262	1.25427093716	-0.257413832296	0.763567650685	1.46525495774	-0.733547616944	0.288777758592	-1.21149458996	0.623613210504	1.89141584886	-1.46908347704	-0.446132373756	1.53651918604	-1.54502170203
G9	-0.197388862464	1.6852679115	-1.08043415024	-0.950588016038	1.51360575253	-0.956307637831	0.407167504245	0.779199423227	-1.04309811304	0.970212586417	1.11917695844	-0.308765288917	-0.888711968338	-0.555261080534	-1.70319147139	1.12473961605	1.11657211864	0.591657082739	-0.838373936809	0.248375642834	-1.03385407102
G10	0.574689074001	-1.86511595025	-0.316298153825	-1.15746043191	2.42235119945	-0.0485230167359	1.4145425529	-0.108110351355	0.525292996308	-0.995960528028	0.41307640635	0.640437747154	-0.789735924335	1.45778098923	-0.518352346557	0.671937659728	0.45304839048	-1.22186703132	-0.466967189878	-0.694481963354	-0.390284128059
G11	0.198296159635	0.407792220421	0.715268250077	0.27678530921	-0.817285611501	0.00931271575273	-0.144949973579	-1.58288992874	1.14913213869	-0.411113276551	-0.614340794692	1.46520420542	-1.35473917378	0.5963983299	-0.188597382017	0.00135635033179	-0.069199193675	-1.49396957922	-1.53591359235	1.23971994692	2.15373287974
G12	0.761709513565	-1.10737956411	1.18194331756	-1.20655047612	0.812271559717	1.26158493384	0.453544130523	-1.06353622418	-0.452741558362	-1.11380993178	-0.883291196523	0.803063112752	0.218601696793	-0.641171222174	-0.25303242457	-0.223832504432	0.998673660238	2.28847720797	0.487811287359	-0.896753681885	-1.42558163617
G13	-1.08867224812	-1.11370075422	-0.877073279489	0.828680371196	-1.10162876937	1.57166780747	-0.679526817896	-0.00441033269597	0.12484981158	1.22812011283	0.572240680113	1.88164347203	-1.08856571636	-1.04408117584	1.2785144756	0.795499495592	-0.526165747046	-1.00911562431	0.119070732857	-0.86115485261	0.993808358689
G14	1.62569224767	-0.399635886638	-0.556013095078	-0.237502708878	0.861445848177	1.04933882364	-0.931499527236	1.40717614214	-0.740817357262	-1.20274395805	-1.53579935434	-1.41459961862	0.317520953892	-0.800126808307	0.08368677205	-0.649865465252	0.724323079271	-1.02317713072	1.01000242039	0.968234350962	1.4443602722
G15	0.601199524617	1.36743280128	-1.20540413717	-0.96388430968	-0.63990289288	0.930985497764	-0.466437014641	-1.30616319878	-1.34818063324	-1.49577248473	0.516572891787	1.31175209772	0.42687729042	-0.773233123989	0.966499018504	1.37532005923	0.281584425311	-0.232154492885	0.36052617205	1.41754170164	-1.12515919233
G16	1.55886812072	0.952281061236	-1.48653690518	0.110035854512	-1.05968383961	-0.338085531402	0.685076928146	-1.25873681067	1.56900925635	-0.102359119225	-0.643275309391	-0.987755351075	-1.18473761905	-0.0818189582048	-0.463829545208	0.0381301209564	0.276223050947	0.622015296418	-0.674009700991	2.39555352758	0.0736354731477
G17	-0.100109903774	-0.847778276752	0.653647500937	0.501734466876	0.622739719211	-1.20406319397	1.12375506734	-0.798102767826	-1.72363124731	-0.417405253256	-0.554236341054	0.92391384949	0.273958852156	-0.144369682139	-1.62143498902	2.20281684758	-1.2538994264	1.41529990488	0.238487826031	0.564444869307	0.144232177698
G18	0.848446559175	1.00119383169	-0.446301875796	-0.74464982385	0.991316258183	-0.234823047744	-1.24354301197	-0.589403939482	-0.553939280474	-0.787398700583	1.08097582901	0.426041460745	-1.28855260339	1.50502061986	-0.0939734000009	1.39009623121	-1.03948809708	-1.32859954917	-1.30111620193	1.13591970198	1.27277903962
G19	0.932166254686	0.466946290812	-0.00344876453377	0.635539472398	-0.0517080239272	1.27446078026	0.637850226744	-0.90076050645	1.28116276194	0.616719926694	-1.7679904694	-1.62951877046	0.970193307796	-1.30409036939	-0.413381917138	-0.519574521866	0.764929237469	-0.949020333039	0.799934273113	0.864231551624	-1.70464040733
G20	0.686716284297	-0.0351217395854	0.561384472456	0.577702258111	1.58124533781	0.820982655754	-0.999205446706	-1.98722043006	0.155828087746	0.336844066371	0.0605694161063	1.69735918752	0.152276699932	-1.32800403046	0.0494030616537	-1.6739484666	-0.00544270601255	-1.56314693807	0.0715158383959	1.23901022735	-0.398747836003
G21	-1.33411319606	-0.133099185071	-0.56230428334	0.314330352439	-0.773996468455	1.10488704374	1.07313115391	-0.218148938397	0.670799815166	1.13546684219	-0.0703169518122	-1.04677856668	-2.57928254174	0.567440295532	1.5545365071	0.119255613485	0.670458506901	1.14071019041	0.0790324344349	-1.24361530955	-0.46839331418
G22	0.250125089238	1.00162050577	0.0877393401463	-0.360369114849	-0.160675379127	-2.21387541316	-0.466267001576	-0.182163743842	-1.34917908635	1.03760704427	-0.0250732261907	1.39079372252	-0.211824860724	2.09472105158	1.38337878041	-0.961758810995	-0.0691340824549	-0.0258431719897	-1.35006095072	-0.517587732064	0.647827040106
G23	1.65875497538	0.0840596723653	-0.316203012977	0.178156010847	-1.16804779077	0.261550943962	0.795039670857	-0.187934978434	-1.65297315279	0.824663986889	0.525107120623	-0.48303950061	-0.860830669185	2.02944175923	-0.799570144223	-1.14999096234	-1.38517801462	1.10547008306	1.14729486191	-0.8624086244	0.256637765224
G24	-0.821408150849	-0.786799065975	0.473489772874	-0.898002365239	-0.766114327361	0.959413225142	0.915492767617	0.205926993687	-0.00197495474984	0.0945985019723	0.83465968412	-0.0268411212285	-1.24038604457	0.531040006185	2.45194437061	1.41248912397	0.539734253696	-1.1371788608	0.0223845505153	-0.96108905059	-1.80137930903
G25	0.2297281168	-0.883558251394	-0.525905014594	0.37065917351	-0.929005333499	-0.7149769034	-0.920069795114	-0.259894107629	-0.54148030181	0.165216076609	0.691003176999	-0.109049414212	-1.12623452694	-0.29652769255	-0.764124133229	1.60150659274	0.442111643752	0.9365978291	0.0478796521353	-0.672945206216	3.25906841895
G26	1.24310043833	1.00383957976	1.41148738376	1.2749555095	1.28157790404	-0.302090565916	-0.791916825056	-1.14198282809	-0.0893779661439	-1.1002107282	0.567841453337	-1.11201689505	-1.50369693883	0.763293425811	-0.0456731908667	0.996918103235	-1.31830017853	0.0268948892344	-1.13379214604	0.857074558477	-0.887924982782
G27	-0.0391371561553	1.66294276633	0.363550383613	0.48980103119	-0.0470303006316	-0.926190415405	-1.74385639014	-0.254884757841	0.259645466033	0.1673637656	1.26630729839	0.841859073256	1.80388728902	-0.612937028344	-0.088956846322	0.810321201388	-1.70313298708	-1.12797462143	-1.24069156714	-0.798829174635	0.917942970294
G28	1.38007381666	-0.0301609308818	-1.74460568529	0.323256173311	-0.112428778958	-0.284054597002	1.2985101512	1.18929952835	0.638581983228	-0.247893573223	0.199377675795	-1.67863218678	-1.37898378767	1.19317720653	0.0539982395361	-1.28997790901	-0.649012818086	0.422013111718	1.80110647353	-0.580498342028	-0.503145750943
G29	1.5181329453	-0.951659837853	0.861953272973	0.985070315759	0.986346149049	0.454770687143	-0.98504501196	1.01829329293	-0.789381583607	-1.22471990553	-1.06008001168	0.907161429807	-1.05624424977	1.0089437048	-1.07745943536	-1.14400279483	-1.0792809983	0.758532939355	-0.916365697098	1.03946021081	0.74557457806
G30	0.532440138319	0.749449567383	-0.817886971199	1.11118798496	1.45761425975	-0.595267496015	-0.89818484224	0.875650820023	1.24601444105	0.749030735665	-1.37407178563	-1.05479557653	0.630155805261	1.60715658019	-0.880901388589	-1.17612817985	-0.017998132523	-1.37898210261	0.653149882117	-1.26186727119	-0.155766468346
G31	0.039058998291	-0.0234219702696	-0.0747718344076	-1.13081451652	-0.478607413257	0.460155016985	-1.08269389586	0.452471107738	-1.55602492946	1.18033413713	0.520251860882	-0.143484442247	-1.10077276656	1.58091156053	-0.731173395802	0.868932316919	-0.667651596698	2.17860405209	-1.45837589811	-0.0447834603751	1.21185706901
G32	-1.0709010174	1.30193551505	0.796893478913	-0.550360981738	1.14747072791	1.15103004164	-0.245727502501	1.94958514296	-0.979457297698	-0.926904047345	0.376594762807	0.502962859422	-0.921336432097	-0.748027823181	1.33329451696	1.20114868099	-0.942315842112	-0.928721755529	-0.523692057556	-0.943759098369	-0.97971187113
G33	-1.10682855213	-0.103109536298	-0.934207373572	1.48795682639	1.14593199273	-0.901288596455	0.122975921168	1.60138986438	-0.711943441457	1.07398363813	-1.19014845571	-1.20522356092	0.476392527077	-0.40946253065	-0.950719679706	-1.10297534364	1.33824929542	-0.267102116427	0.276817090067	1.69587099485	-0.336558963235
G34	-1.55076540516	1.19202368167	-0.200334673673	-0.370110610496	0.844853925029	0.0576364464072	-0.463908408031	-0.320055014879	-0.716970969036	2.55090850724	-0.899022484604	-0.165531568267	0.375672608807	-1.27289246123	-1.85503753308	-0.0243624127016	0.46780634628	0.530196055418	0.0800469035163	0.205662532879	1.53418453391
G35	-0.349801765407	-0.746372172038	-0.343036051675	-0.747016525727	-0.113558272063	0.169986639798	-0.318023413029	1.04042060691	3.01149854084	-0.741744541001	-0.562760659544	-0.0250767950736	-0.751116958292	-0.720363714055	1.72390413786	-0.567622601014	-0.290462648433	0.0392121297828	-0.722882551202	1.7285317689	-0.713715155539
G36	-0.905147473995	-1.22064387875	-0.451701340479	0.837867046887	-0.834424512693	-1.01538843107	-0.770650874645	1.84734756203	-1.17524041068	1.20112429859	-0.525430039599	0.888321015784	-0.668759632333	1.74702338653	-0.992157562771	-0.632799237089	0.333398334481	-0.274923444336	0.614306025883	0.399892209116	1.59798695914
G37	-1.01540872232	-1.09774410092	-0.933401500523	1.25135150354	1.56878876835	1.09738429227	-1.01264641868	0.04875809639	0.336773172769	0.214444540754	-0.343770733113	0.768402912839	-0.778383578384	-0.974536069587	-0.771697859454	0.498617670005	-0.0458865884301	1.58819874816	-1.19512596368	1.82908030553	-1.03319847552
G38	-0.926405841844	1.36872894988	0.77310173989	-0.380505864075	-0.489545551665	-0.72160099321	-1.39811922739	2.47044002119	0.244523825151	-0.558430791549	-1.03451511847	-0.670898570888	-0.988206027081	-0.79650902709	-0.52863027553	-0.299843711023	0.508198313245	0.315411687574	0.927913169214	1.87658905032	0.308304243358
G39	-1.2676882431	0.941253880077	-0.491483329514	0.12544069579	-1.27050775896	-0.643344044333	1.4792487175	0.781391532301	-1.08191681038	0.543255732907	1.48087005166	1.3129310439	-1.40730229549	0.473796457003	-1.24579685572	-0.443084141476	-1.13360218241	-0.699999957236	0.95589240428	0.537180794131	1.05346430905
G40	0.671700991211	-0.969936968452	1.24395125036	-1.38801847007	-0.786114542559	-1.48367440051	-0.904774693015	-0.354462174035	0.375818819411	0.657840320001	-0.658968030298	-0.243676675372	-0.440732011762	1.63427930815	1.20836238979	1.28296515198	-1.32605206736	-0.654140336401	1.54288483858	0.839124951872	-0.246377651511
G41	-0.0147870227502	-0.224405311018	2.49000415396	-0.596955949668	0.350069018374	-2.09681025946	1.10858728852	-0.453871448431	-0.499868072923	1.32782587522	-0.964768926421	-0.411630487787	-0.692189245139	-1.01081615527	-0.485356931837	-0.183620935223	0.679480127134	1.43573624578	0.538879342411	-0.738667294858	0.443165989398
G42	-0.336380685167	0.491171187242	-0.18347876243	1.68161380832	-0.610314836028	-1.01502883844	-0.618219716244	-0.583958116541	0.68642264386	0.514318360612	-0.869279749227	1.84221620101	-1.11133505278	-1.18086352352	0.366171264513	0.543388855071	-1.06137199957	-0.598934981451	0.118996551853	-0.514425069449	2.43929245836
G43	1.31400035128	0.694762500032	-1.11795854165	1.05315673994	-0.836707601501	1.34141152221	0.0807320640033	-0.498046777715	-0.749481880998	-0.887814835522	0.451576007123	1.69511363245	-1.31909470198	-1.19010256114	1.43288582265	0.301848169234	0.657709426999	0.621092831144	-1.1519097977	-0.867461056004	-1.02571131287
G44	-1.26427113184	0.489435376258	0.555061916617	-0.359511062833	-0.773998457218	-0.612074627789	2.06379689675	-0.155671624219	0.242480732578	0.957818127871	0.969846508179	-0.606795325201	-1.20416165181	-0.0178693984269	0.128778496082	-0.674696774864	2.05127138662	-1.36770655676	-0.531690896675	1.25774951932	-1.14779145264
G45	2.32513591912	0.306569256724	-0.251195751205	-0.390085980265	0.812904557191	-0.243891147963	-0.844123458633	-0.500661068288	1.61155109446	-0.571819424638	-1.44310362887	-1.28455776991	-0.517209334574	-0.53594817051	1.16049387258	-0.803370749913	1.38981135769	0.894731799061	0.541357757149	-0.833243629369	-0.823345499837
G46	-1.16690471413	0.754224736763	0.926018480637	-0.31029301684	0.978238038882	1.10186954307	0.40257780318	0.686677193072	-1.07755307064	-1.02428335905	0.751900120577	1.24054851923	-1.11326689191	1.08075913182	-1.18159268328	1.08273943544	-1.41469583723	-1.36098054467	0.11697305848	-1.24677155903	0.773815615627
G47	-0.940203396097	0.651027334689	1.05060102303	-0.551544389879	-1.29345492709	0.0971046966687	-1.78006830527	1.90471382049	0.958429360542	1.64469685947	-0.381183506321	-1.68453319584	-0.123638449191	0.240628566533	-1.13994375907	-0.370931881333	1.25165181988	0.253483138803	0.141741210452	0.167694521304	-0.0962705417738
G48	-1.08673929691	1.07409283251	-0.771358363911	-0.885527373982	0.598250918278	-0.785617188215	0.53376807463	-0.275171876766	0.900206126819	-1.30757941843	1.67268651623	-1.13292827496	0.797572345399	-1.09692874888	-0.591010556932	-0.0136288770097	-0.0628824723573	1.87806622713	-0.0241868154548	1.60490560423	-1.02598938142
G49	0.365765611488	1.0045496068	2.04105957972	-0.911598333389	-1.09062317811	-0.657235716535	-0.84746675389	1.39309107706	0.825834095444	-1.03733132508	-1.13145436522	-0.594929938415	-1.02933844492	1.33314161927	0.656877684257	0.12409790507	0.93097397377	-1.15322604684	-0.866797232145	0.933948960818	-0.289338779164
G50	0.596850079541	-0.473188823555	0.693831395902	0.515868081073	-1.17827834186	0.917328587667	-1.95887524098	1.12759203575	-0.106757445687	-0.444365887214	1.35376058376	-0.889531333891	-0.68398875978	1.10208557157	1.38683662962	-0.878976705585	0.717482320515	0.767811337343	-1.30588603714	0.241913292677	-1.50151133973
G51	-1.26301507815	-1.2192951945	-1.00917612242	-1.16552631514	0.705991232468	-0.0484471168414	0.797787947735	-1.46929249464	1.17171015149	0.874436761847	0.900539789503	-1.18969951194	-1.11587077173	0.787876116178	0.950511498943	1.04580563543	-0.997402247705	-0.366864440815	1.15462500521	0.229329367546	1.22597578753
G52	0.0225765963448	0.190216913841	0.0890732820086	-0.48729985664	1.45887319296	-1.41222235421	-0.444750501492	0.921458360333	-0.295916296669	1.83653360995	-0.000311277137391	-0.326445466491	-0.795007597102	0.678991263697	-0.0147745163599	-1.29452208009	-2.1769582497	0.489000304473	1.87536736224	0.420876917075	-0.734759607031
G53	-0.933825564396	-0.192021239243	-0.922229109927	1.13064280001	0.759467053501	0.696854562195	-1.26364115427	-0.981805496532	1.88170119141	0.545627955212	0.8465161257	0.55556020696	1.12539293534	-1.1800069034	1.10327405242	-1.20109715851	-1.20458724529	-1.0094283148	-0.602752364517	1.11785285056	-0.271495182427
G54	1.49627094829	0.729681425922	-0.856605391646	-0.505998466591	-0.892648500854	1.55570314202	0.549091416118	0.183555177899	-1.9540939018	-1.03228461366	0.999216297916	-0.357752278624	-0.82021891601	-0.667994860363	0.180116330725	1.25946731912	0.393536058255	-1.40070512988	1.40019183872	-0.7725803873	0.514052491749
G55	-0.760267738784	-0.377871975856	-0.432628039376	-1.14051926284	-0.0356611986692	0.214659196378	0.50802031348	2.10461082989	-0.835267366549	1.09666261613	-0.611710971222	0.106131469911	1.11407968368	-0.654137661236	-0.073750678241	0.235624004607	-0.631788844282	-1.45756447292	0.708009574312	-1.35344218268	2.27681270427
G56	0.350189387074	-0.519364282517	0.998490039058	0.576523953163	-2.57569109125	-0.704324226636	0.195820753469	1.82456553936	0.51348878546	0.918330150128	0.153835633163	-1.29113457939	1.26379285967	-0.520190155598	-1.38116608067	0.127595540231	1.00866932961	-0.842379437864	-0.0140530285762	0.438395870782	-0.52139495868
G57	-1.07406614058	-0.46973744449	-0.374713948697	2.01479210092	-1.36061163254	-0.198254960504	0.0294359439486	1.18979918268	-1.41470919422	1.31891106832	-0.317367022698	0.608761679663	0.0997612773546	1.69089252633	0.841928062351	-0.805041090419	-0.761880878158	-0.76390696839	1.2035980954	-0.675511468243	-0.782079188029
G58	-0.00387574611876	-0.606015240298	-1.27767151311	1.30444214402	0.290852677395	0.979776069888	0.472208170661	-0.195617863958	1.94839166415	-1.62782555822	-0.731825464361	-0.535647297619	0.337504645419	-0.244706705552	-1.12443018023	-1.97190786551	-0.495731944657	0.793614983187	0.621908539957	1.04202766362	1.02452882135
G59	0.284383508559	1.13471498859	0.546176303851	-1.51364466792	0.611260824618	0.884005837731	-1.01808515849	-0.463600140194	-0.735050214611	-1.10729032838	-1.10943954007	-1.35613502522	0.229019403231	1.10512467303	1.91329913393	-0.617851175969	-0.45705329093	0.686240996309	1.11872990456	1.0601097693	-1.19491580192
G60	1.69526431941	-0.546071736491	-1.2742444531	-0.936409145189	0.311439240336	0.354127825856	1.26792135124	-1.16166288345	1.18195528692	0.0882239788102	0.0614602206298	1.73070910578	0.482650695383	0.555673461971	-0.0374532595573	-1.53182554968	-0.772285000164	0.174437131219	-1.61290338797	0.88602200078	-0.917029202737
G61	0.687451249081	-0.0949029056635	-0.942223824216	-0.527438567191	-0.763336201499	0.959071631478	-1.31840112508	-0.767061944822	0.0831819586699	-1.31014215794	0.183130099589	0.0716600148051	2.05554041978	0.538379017168	0.353584037166	-0.806109057043	-1.87396187001	1.54924070698	1.49517729087	0.554679734472	-0.127518506596
G62	-0.621862219762	-0.657593251016	0.434175555155	-0.864454823653	1.4765130318	-0.983529676341	-0.637593401788	-0.876974977004	1.36615518956	-1.93636125999	-1.16661275812	0.82645599813	-0.692529351898	-0.496253692787	1.50855253708	0.990440333263	0.770921127878	1.36399363231	0.688611804872	0.0927475158601	-0.584801313554
G63	2.11596644063	-0.0764719246489	-1.83343105897	-0.57442522255	0.892245019595	0.285363665546	1.704683246	-1.75751396514	0.166473366254	-0.58149446135	0.0507655482489	-0.890694670512	1.83419770218	-0.472700553054	0.309504983668	-0.348094849208	-0.156104560978	-0.612138420107	0.489767925433	-0.588115363908	0.0422171528651
G64	-1.16624533767	-0.511193691294	-1.55103876397	0.253659426394	-0.577438526521	-1.59719954252	0.602453720452	2.2801293708	-0.743401624758	-0.408035920825	-0.35598052458	1.62885843729	-0.506307002247	-0.970993480366	0.969088743624	-0.170486357761	1.10637097749	1.18656601572	0.138633982526	0.012725262489	0.37983483572
G65	1.3699703155	-2.27804394398	1.05410401143	-0.261115033042	-0.104833840381	0.38122318667	-0.789336742408	-0.196832900581	-0.542734387437	-0.040195053296	-0.355717671995	-0.77180716765	-0.169321859829	0.911176292119	-1.55262140851	2.09303893046	0.634580904447	-0.417634535837	0.562384281653	-0.826607150591	1.30032377326
G66	-0.319659615722	-0.21617784383	-1.45987671025	-0.848082691523	1.05418980016	-0.0767498059273	1.08312672838	0.3352388692	-0.975083120693	2.30255622287	-1.45647368395	0.919194019932	-0.263348014071	1.48471584478	-0.414550586986	-0.65697059149	1.26072756549	-0.316693572576	-1.16353490572	-0.595175091395	0.322627183316
G67	1.5014923696	1.68070372422	0.253350859002	-0.532694556371	-1.37384787594	1.04280441127	0.547707347135	1.13409258654	-1.84078701435	-0.507316409885	-1.11621373459	-0.4153192221	1.29767002755	0.134278021215	0.139454938014	0.467962195776	-0.335823538109	-0.744571130576	-1.30172179561	0.891285810146	-0.922507012934
G68	0.567751833606	-0.196133367148	-0.850632576354	0.363132831371	0.797737287532	-0.353651005897	0.501563381001	0.893485116698	0.752718481208	0.471451027306	-0.0343626551399	-2.27614230689	0.4568757142	0.44972646362	-2.48259292462	0.390328311526	-1.78132931226	0.867515887592	1.12401190613	0.288681412834	0.0498644936765
G69	-0.576533362026	0.418544724041	-1.41345943803	-0.683576825179	-0.428614849894	1.95903201717	0.237268094493	0.199903605111	-0.0370184278686	-2.24625605579	1.20792655464	0.756860386235	-0.329351826974	0.498623622269	-0.119441166381	0.603562483273	-1.35699577083	-0.352895980005	1.99268138101	0.0624768987484	-0.392736064006
G70	-0.365329220823	0.99257890746	-0.156110480518	1.64039347747	-1.15443969683	1.056366814	-2.18608957783	-0.133316902468	-0.440318771152	-0.686410741365	-0.332288213084	-0.876651223447	0.526733427417	-0.225700500492	0.161290938943	1.49525920299	-0.101714130475	-1.10140782685	-0.153138741274	-0.0884980346942	2.12879129303
G71	0.158724858115	-1.4171466654	-1.06322460733	0.176286183888	-0.620806362981	-0.0716679150439	1.22812541796	0.710317055803	-0.11838319087	1.00190581044	1.19689384038	1.81515370238	-0.86700970251	-1.58891362562	-1.51506829552	1.54086657008	0.837782191137	-0.394358395536	-0.340053510534	0.171884658331	-0.841308017161
G72	-0.29783864475	-0.750516484371	-0.727794865537	-0.845177762449	2.10623384792	0.528679350944	-1.22254519322	1.83693789128	-0.440061709385	0.249707959696	0.379532781179	-0.80392430102	-0.326981432379	0.605423966431	-1.63255356537	-0.0135927219914	0.333095791199	-0.836357755651	-0.403642325144	2.08037808717	0.18099708544
G73	-1.72227749669	2.86919020842	-1.72114769844	-0.00483002879211	-0.259093204933	0.383734253213	1.41327639187	0.126520962688	0.106663949308	-0.345693088249	-1.01066490029	-0.12923576666	0.275554144457	-0.718304557362	1.0817152866	-0.42588872639	0.592759259463	0.218493938346	0.362577894783	-0.977207150586	-0.116143670746
G74	-0.735492953663	-0.793871376096	0.168767918003	-0.512890823813	-1.16841361571	-1.05769108093	1.81486296648	-0.717722865001	0.736548355168	1.48823912514	-0.706497554194	0.0700318305255	0.187797160503	0.802346405915	-1.30794147335	-0.412395905102	0.765801893625	1.61909069071	-0.458164528528	-1.30219767338	1.5197935037
G75	0.539395368374	-1.86498491677	2.6373243285	-0.380858383869	-0.37615984334	-1.19033306212	0.223467100411	0.0411876864316	0.609338401729	-1.66637907273	0.664544256403	0.943384667904	0.300480572092	1.00512056219	0.313258472682	0.0805409581863	0.8480189365	-0.981725848802	-0.548461846608	-0.338654043045	-0.858504294112
G76	1.75436060184	-0.235660278291	1.23332662222	-0.27136364594	-1.44195462834	0.482587563801	-0.455608038645	-0.594514031673	1.36019593489	-0.628157015408	0.989386551446	-1.15954979201	0.747525349742	-1.43558435923	0.896855548761	-0.51251103624	1.75322020992	-0.627376373055	-0.312240013371	-1.21233486564	-0.330604304788
G77	-2.21779641647	-0.561051351907	-0.221684715821	0.587500973684	0.666949486162	0.415295266265	-1.25012205103	-1.89716934592	1.00498620735	-1.74300249619	0.568489705099	1.24165703712	0.910557482563	1.41254554089	0.11879415495	0.40902226264	0.143318929761	-0.28943728613	0.710763588229	-0.18459486688	0.174977895625
G78	0.265519026861	-1.05558771965	-0.378866814105	0.775476711474	-0.847694784038	0.958468397605	-0.893506177353	0.993443888311	1.0218183137	-1.07399961415	0.595166073412	0.973346183286	-0.965000792501	-0.954347688624	0.471746462915	-0.151048816715	-0.986906173875	-0.806341648685	2.77875785903	-0.837732253149	0.117289566249
G79	1.27792094234	-0.364862813185	0.859918178641	0.103565900838	2.05665667843	-0.0905899542804	-1.13823687287	-0.936619351418	0.90602551432	0.13679596887	-1.45709638509	0.0493913991621	-1.65957670505	1.42847003672	-0.928519830477	-0.94688203146	0.315389096002	0.652455197336	1.01347166067	-0.33422114066	-0.943455488837
G80	0.553787974724	1.2355306585	0.436778139832	0.19511199921	1.03747565905	1.00295912367	-0.267752777538	0.801119346602	2.12414711229	-1.41099962775	-0.436481717999	-1.32648795699	-1.5375231258	-0.634237011862	1.40041116706	-0.800435694542	-1.33124876696	0.174904416373	-0.341745577905	-0.341764143738	-0.533549196235
G81	-0.826606299088	-0.202926795374	0.445712550477	-0.576399605699	1.28700653992	-0.276459433754	0.585143392762	0.642879579324	-2.21029685806	-0.114919765782	-1.07550748349	1.86414909659	-0.133037582228	-0.218741867763	1.26800321184	0.280051529261	1.14050194927	-1.27473725792	0.152405440028	-1.54838518236	0.792164842042
G82	-0.0071600480445	-0.748037321181	-0.605848106211	2.90975379578	-0.201264189374	1.40938037777	0.469880441938	2.50071545008	-0.748037321181	-0.322174693788	-0.403828540924	-0.297242710635	-0.466254637558	-0.521502374003	-0.304068562064	-0.620236872837	-0.543806564587	-0.0707077634574	-0.0749058223172	-0.688879942133	-0.665774595279
G83	-1.40358779513	0.582806187056	0.455976873017	0.0478569227407	-1.48000071982	-0.876978907744	0.978766984806	-1.32836673462	0.226631205307	2.16590379486	-1.19703987032	0.60415819336	0.612720374611	-0.124824421857	-1.27086329637	1.16950801133	0.796457194813	1.23729461858	-0.0134171889662	-0.495050573711	-0.687950851938
G84	-0.257486481287	-0.576095107553	-1.69346559662	0.275426788607	0.52776153448	-0.373563959505	1.21553725777	1.10370616503	-2.26578539578	0.132301798664	0.480948602709	0.176788857016	-1.08265088084	-0.365579241462	0.676644457379	-0.769220070381	2.04956195591	0.109596157534	-0.695595637278	1.43778698411	-0.106618188513
G85	-1.24934507454	0.1474768069	1.92997904441	-1.40495972542	-0.829080191545	-1.49967416845	1.15619741538	-0.493657441174	1.19482204385	-0.286716208297	-0.485687279743	0.213753336663	-1.14406663056	0.657237013409	0.180835155134	0.079219526958	-0.377217627142	0.925188495814	0.803513842026	1.63220626766	-1.15002460133
G86	0.402757447225	-1.25846014531	-0.258732551502	0.615470722559	-0.409025035223	0.723640696768	1.53532689586	1.52640463818	-0.0325658653926	-0.798505799565	-0.0445750258243	0.290526065989	1.42634580732	-0.433553949642	-0.723282239251	-1.90889798181	-0.574150991159	1.56115709443	-1.290630457	-1.12911950344	0.779870176807
G87	0.382503165696	-1.06434190656	-1.62334617482	0.305619869841	-1.19034780991	-0.543019279148	-0.7788652724	1.3765678969	0.355811662917	-0.378114089195	1.36573439111	1.26333092953	-1.02432031561	0.26872275241	0.534627161483	-0.0290651790678	-0.253030273267	-0.152149549873	-0.400398095776	2.54386384534	-0.959783729597
G88	0.0592857251578	-0.145686974385	-2.16824487388	-0.693104522051	0.0268069832348	1.08291494127	0.728139694491	-1.023944143	0.403319990229	2.2746125822	-0.0569701906475	-1.29486522852	-1.25082099484	-0.0480818730651	-0.644992374378	0.62512312516	-0.728464082191	0.0747924742454	1.52579852312	0.61401459078	0.640366627066
G89	0.256218852623	-0.750979031258	-1.11461654552	1.00976011731	0.716802544892	0.638566908859	-1.27339955797	0.745146819038	0.917602105101	-1.06859083996	-1.31989608503	-0.899936292897	1.17733225327	-1.07416143045	-0.801588583847	2.42653853683	0.557802230211	0.656212123232	-0.612230874364	0.273848350169	-0.460431600233
G90	1.16975619799	-0.854682822439	1.47928777071	-0.627549153869	1.92015327918	-1.02327885192	1.18708349857	-0.0337126451436	-0.955088366395	-0.301350693532	0.349201625405	1.12972150843	-0.314430855544	0.536721902342	-0.876470757159	-0.832376805132	0.493951622858	-0.988060622452	-1.50043576093	1.12826689193	-1.0867069629
G91	-1.3648248173	0.605431003605	-0.0864582022531	-1.79315142548	-2.07537895932	-0.645650557051	1.32908599012	-0.399741450067	1.25167273928	0.523537026502	0.640932054666	0.681433253763	-1.65553091266	0.293940046297	-0.418531960725	0.651536249897	0.736764800611	1.10843904658	0.952536029018	-0.0692887441544	-0.266751211325
G92	-0.787049687052	1.54942866874	1.00150422807	0.680973986766	-0.945547018567	0.765424045166	0.65437942232	-1.2253159084	-1.27623394606	-1.11925218611	0.95635433611	0.628750218945	0.78046418936	-0.790160143872	0.92214293685	0.812389541089	-0.92838761223	-0.96525987292	-1.10397228792	-1.04630669363	1.43567378335
G93	0.227054807756	2.14956250526	-1.73103836654	1.395569446	-0.726457579978	0.301978687	1.878283199	0.124606668741	-1.27069070418	-1.10244856114	0.385258295364	0.0661586380549	0.795538900055	-1.09867039158	-0.503570819712	0.470254488563	0.423258771405	-0.604563227471	-0.7193135578	0.384256954211	-0.845028153027
G94	-0.858213327509	0.686186148738	0.023019592098	3.2138894274	0.642552587757	0.0812472672459	-0.868073484346	-0.403286790979	0.73487151847	-1.62863783163	-0.561874361504	0.0345501595925	-0.483378586191	0.726296292908	-0.340710637885	-0.816074344484	-0.681460886433	-0.503653449152	-0.192564824669	1.49353552003	-0.298219989458
G95	-0.917123382716	-0.964080627783	0.425603762663	-0.965958188234	-0.961451834766	-1.02413755585	0.814061850914	1.71729345947	-0.98349024757	1.4247034828	1.34847629978	0.946080294689	-0.462957451246	0.979629966017	0.87221569121	-0.927322328593	-1.01998389617	0.861830239605	0.704648109678	-0.917165580939	-0.950872062948
G96	-1.03403716899	1.34618749119	-1.05041612624	0.688923546176	0.768120512271	-1.025662719	1.10104648578	1.16418723111	0.783871016474	-1.05657605797	-1.02525102927	-1.05765024063	-1.01496456627	1.02902069242	0.941698152735	0.769586153415	0.54065358478	-1.05813193688	-1.05297682354	1.1964024345	-0.954030632052
G97	-1.11460151474	-0.16934196031	-0.477890567418	0.889730629228	0.679406842193	-0.517539287676	1.29593209511	-0.0574009636103	-0.603527767493	0.792232109215	1.8013770169	-1.27203976293	-0.856378238773	1.37952378473	0.00315430386638	-1.07129224219	0.90812962549	-2.12610871337	-0.669150793636	0.877408948716	0.308376456701
G98	0.936962267473	-1.05856810654	-0.943859433329	-1.02600313672	-0.189822125796	0.0901317069403	1.0982837155	0.943528862547	-0.891080695033	1.22286820994	-0.586297799477	0.703490419171	-1.04044239505	-1.06240049423	-1.07889476777	1.1325829199	1.63522826096	1.1284536151	-1.13500980813	-0.911268764353	1.03211754891
G99	-1.14928081582	-1.92941463394	0.81508724616	0.249243328098	0.57133784964	1.51541671421	0.112039613806	0.459270002047	0.233406444526	-0.844390207845	-0.0821628931294	-0.253658395968	-0.75576692472	0.581528581405	0.848876730661	2.44097868059	0.0466971694641	-0.0956949005414	-1.73556819063	-0.96389565237	-0.0640497456539
G100	-0.527671993652	0.267086845845	0.0854589103948	0.205308038533	-0.854630804282	-0.941110188182	0.715876735128	0.370131687272	-0.685921205704	-0.135706864662	-1.12972387725	1.49679509174	0.708695274265	1.55936004511	-2.24232953061	1.80001859373	-0.981891929786	1.09396655198	-0.789269559218	-0.421799348352	0.407357527701
