row	hyper	r2	mse	sse	n	df	DW:Lag1	dual_gap	time
0	(0.001, 0.30000000000000004)	0.8814013097815214	0.001635010167566013	0.3106519318375425	190	72	2.0825943094233352	0.00022135154902253043	0.021
1	(0.001, 0.30000000000000004)	0.7151335242025594	0.0007817445423598262	0.148531463048367	190	52	2.1410466141479567	3.5037164412693445e-05	0.02
2	(0.001, 0.30000000000000004)	0.6356229795816574	0.001276677629821416	0.24256874966606895	190	60	2.0323306019845817	3.946787730416124e-05	0.027000000000000003
3	(0.001, 0.30000000000000004)	0.8586325833052733	0.0014269535450575116	0.27112117356092724	190	75	1.9437172626186516	0.00015061480531070037	0.017
4	(0.001, 0.30000000000000004)	0.7483847909791701	0.0016718550744675824	0.3176524641488407	190	65	1.75167788494891	0.00010287846530743217	0.01
5	(0.001, 0.30000000000000004)	0.09330734415457598	0.0003568008928789817	0.06779216964700653	190	14	1.996276354805452	5.7333071734610996e-08	0.015
6	(0.001, 0.30000000000000004)	0.8399139011870773	0.0017062436564419187	0.3241862947239645	190	82	1.9753732162740651	0.00018748115865641066	0.021
7	(0.001, 0.30000000000000004)	0.7490580962373781	0.0015785595246008144	0.29992630967415473	190	67	2.1651472862644487	7.707352465569084e-05	0.023
8	(0.001, 0.30000000000000004)	0.8232249781271285	0.0005511171536822946	0.10471225919963598	190	37	1.8152125809366593	5.016950390271391e-05	0.009000000000000001
9	(0.001, 0.30000000000000004)	0.8811775428880846	0.0016798626972166573	0.3191739124711649	190	68	1.8380386761605427	0.0002470799245084532	0.015
10	(0.001, 0.30000000000000004)	0.21720669242266025	0.00020389004783841292	0.03873910908929845	190	12	2.017345787567132	3.6587857826786425e-08	0.01
11	(0.001, 0.30000000000000004)	0.7266764982554189	0.0014190500139001755	0.2696195026410333	190	63	1.9440465566972387	7.961629481761934e-05	0.016
12	(0.001, 0.30000000000000004)	0.2319163227809704	0.00018946229658914492	0.03599783635193754	190	7	1.9686739301390248	1.3565763505585251e-07	0.006
13	(0.001, 0.30000000000000004)	0.5233573159534606	0.000587618344308287	0.11164748541857453	190	38	2.141543215501737	5.9038259592608675e-06	0.018000000000000002
14	(0.001, 0.30000000000000004)	0.6484917025706681	0.00044432172416176415	0.08442112759073518	190	25	2.2208392265500083	7.176441288753166e-06	0.012
15	(0.001, 0.30000000000000004)	0.9123618990967516	0.0011689993170318062	0.2221098702360432	190	71	1.9145423615610613	0.0002434506959560767	0.012
16	(0.001, 0.30000000000000004)	0.7005126802164418	0.0016115272358234885	0.3061901748064628	190	71	1.977588506998752	4.064320018720702e-05	0.011000000000000001
17	(0.001, 0.30000000000000004)	0.8758018684728821	0.0017903577977533144	0.3401679815731298	190	69	1.939861318135229	0.00025323280096745115	0.017
18	(0.001, 0.30000000000000004)	0.8618422277630177	0.00042709423225565805	0.08114790412857502	190	36	2.017666496749288	3.820302830516431e-05	0.011000000000000001
19	(0.001, 0.30000000000000004)	0.7951002756458688	0.0003854844748250517	0.07324205021675984	190	31	1.9786519037669272	1.892036171929901e-05	0.015
20	(0.001, 0.30000000000000004)	0.9491118968235892	0.0007707762929683541	0.1464474956639873	190	46	1.9721065921693344	0.00013304881888934197	0.013999999999999999
21	(0.001, 0.30000000000000004)	0.8275728022307572	0.0013189903715501018	0.2506081705945193	190	58	2.1503190819610194	9.124778764046936e-05	0.023
22	(0.001, 0.30000000000000004)	0.9174146154892624	0.0015820304849025575	0.3005857921314859	190	64	2.1267652739839984	0.00031364326702304485	0.01
23	(0.001, 0.30000000000000004)	0.9286168564879816	0.0015774116151759721	0.2997082068834347	190	69	1.830136249040352	0.000254403010009896	0.017
24	(0.001, 0.30000000000000004)	0.7474655077796564	0.001229871015631177	0.23367549296992365	190	56	1.8568798821014665	5.4504733742605234e-05	0.011000000000000001
25	(0.001, 0.30000000000000004)	0.8924295367248692	0.0016950471157223836	0.3220589519872529	190	69	2.1265198689241007	0.0002638924320660929	0.016
26	(0.001, 0.30000000000000004)	0.7602919961097596	0.0018525516743420414	0.3519848181249879	190	68	1.9187086503349755	9.030386216146712e-05	0.017
27	(0.001, 0.30000000000000004)	0.8560432755135531	0.0013609495804174172	0.2585804202793093	190	67	2.1392008272884357	0.00010027199567985699	0.018000000000000002
28	(0.001, 0.30000000000000004)	0.921520845207946	0.0017319686033249154	0.3290740346317339	190	83	1.9893854412239316	0.0002275870176977057	0.018000000000000002
29	(0.001, 0.30000000000000004)	0.7989341392557647	0.0016040411527177374	0.3047678190163701	190	72	1.9550659006323376	0.00014804408146573691	0.021
30	(0.001, 0.30000000000000004)	0.8686493710928928	0.0010408695775211325	0.1977652197290152	190	61	2.144648718303607	0.00013904649650167689	0.006999999999999999
31	(0.001, 0.30000000000000004)	0.04242490603077609	0.00016759123309178183	0.031842334287438545	190	4	2.3224568976321334	3.106161973465138e-09	0.006
32	(0.001, 0.30000000000000004)	0.5008622299126636	0.0007636930923741892	0.14510168755109593	190	42	2.25011132760857	6.920890640083055e-06	0.008
33	(0.001, 0.30000000000000004)	0.8426885173717327	0.00090609246168427	0.17215756772001128	190	40	1.8343167478619584	3.5442655592438095e-05	0.008
34	(0.001, 0.30000000000000004)	0.760956042394838	0.0014028167969644596	0.2665351914232473	190	65	1.9614049125503892	6.729015527118243e-05	0.01
35	(0.001, 0.30000000000000004)	0.9439752624302804	0.002485470603166248	0.4722394146015871	190	97	2.094635890434371	0.0007788503269600677	0.02
36	(0.001, 0.30000000000000004)	0.9537423530377898	0.0024693898303334155	0.469184067763349	190	87	2.295332329095539	0.0009972398578280695	0.064
37	(0.001, 0.30000000000000004)	0.6058746040628948	0.000541405434687692	0.10286703259066148	190	40	2.054081215756759	1.4715331689035828e-05	0.02
38	(0.001, 0.30000000000000004)	0.8772887213576944	0.0012993629719471572	0.24687896466995984	190	53	2.225478844683292	0.00015961803562380972	0.012
39	(0.001, 0.30000000000000004)	0.6844912332777973	0.0014943083584235356	0.28391858810047177	190	68	1.8982294002138336	4.230748843142562e-05	0.013999999999999999
40	(0.001, 0.30000000000000004)	0.9021376719022288	0.0011388926613090926	0.2163896056487276	190	61	1.925631303634577	0.00016334111427845907	0.006999999999999999
41	(0.001, 0.30000000000000004)	0.8789196696220529	0.0018397088662493067	0.3495446845873683	190	81	2.022661362402248	0.00021381742162590592	0.006
42	(0.001, 0.30000000000000004)	0.8893288830472571	0.0022353843875326	0.42472303363119396	190	74	2.019409841752953	0.00036506760729948523	0.013000000000000001
43	(0.001, 0.30000000000000004)	0.8519874291737145	0.0016105755924562292	0.30600936256668354	190	65	1.938420493389979	0.00018558975096616412	0.008
44	(0.001, 0.30000000000000004)	0.7616869018197858	0.0014336897080995704	0.2724010445389184	190	67	1.922773306940515	9.330445254490673e-05	0.013999999999999999
45	(0.001, 0.30000000000000004)	0.9512237213844026	0.0016603372982549756	0.3154640866684454	190	78	2.212280746227969	0.0004334175596220069	0.006999999999999999
46	(0.001, 0.30000000000000004)	0.910711717332498	0.0021982336414286307	0.4176643918714398	190	81	1.8107564478990223	0.00036706009508419285	0.015
47	(0.001, 0.30000000000000004)	0.8997421283881346	0.001954788023223908	0.3714097244125425	190	86	1.7456935155464433	0.0002477652539466524	0.033
48	(0.001, 0.30000000000000004)	0.8648661395295673	0.0019149641944436872	0.36384319694430056	190	71	2.114845260562047	0.00020493868453153039	0.053
49	(0.001, 0.30000000000000004)	0.8683097176550407	0.001249511425121957	0.2374071707731718	190	54	1.8218538785696499	7.655657247049308e-05	0.018000000000000002
50	(0.001, 0.30000000000000004)	0.9147142525527994	0.0018660519460228207	0.354549869744336	190	69	2.1847075356400207	0.0003287101904540512	0.017
51	(0.001, 0.30000000000000004)	0.8644159802151028	0.002009061684548976	0.3817217200643053	190	73	1.801892908834716	0.0001936207945379964	0.013000000000000001
52	(0.001, 0.30000000000000004)	0.8881430850082758	0.001380631616958357	0.2623200072220878	190	71	2.1169444482388458	0.0002185831993533616	0.013999999999999999
53	(0.001, 0.30000000000000004)	0.7086914805454012	0.0008615389240380849	0.16369239556723614	190	49	2.244519584166912	3.845024355503268e-05	0.012
54	(0.001, 0.30000000000000004)	0.7328247076467769	0.0011259347186676981	0.21392759654686264	190	71	2.162474260117979	5.6874240251247876e-05	0.009000000000000001
55	(0.001, 0.30000000000000004)	0.8883591616648344	0.00200759202484962	0.3814424847214277	190	76	2.090309975884645	0.000261109644634605	0.015
56	(0.001, 0.30000000000000004)	0.863033132090437	0.0020032124680563305	0.3806103689307028	190	78	1.8428280442088152	0.0002584683140992583	0.016
57	(0.001, 0.30000000000000004)	0.8621700853032997	0.0011836599094080607	0.22489538278753152	190	67	2.2019777602521358	0.00010674544130026552	0.011000000000000001
58	(0.001, 0.30000000000000004)	0.8138486791043686	0.0008244293201377682	0.15664157082617594	190	47	2.196225189043623	8.376104663743167e-05	0.01
59	(0.001, 0.30000000000000004)	0.835006727699376	0.001179531791865975	0.22411104045453528	190	57	1.9680291254737696	7.99416759471039e-05	0.015
60	(0.001, 0.30000000000000004)	0.8384552604090666	0.0009160103677494543	0.17404196987239634	190	56	2.1327571292939953	9.067653921418506e-05	0.02
61	(0.001, 0.30000000000000004)	0.8735873093661193	0.0017359472658929724	0.3298299805196648	190	69	1.9207143951464145	0.00019963972778697103	0.015
62	(0.001, 0.30000000000000004)	0.8878020297305558	0.001651932583369775	0.3138671908402573	190	76	2.0193207976829157	0.00017426283049470914	0.018000000000000002
63	(0.001, 0.30000000000000004)	0.8406937665935682	0.0015406754957423075	0.29272834419103844	190	70	2.035227463284752	0.00014675947443271165	0.011000000000000001
64	(0.001, 0.30000000000000004)	0.8167395111254402	0.0014205271801664586	0.2699001642316271	190	72	2.3964564123201963	9.968012074457187e-05	0.015
65	(0.001, 0.30000000000000004)	0.8026161663804499	0.0015796281731598194	0.30012935290036563	190	66	1.9239079262964656	0.00012671982308570806	0.018000000000000002
66	(0.001, 0.30000000000000004)	0.7148827840492896	0.0012793838600545664	0.24308293341036766	190	65	1.8701313130307864	8.513031760790103e-05	0.011000000000000001
67	(0.001, 0.30000000000000004)	0.7365219245501279	0.001794910565912351	0.34103300752334675	190	74	2.1416514673801905	0.00012328784552778638	0.017
68	(0.001, 0.30000000000000004)	0.9036631797602804	0.001602580237854656	0.30449024519238466	190	66	1.8754076404976388	0.00028461873499963103	0.017
69	(0.001, 0.30000000000000004)	0.7890167763238922	0.000719599568720265	0.13672391805685036	190	37	1.8089089579370168	1.8233370089049128e-05	0.009000000000000001
70	(0.001, 0.30000000000000004)	0.9172935171496652	0.001907473732087737	0.3624200090966701	190	92	2.021738022561233	0.00031324655618586433	0.017
71	(0.001, 0.30000000000000004)	0.9379739357245188	0.0019103127453110008	0.3629594216090902	190	77	2.2430581647190846	0.0004779416771554245	0.02
72	(0.001, 0.30000000000000004)	0.9057930898299118	0.001547666023615345	0.29405654448691554	190	78	1.9738440555117032	0.0003087694377388317	0.018000000000000002
73	(0.001, 0.30000000000000004)	0.95380336395749	0.0017518313988708015	0.3328479657854523	190	77	2.1821473490524297	0.0006762892758104266	0.024
74	(0.001, 0.30000000000000004)	0.8374555186044712	0.0016610372718983196	0.31559708166068073	190	64	2.0382150877101486	0.00013878056272070838	0.016
75	(0.001, 0.30000000000000004)	0.9444552861484024	0.002350131039570838	0.4465248975184593	190	78	2.104397504153134	0.0005393651535394173	0.025
76	(0.001, 0.30000000000000004)	0.9365199911000176	0.001599300402649398	0.3038670765033856	190	71	2.1118271458928755	0.0002072115196607993	0.019
77	(0.001, 0.30000000000000004)	0.7528909477072422	0.0009650159082908576	0.18335302257526293	190	49	1.944794077759743	5.225032001440755e-05	0.01
78	(0.001, 0.30000000000000004)	0.8714446929951494	0.0013383968192127833	0.2542953956504288	190	68	2.1455922110965733	0.00016179478522576618	0.08800000000000001
79	(0.001, 0.30000000000000004)	0.8873691916430185	0.0007217346310695207	0.13712957990320895	190	37	2.1967950389892112	0.00010860243979235461	0.013000000000000001
80	(0.001, 0.30000000000000004)	0.7257906899255266	0.0017220895641949449	0.3271970171970396	190	67	1.933523521541178	9.115358448030796e-05	0.024
81	(0.001, 0.30000000000000004)	0.5716507839272854	0.0008136925872657188	0.15460159158048656	190	44	1.894763142724933	1.3564046372011031e-05	0.01
82	(0.001, 0.30000000000000004)	0.8642041357898276	0.0021480584901111934	0.4081311131211267	190	75	1.8374857599810663	0.00027289803070418284	0.022000000000000002
83	(0.001, 0.30000000000000004)	0.809381133672059	0.0007782105483421686	0.14786000418501205	190	47	2.130225262003088	7.214067378080724e-05	0.012
84	(0.001, 0.30000000000000004)	0.7819422524602033	0.0014658412927851107	0.2785098456291711	190	72	1.9578153012894055	9.090598012045924e-05	0.013000000000000001
85	(0.001, 0.30000000000000004)	0.7260783214025013	0.0008386169704938455	0.15933722439383066	190	49	2.167730542080696	5.8051704514949794e-05	0.013000000000000001
86	(0.001, 0.30000000000000004)	0.8334339843465307	0.0007573760123753678	0.14390144235131988	190	64	2.05114163054676	7.945235835651876e-05	0.009000000000000001
87	(0.001, 0.30000000000000004)	0.8703191528552208	0.001321123830228365	0.25101352774338936	190	58	2.1217716068746673	0.00012127310077342246	0.017
88	(0.001, 0.30000000000000004)	0.9471380964320744	0.0020536430891257783	0.3901921869338978	190	68	2.0940051578294843	0.0007338575816610571	0.024
89	(0.001, 0.30000000000000004)	0.8631562269572595	0.0019853562247775657	0.3772176827077375	190	66	2.0879589136574586	0.00018296548107837876	0.017
90	(0.001, 0.30000000000000004)	0.8296631876358811	0.0016590198222650198	0.3152137662303538	190	70	2.040521277026508	0.00014982835633470248	0.015
91	(0.001, 0.30000000000000004)	0.6483635094128735	0.0014426027370376738	0.274094520037158	190	56	1.8656539676295616	3.4875480554752425e-05	0.024
92	(0.001, 0.30000000000000004)	0.8554345138205379	0.0015973065527841725	0.3034882450289928	190	66	1.7995782576340131	0.00012930058892307583	0.013999999999999999
93	(0.001, 0.30000000000000004)	0.8408460322151026	0.0013584567898526107	0.25810679007199605	190	66	2.272598805908958	0.00010824199518910672	0.034
94	(0.001, 0.30000000000000004)	0.8114464726096917	0.0015106660816477508	0.28702655551307266	190	72	1.9836684949008792	0.00015069184048216444	0.02
95	(0.001, 0.30000000000000004)	0.7324629474288443	0.0013850951490355795	0.2631680783167601	190	73	2.3449474406424358	9.574996404920767e-05	0.01
96	(0.001, 0.30000000000000004)	0.562907354139343	0.0008854980225281203	0.16824462428034287	190	54	2.0476403651796447	8.201512971317548e-06	0.013000000000000001
97	(0.001, 0.30000000000000004)	0.8613412268650971	0.001932348259894905	0.367146169380032	190	82	2.0836045001948724	0.00016245751628296556	0.027000000000000003
98	(0.001, 0.30000000000000004)	0.8390783255563122	0.002020267876441355	0.3838508965238573	190	75	2.0976894672154005	9.921047545058405e-05	0.018000000000000002
99	(0.001, 0.30000000000000004)	0.8102466484438248	0.001446432226057316	0.27482212295089004	190	79	1.9434453186129792	6.491895583093932e-05	0.022000000000000002
