row	hyper	r2	mse	sse	n	df	DW:Lag1	dual_gap	time
0	(0.001, 0.30000000000000004)	0.9008588804189475	0.0013968145065396096	0.26539475624252584	190	46	1.9544322411919384	0.00018470152135791063	0.015
1	(0.001, 0.30000000000000004)	0.5860344494549745	0.0010143468842269676	0.19272590800312386	190	36	2.0846191498189874	1.0574579390659755e-05	0.024
2	(0.001, 0.30000000000000004)	0.5363623372140123	0.002148830742182699	0.4082778410147128	190	37	1.9231016878144966	7.838924821262916e-05	0.086
3	(0.001, 0.30000000000000004)	0.7307331861988248	0.002191919180446229	0.4164646442847836	190	45	1.877354067654816	0.00012269159513106365	0.038
4	(0.001, 0.30000000000000004)	0.7649704314990918	0.0020475060107480896	0.38902614204213704	190	55	2.068225632506319	0.00014280075691752714	0.026
5	(0.001, 0.30000000000000004)	0.3481925265154977	0.0002716321546051044	0.051610109374969834	190	16	2.1226303983024457	2.3273994383607444e-06	0.01
6	(0.001, 0.30000000000000004)	0.6840656132967036	0.0033153527829147505	0.6299170287538026	190	60	2.11188318879637	0.00017549081284795598	0.016
7	(0.001, 0.30000000000000004)	0.7549921504326272	0.00171844404112176	0.3265043678131344	190	53	2.134011678990671	8.070973426382855e-05	0.013
8	(0.001, 0.30000000000000004)	0.8611883292583622	0.0005663202544440715	0.10760084834437358	190	20	1.9432020646419108	2.4891441282301474e-05	0.008
9	(0.001, 0.30000000000000004)	0.8962631756180789	0.0019611734017720055	0.372622946336681	190	63	2.1020134233399084	0.0002462818991770255	0.021
10	(0.001, 0.30000000000000004)	0.43693909854691193	0.00016348406389733982	0.031061972140494568	190	11	1.814134996183173	1.2009881724360516e-06	0.014
11	(0.001, 0.30000000000000004)	0.7148127239159904	0.0016289071712277802	0.3094923625332782	190	57	2.0705242498278236	9.925936093313492e-05	0.1
12	(0.001, 0.30000000000000004)	0.1549950640039489	0.00018787309462390205	0.03569588797854139	190	9	2.0391999526993643	4.793025656577021e-07	0.004
13	(0.001, 0.30000000000000004)	0.7273597260027995	0.00037912620791232687	0.0720339795033421	190	22	1.9640112018188713	7.67887382635557e-06	0.005
14	(0.001, 0.30000000000000004)	0.830323950426698	0.00027182772062320367	0.0516472669184087	190	28	1.9338617057374048	2.6721811982433064e-05	0.005
15	(0.001, 0.30000000000000004)	0.9119182316287072	0.0012126910966385597	0.23041130836132634	190	35	1.9596979539376058	9.421208616969268e-05	0.021
16	(0.001, 0.30000000000000004)	0.7614824522408348	0.001812071619310518	0.3442936076689984	190	50	1.9229145380569077	0.000109741185401524	0.009
17	(0.001, 0.30000000000000004)	0.8575623211430845	0.002188951347476201	0.41590075602047827	190	59	2.024226490110948	0.0002453488484887023	0.018
18	(0.001, 0.30000000000000004)	0.9156304525324244	0.0004004111509144625	0.07607811867374788	190	30	1.9446185579600455	2.5838583136220117e-05	0.014
19	(0.001, 0.30000000000000004)	0.8689492640604995	0.0003447265051781928	0.06549803598385663	190	20	1.9655301156590563	3.3363801931099446e-05	0.004
20	(0.001, 0.30000000000000004)	0.9147551367237992	0.001388376002035872	0.2637914403868157	190	37	2.0727246611733086	0.00027253627925966084	0.005
21	(0.001, 0.30000000000000004)	0.8478331087259894	0.0011563850695371595	0.2197131632120603	190	35	2.1396960083607413	2.228231537587666e-05	0.006
22	(0.001, 0.30000000000000004)	0.9036496763633254	0.0016200579467530905	0.3078110098830872	190	40	1.9518025349108894	0.00022749656340703694	0.009
23	(0.001, 0.30000000000000004)	0.9022867342956784	0.0017878664359867907	0.33969462283749025	190	49	1.8405941215325439	0.0002690478844889488	0.006
24	(0.001, 0.30000000000000004)	0.7624995462552315	0.0009359562090326507	0.17783167971620364	190	34	2.06091920250241	4.003303309374484e-05	0.01
25	(0.001, 0.30000000000000004)	0.8224167639860929	0.0025738179802045637	0.4890254162388671	190	42	1.9140063680444122	0.0001713976602844558	0.005
26	(0.001, 0.30000000000000004)	0.8131256057379608	0.001623379525042067	0.30844210975799274	190	48	2.067493978998328	0.00010701685386821369	0.011
27	(0.001, 0.30000000000000004)	0.8476441302710168	0.0014927322263076804	0.28361912299845926	190	47	1.861623438704587	0.00016991548246664268	0.007
28	(0.001, 0.30000000000000004)	0.9318881931733316	0.0013995052869378779	0.2659060045181968	190	44	2.0053536245046706	0.0001901075797456353	0.005
29	(0.001, 0.30000000000000004)	0.8024807513197939	0.001647194750126819	0.3129670025240956	190	47	1.8746833455889047	0.00010932072147634697	0.015
30	(0.001, 0.30000000000000004)	0.8213744817261924	0.0014506331476476745	0.27562029805305815	190	44	1.8173886843016196	7.442852826639035e-05	0.006
31	(0.001, 0.30000000000000004)	0.23299390462360736	0.0001749065938132099	0.03323225282450988	190	9	2.0563060372171407	3.3524909930082725e-07	0.007
32	(0.001, 0.30000000000000004)	0.5199800213394452	0.0007816329380314802	0.14851025822598124	190	30	2.105700725856073	7.360687588775505e-06	0.006
33	(0.001, 0.30000000000000004)	0.8761616634853275	0.0007967627695039664	0.1513849262057536	190	34	2.196694758692377	7.483609972960825e-05	0.006
34	(0.001, 0.30000000000000004)	0.5998769874715191	0.002467389840530745	0.4688040697008415	190	50	2.1080672757132866	0.00010572409105030767	0.013
35	(0.001, 0.30000000000000004)	0.9429795502917853	0.002506030734459812	0.4761458395473643	190	55	2.1063863408932018	0.0004763417793968716	0.009
36	(0.001, 0.30000000000000004)	0.9552555725550893	0.0025549557803146244	0.4854415982597786	190	61	2.090367135937181	0.0002877252274732234	0.006
37	(0.001, 0.30000000000000004)	0.7367007866052809	0.00042763059231918624	0.08124981254064538	190	27	1.850378574218449	1.2533172496623224e-05	0.004
38	(0.001, 0.30000000000000004)	0.9085682300112602	0.0010638954622954903	0.20214013783614315	190	38	1.9480971330019548	0.00018541245537689877	0.005
39	(0.001, 0.30000000000000004)	0.5018518357714781	0.0021976082820623234	0.4175455735918414	190	46	1.9370096022113685	7.75901485012831e-05	0.007
40	(0.001, 0.30000000000000004)	0.9149074241648173	0.0009011472233273035	0.17121797243218767	190	33	2.0397059827375355	8.117385551623113e-05	0.009
41	(0.001, 0.30000000000000004)	0.8696521899265577	0.0019703334171665902	0.37436334926165216	190	55	2.1281714687301596	0.00020013726341594484	0.014
42	(0.001, 0.30000000000000004)	0.8704025616553688	0.0029370010972568526	0.558030208478802	190	58	1.7610246707027188	0.00038879186096707485	0.01
43	(0.001, 0.30000000000000004)	0.8886587765448022	0.001458461101364149	0.2771076092591883	190	38	2.0706905677488305	7.735160950117503e-05	0.007
44	(0.001, 0.30000000000000004)	0.7052983190468712	0.0019499621089230752	0.37049280069538426	190	49	2.074234232382082	0.00011350021864547921	0.007
45	(0.001, 0.30000000000000004)	0.8866332282656638	0.003861716480388165	0.7337261312737513	190	52	1.9678205635788988	0.0005853532962349917	0.007
46	(0.001, 0.30000000000000004)	0.9064652768498466	0.0020776564816928893	0.39475473152164897	190	38	1.8704894337336362	0.00031336650892699325	0.008
47	(0.001, 0.30000000000000004)	0.9213178051723694	0.0014868108022360767	0.2824940524248546	190	53	1.9485433159188743	7.341658091858383e-05	0.007
48	(0.001, 0.30000000000000004)	0.8964782838867875	0.001585424691945836	0.3012306914697088	190	52	2.0797123867466802	0.00019577423114003345	0.006
49	(0.001, 0.30000000000000004)	0.8681136354750328	0.001197191240594056	0.22746633571287062	190	37	2.0038414300689316	0.00013953331265598168	0.007
50	(0.001, 0.30000000000000004)	0.8966138268441117	0.002217862075702543	0.4213937943834831	190	50	2.149126337352086	0.000301741973495917	0.006
51	(0.001, 0.30000000000000004)	0.8369473305830399	0.0024427115584493083	0.46411519610536855	190	54	1.9685426001899458	0.00014292120462716662	0.008
52	(0.001, 0.30000000000000004)	0.8285021664445467	0.0017690893170128528	0.33612697023244203	190	42	2.093691213661601	8.86170872665959e-05	0.008
53	(0.001, 0.30000000000000004)	0.6845133624335218	0.0009138010143170584	0.1736221927202411	190	29	1.8728365799765476	3.422171695535714e-05	0.005
54	(0.001, 0.30000000000000004)	0.6118728206244484	0.0019056216036364157	0.362068104690919	190	45	2.051549169663378	7.620299760674465e-05	0.006
55	(0.001, 0.30000000000000004)	0.9075803226351076	0.0018604917647103332	0.3534934352949633	190	61	1.9432455947237781	0.00019221051031526049	0.006
56	(0.001, 0.30000000000000004)	0.8669686080382852	0.0019060477065753428	0.36214906424931514	190	47	2.186440788033038	0.00016347269655370145	0.005
57	(0.001, 0.30000000000000004)	0.8573127937918998	0.0011079899973098827	0.2105180994888777	190	44	2.1753489890950384	7.248750678306992e-05	0.01
58	(0.001, 0.30000000000000004)	0.8481030551653079	0.0006178751972945305	0.11739628748596079	190	30	1.7787279489846148	2.940412272560422e-05	0.007
59	(0.001, 0.30000000000000004)	0.8158443661984747	0.0011621552340431223	0.22080949446819323	190	41	2.0656212191050147	0.00011908846137001494	0.009
60	(0.001, 0.30000000000000004)	0.8748165259077862	0.0006519758784882494	0.12387541691276739	190	36	2.1597335367604162	5.338367819884837e-05	0.013
61	(0.001, 0.30000000000000004)	0.8442051176184322	0.0018692683908159591	0.3551609942550322	190	48	1.7673570762207917	0.00016621246201264928	0.007
62	(0.001, 0.30000000000000004)	0.8842326345282085	0.001794295365884239	0.3409161195180054	190	41	2.1199543219282795	0.00010309231214039594	0.01
63	(0.001, 0.30000000000000004)	0.8764765269827706	0.001332706568640273	0.2532142480416519	190	39	1.8676088486076516	0.00015291329339883752	0.006
64	(0.001, 0.30000000000000004)	0.7049391162956726	0.002218304990896178	0.4214779482702738	190	48	2.083940167380766	0.00014193605289464228	0.006
65	(0.001, 0.30000000000000004)	0.8003733041951963	0.001424276480773124	0.27061253134689356	190	46	2.3811191292815153	0.00013533094079765107	0.007
66	(0.001, 0.30000000000000004)	0.553088816632673	0.00195866384649658	0.3721461308343502	190	43	2.164089211539075	6.421381473653565e-05	0.006
67	(0.001, 0.30000000000000004)	0.7404659147137269	0.0019796208317493062	0.3761279580323682	190	44	2.001784424177631	9.705179769542438e-05	0.007
68	(0.001, 0.30000000000000004)	0.9106490062295632	0.0014011693550894705	0.2662221774669994	190	43	1.8475529695350803	0.0002102679966745069	0.013
69	(0.001, 0.30000000000000004)	0.7480252888844328	0.0010912601362456805	0.20733942588667928	190	28	2.053165018576831	7.852280503584108e-05	0.005
70	(0.001, 0.30000000000000004)	0.9203812200664443	0.0015046359259234961	0.28588082592546427	190	37	1.9845309023320987	0.0003257134429217601	0.012
71	(0.001, 0.30000000000000004)	0.9256050969015382	0.0019859680725194126	0.3773339337786884	190	40	2.12981662389838	0.00031169672715214425	0.007
72	(0.001, 0.30000000000000004)	0.8976897824287442	0.001134981914020304	0.21564656366385776	190	39	1.8944278337829241	0.0001163509570489829	0.006
73	(0.001, 0.30000000000000004)	0.9560259741715241	0.0015085930740532847	0.2866326840701241	190	47	2.1533013283457705	0.0002510672284457005	0.006
74	(0.001, 0.30000000000000004)	0.8591281052433464	0.001570692947498259	0.2984316600246692	190	47	2.049305178377485	0.0002101305559967792	0.007
75	(0.001, 0.30000000000000004)	0.9260355481726754	0.0026602245938504394	0.5054426728315835	190	58	2.041516637065527	0.000340140862661098	0.009
76	(0.001, 0.30000000000000004)	0.9645098900019009	0.0008865378263749878	0.1684421870112477	190	34	2.020205078185143	0.00031040996312567404	0.006
77	(0.001, 0.30000000000000004)	0.7200563213341046	0.0007313956092783732	0.13896516576289092	190	26	2.1274668606983123	3.473321208674607e-05	0.005
78	(0.001, 0.30000000000000004)	0.8932802760130377	0.001106498977553862	0.2102348057352338	190	40	2.0712202129148864	7.468570757213078e-05	0.005
79	(0.001, 0.30000000000000004)	0.8389624159926562	0.001075478615292255	0.20434093690552846	190	28	1.6287742240908671	7.075651426524665e-05	0.005
80	(0.001, 0.30000000000000004)	0.7197993058530445	0.0016034210509373122	0.3046499996780893	190	44	2.051947677848628	2.7141672093389246e-05	0.005
81	(0.001, 0.30000000000000004)	0.6381859702717233	0.0007457725906365369	0.141696792220942	190	35	1.7692078578739214	1.3137200523982706e-05	0.008
82	(0.001, 0.30000000000000004)	0.8563875068012683	0.0024582721887819086	0.46707171586856266	190	64	2.125540301596334	0.0002672132018142759	0.006
83	(0.001, 0.30000000000000004)	0.822578098885805	0.0008073493942092639	0.15339638489976015	190	36	1.6933584477604742	3.3080751336483916e-05	0.005
84	(0.001, 0.30000000000000004)	0.8223906827780716	0.001504842819939075	0.28592013578842423	190	45	1.9476348124655183	0.00012000926049016147	0.006
85	(0.001, 0.30000000000000004)	0.7383740858976623	0.0009748263811260109	0.18521701241394206	190	30	1.9455535247695561	2.441065724007041e-05	0.005
86	(0.001, 0.30000000000000004)	0.8613185576199263	0.0006934609480604717	0.13175758013148964	190	35	1.9765992274511042	3.125821287441877e-05	0.005
87	(0.001, 0.30000000000000004)	0.9054348300325163	0.0008833122345945875	0.16782932457297162	190	34	2.0826312788294676	0.00017407279547448917	0.006
88	(0.001, 0.30000000000000004)	0.9356783191045905	0.002172260725610987	0.41272953786608757	190	50	2.071195379258911	0.0004917307756451827	0.016
89	(0.001, 0.30000000000000004)	0.898174102487245	0.0016583155909100453	0.31507996227290863	190	39	1.949000574198849	0.00012506153308400325	0.006
90	(0.001, 0.30000000000000004)	0.7562236756724385	0.0026306253106227737	0.499818809018327	190	53	1.9036091172475886	0.00017266566455065302	0.007
91	(0.001, 0.30000000000000004)	0.6827337890128684	0.0013713439789010122	0.26055535599119234	190	43	1.9803833024346067	5.026847046379901e-05	0.006
92	(0.001, 0.30000000000000004)	0.7988345910217645	0.002248987240743954	0.42730757574135125	190	47	1.8940068948577942	0.00019822056038804048	0.005
93	(0.001, 0.30000000000000004)	0.7950347780447863	0.0016278352739016026	0.3092887020413045	190	50	1.9623746306500245	6.585766644984226e-05	0.006
94	(0.001, 0.30000000000000004)	0.7529113655483912	0.0020848984423853384	0.39613070405321427	190	52	1.95848628099437	7.455415158735823e-05	0.005
95	(0.001, 0.30000000000000004)	0.5623327883486391	0.002120432942376663	0.402882259051566	190	39	2.06254909803857	7.673766493332401e-05	0.012
96	(0.001, 0.30000000000000004)	0.3799487624324499	0.0011633467563258487	0.22103588370191127	190	27	1.988862203555504	7.7183381736734e-06	0.006
97	(0.001, 0.30000000000000004)	0.8379644691441173	0.002323166080638496	0.44140155532131425	190	62	1.8424438594551713	0.00020013346637498541	0.01
98	(0.001, 0.30000000000000004)	0.8511320160856753	0.0018856888288214196	0.35828087747606974	190	53	1.7016727220640087	0.00023972973030383926	0.007
99	(0.001, 0.30000000000000004)	0.7502200453306722	0.0018599099605069937	0.3533828924963288	190	50	1.8007694616187038	9.796966643071947e-05	0.007
