row	hyper	r2	mse	sse	n	df	DW:Lag1	dual_gap	time
0	(0.001, 0.30000000000000004)	0.8761754347753431	0.001814008649886934	0.34466164347851747	190	75	2.0525667231341407	0.0002186333195943191	0.008
1	(0.001, 0.30000000000000004)	0.6299356695376428	0.0009786809256447876	0.18594937587250965	190	54	2.016183003433648	8.549413153896568e-06	0.006
2	(0.001, 0.30000000000000004)	0.7011304564055607	0.001464486687549897	0.27825247063448044	190	59	2.1268060222000185	2.2859534094032963e-05	0.007
3	(0.001, 0.30000000000000004)	0.8418162916851877	0.0015302884956201286	0.29075481416782445	190	66	1.7799037566557918	0.00013574228290386126	0.009
4	(0.001, 0.30000000000000004)	0.7973135892119159	0.0015292541386379805	0.2905582863412163	190	82	2.018910546817805	0.00013444276682489376	0.01
5	(0.001, 0.30000000000000004)	0.2183377501453707	0.0002575400190259568	0.0489326036149318	190	19	1.9432143162481292	9.152852690347268e-08	0.004
6	(0.001, 0.30000000000000004)	0.8336725721740634	0.0017895513189728999	0.340014750604851	190	69	2.0399724219352398	0.00019050167204276436	0.006
7	(0.001, 0.30000000000000004)	0.7832472298637554	0.001403607669364643	0.26668545717928216	190	70	2.0164437250466416	0.00011958554672847344	0.006
8	(0.001, 0.30000000000000004)	0.8198276257715708	0.000520151993041288	0.09882887867784473	190	29	1.8469285460848934	1.9224476755688724e-05	0.006
9	(0.001, 0.30000000000000004)	0.8934009141731168	0.0017718760042713193	0.33665644081155066	190	77	1.8281540264441951	0.00031361055226136747	0.006
10	(0.001, 0.30000000000000004)	0.15837417153085065	0.00014840770681352517	0.028197464294569784	190	8	1.962675114739347	4.75165843130676e-08	0.003
11	(0.001, 0.30000000000000004)	0.6515557553966576	0.0015843896758953198	0.3010340384201108	190	57	1.951433532948924	8.05559888387708e-05	0.005
12	(0.001, 0.30000000000000004)	0.1344973152067489	0.00020159205102645872	0.038302489695027156	190	9	1.8625523249432085	3.2276857020452354e-08	0.006
13	(0.001, 0.30000000000000004)	0.6486939496064615	0.0006144586307096319	0.11674713983483007	190	30	1.9421563209923274	1.3344410188673161e-05	0.005
14	(0.001, 0.30000000000000004)	0.32117145692806226	0.0004677407428798845	0.08887074114717806	190	22	2.003249957913157	4.826372069929863e-06	0.004
15	(0.001, 0.30000000000000004)	0.8976638698168363	0.0013250759572022825	0.25176443186843367	190	63	2.105470318085104	0.00022703775106569513	0.006
16	(0.001, 0.30000000000000004)	0.7395391309085331	0.001315282202713751	0.2499036185156127	190	63	2.0828191502459106	4.7573610155310364e-05	0.011
17	(0.001, 0.30000000000000004)	0.8671869344318112	0.00182303124928776	0.3463759373646744	190	80	2.239919096255461	0.00019919874553775418	0.006
18	(0.001, 0.30000000000000004)	0.6246504878973133	0.00041885727331635036	0.07958288193010657	190	31	2.169869702310485	9.533012058970947e-06	0.004
19	(0.001, 0.30000000000000004)	0.6302995558291183	0.00031797326884301744	0.06041492108017331	190	22	1.887044117265595	4.102547991921557e-06	0.004
20	(0.001, 0.30000000000000004)	0.8988940155706623	0.0013147071395328213	0.24979435651123605	190	49	2.0051843743920736	0.00011277819097049724	0.006
21	(0.001, 0.30000000000000004)	0.8447059870371905	0.0011738807979446851	0.22303735160949018	190	52	2.097238158719593	6.473242043156247e-05	0.008
22	(0.001, 0.30000000000000004)	0.9194117622986304	0.001667586704677747	0.31684147388877193	190	68	1.975114454017778	0.0002541683934889627	0.005
23	(0.001, 0.30000000000000004)	0.9259634557923045	0.001682221453734515	0.31962207620955785	190	78	2.0167248532906035	0.0002987164021607258	0.007
24	(0.001, 0.30000000000000004)	0.7198557064630864	0.001390749314802891	0.2642423698125493	190	54	2.2282195253587376	4.389644273694593e-05	0.006
25	(0.001, 0.30000000000000004)	0.8221006302058057	0.0023568085130308107	0.44779361747585406	190	76	2.1148342719464317	0.00010613354676369813	0.01
26	(0.001, 0.30000000000000004)	0.7713454723395079	0.0016027515250130353	0.3045227897524767	190	64	1.9178395599931544	8.588232390921435e-05	0.006
27	(0.001, 0.30000000000000004)	0.8532051809535461	0.0014621704265002432	0.2778123810350462	190	63	1.771808477663428	7.733271952092835e-05	0.009
28	(0.001, 0.30000000000000004)	0.9142482906657453	0.0018377808883375838	0.34917836878414094	190	87	2.1081298511977837	0.00039758440442994036	0.008
29	(0.001, 0.30000000000000004)	0.7870289060846736	0.0016168355038389975	0.30719874572940953	190	65	1.9027221444239413	8.104118216228917e-05	0.006
30	(0.001, 0.30000000000000004)	0.8163250458281336	0.0011043968739373107	0.209835406048089	190	53	2.0262755908515726	7.649941067844335e-05	0.005
31	(0.001, 0.30000000000000004)	0.19594858616487143	0.00019592039183134212	0.037224874447955004	190	8	2.179095076609755	1.9360600206352885e-09	0.003
32	(0.001, 0.30000000000000004)	0.5920379664596529	0.0007938520907182103	0.15083189723645996	190	45	1.9937779504004822	1.7235865786280335e-05	0.008
33	(0.001, 0.30000000000000004)	0.8282295562601094	0.001002759493182061	0.19052430370459159	190	45	1.9984350186848188	5.044182196939362e-05	0.005
34	(0.001, 0.30000000000000004)	0.6764803928839666	0.0017704073859634208	0.33637740333304994	190	74	2.0274847448289823	5.87450534531575e-05	0.009
35	(0.001, 0.30000000000000004)	0.932734041982402	0.0028019931720519742	0.5323787026898751	190	83	2.0862870572909955	0.0006339220579233418	0.007
36	(0.001, 0.30000000000000004)	0.9533732097394577	0.0024236456850956108	0.460492680168166	190	86	1.9847710122524145	0.000930481200308142	0.027
37	(0.001, 0.30000000000000004)	0.4521427839385558	0.000590792949073685	0.11225066032400015	190	43	2.0290728025404716	2.546237384229433e-06	0.005
38	(0.001, 0.30000000000000004)	0.8518318841593514	0.0014958223893228998	0.28420625397135096	190	52	1.7997900594847136	0.00013219109831286158	0.006
39	(0.001, 0.30000000000000004)	0.6409401049980724	0.0015975422589030736	0.303533029191584	190	65	2.0294800628766194	2.8697673089328468e-05	0.005
40	(0.001, 0.30000000000000004)	0.8774511047223919	0.0012780810793385014	0.24283540507431528	190	49	2.146216452001055	9.112056577087468e-05	0.005
41	(0.001, 0.30000000000000004)	0.8891755395841813	0.0015965010150097731	0.3033351928518569	190	78	2.0594923299893337	0.0001967231940427916	0.008
42	(0.001, 0.30000000000000004)	0.8472879264947957	0.0032175351691584187	0.6113316821400996	190	78	2.1430496545155733	0.00023554088777111293	0.007
43	(0.001, 0.30000000000000004)	0.8524370981856711	0.0017780642469268023	0.33783220691609245	190	73	2.1819437777990225	0.0002066497401736478	0.006
44	(0.001, 0.30000000000000004)	0.7361740519482345	0.0016245901191244293	0.3086721226336416	190	63	2.020506186386311	6.17083371362015e-05	0.006
45	(0.001, 0.30000000000000004)	0.9177353482705227	0.002667262742655453	0.5067799211045361	190	88	2.194680627456671	0.000595229777812678	0.009
46	(0.001, 0.30000000000000004)	0.8817600968409138	0.0027309350133746207	0.5188776525411779	190	79	1.91856923488063	0.00038710342499170824	0.007
47	(0.001, 0.30000000000000004)	0.8631638832161654	0.002502699836257282	0.47551296888888356	190	76	2.08045838033534	0.000306986376375773	0.005
48	(0.001, 0.30000000000000004)	0.8515861681161478	0.002173814721155877	0.4130247970196166	190	72	2.065856961369488	0.00022763940873027355	0.008
49	(0.001, 0.30000000000000004)	0.8868798181352419	0.0009338230686224385	0.17742638303826333	190	51	1.9683193459490944	0.00013587927155855883	0.006
50	(0.001, 0.30000000000000004)	0.8887645879390782	0.0023451491670341495	0.4455783417364884	190	78	2.098597932230433	0.00034725515210409785	0.009
51	(0.001, 0.30000000000000004)	0.8426478549339491	0.0021309913871470805	0.40488836355794533	190	82	2.200815371372342	0.00021102646493842414	0.006
52	(0.001, 0.30000000000000004)	0.8626039343082117	0.0014835163772523065	0.28186811167793824	190	73	2.1371443741460308	0.00013928830320231178	0.009
53	(0.001, 0.30000000000000004)	0.7126477827584812	0.0008768510959058007	0.16660170822210213	190	54	2.1911008606284645	3.022647327050043e-05	0.005
54	(0.001, 0.30000000000000004)	0.6560716557362734	0.001402390615143899	0.26645421687734083	190	63	2.1147107651415276	3.878661402295647e-05	0.008
55	(0.001, 0.30000000000000004)	0.9044406113005358	0.0019515335041480608	0.37079136578813154	190	76	1.8833159852410666	0.00020911379326860047	0.007
56	(0.001, 0.30000000000000004)	0.862435226928143	0.001953266295911422	0.3711205962231702	190	67	2.078687955670842	0.00014421363411731836	0.006
57	(0.001, 0.30000000000000004)	0.7934537114842424	0.001850196307941801	0.3515372985089422	190	69	1.8359576230912076	0.00013662054317575834	0.007
58	(0.001, 0.30000000000000004)	0.796760982333162	0.0008040104286477434	0.15276198144307124	190	41	2.07801069925404	5.4787907802861247e-05	0.005
59	(0.001, 0.30000000000000004)	0.8508648439303795	0.0010221053402442828	0.19420001464641373	190	57	1.988152059454835	0.00010770470010385003	0.005
60	(0.001, 0.30000000000000004)	0.8279046839727155	0.0009231992405326859	0.1754078557012103	190	56	2.0334408576209024	8.109977096748544e-05	0.005
61	(0.001, 0.30000000000000004)	0.8492588002062198	0.0019111878535240708	0.36312569216957347	190	74	2.0438309019331884	0.00022576752028502511	0.009
62	(0.001, 0.30000000000000004)	0.8371241470137272	0.0019445150597816713	0.36945786135851755	190	80	2.2542323242208884	0.0002192948715984966	0.007
63	(0.001, 0.30000000000000004)	0.845193180085078	0.0014164932886964311	0.2691337248523219	190	72	2.190834884275431	0.00012182873115723636	0.006
64	(0.001, 0.30000000000000004)	0.829125479529671	0.0011833981529813262	0.22484564906645196	190	67	2.048413672012829	8.603962808925725e-05	0.013
65	(0.001, 0.30000000000000004)	0.8285558111989542	0.0014460864036406173	0.2747564166917173	190	72	2.0666818697621476	0.00014944419910201123	0.01
66	(0.001, 0.30000000000000004)	0.7540857795187847	0.0013555408451074494	0.2575527605704154	190	69	2.010125285398563	5.419223082564484e-05	0.007
67	(0.001, 0.30000000000000004)	0.8090046217003422	0.0012896252367723023	0.24502879498673744	190	66	1.9936352915358817	7.608476584863855e-05	0.007
68	(0.001, 0.30000000000000004)	0.8884564488434078	0.0017610045194278647	0.3345908586912943	190	73	1.8491852211958613	0.00017747082746982779	0.008
69	(0.001, 0.30000000000000004)	0.8297823317689605	0.0010247908625934856	0.19471026389276228	190	46	1.8850453572583301	5.43123932498224e-05	0.004
70	(0.001, 0.30000000000000004)	0.9190956440282585	0.0018383887154085833	0.34929385592763085	190	83	2.089098194224851	0.0003945513921166932	0.01
71	(0.001, 0.30000000000000004)	0.9289396703040957	0.0024748595444042164	0.4702233134368011	190	83	2.1074329951815756	0.0006427923807217351	0.016
72	(0.001, 0.30000000000000004)	0.9070998804335557	0.001730266046403284	0.32875054881662397	190	74	2.0865751182860457	0.0003347096794914517	0.006
73	(0.001, 0.30000000000000004)	0.9455503408428632	0.002066754040869616	0.392683267765227	190	81	2.2408680607831033	0.0006663857847914456	0.019
74	(0.001, 0.30000000000000004)	0.7737877550100682	0.0020971355667424516	0.3984557576810658	190	60	1.9672738185899545	0.00013611724664081004	0.005
75	(0.001, 0.30000000000000004)	0.943209296515053	0.002085140340829237	0.396176664757555	190	84	1.883118228430292	0.00034673600410339844	0.008
76	(0.001, 0.30000000000000004)	0.9543257057556616	0.00135459335700707	0.2573727378313433	190	72	1.9715587940342967	0.0005514576601822752	0.005
77	(0.001, 0.30000000000000004)	0.7867730819645564	0.0008472130991832948	0.160970488844826	190	47	1.8208452893587324	3.6511374972125754e-05	0.005
78	(0.001, 0.30000000000000004)	0.8713127732170894	0.00111236215120461	0.2113488087288759	190	55	1.9268543785515015	0.00013768816971237996	0.006
79	(0.001, 0.30000000000000004)	0.7961505653457606	0.0010228242991779943	0.19433661684381892	190	50	1.9469633250340372	8.339357615286258e-05	0.006
80	(0.001, 0.30000000000000004)	0.7770838177577524	0.0013253181931988773	0.2518104567077867	190	61	2.030905720576633	8.013358842512419e-05	0.006
81	(0.001, 0.30000000000000004)	0.48006911955163256	0.0006779394076632104	0.12880848745600998	190	36	2.1463276858310136	1.57282147957849e-05	0.004
82	(0.001, 0.30000000000000004)	0.8470900577572005	0.002037602538175573	0.38714448225335885	190	76	2.047910027051159	0.00020025403237322603	0.011
83	(0.001, 0.30000000000000004)	0.7519931773831832	0.0007767045871609701	0.14757387156058432	190	41	1.944947255651941	2.7429764680231283e-05	0.005
84	(0.001, 0.30000000000000004)	0.7431616166722426	0.0013703788005551049	0.2603719721054699	190	67	1.6821263716653347	7.428286417909824e-05	0.008
85	(0.001, 0.30000000000000004)	0.7360964042272742	0.0009528490230278151	0.18104131437528487	190	53	2.041399195088919	2.6350205131503435e-05	0.011
86	(0.001, 0.30000000000000004)	0.715054156976337	0.0008051906418592603	0.15298622195325945	190	42	1.9832928503783	4.695827949352527e-05	0.014
87	(0.001, 0.30000000000000004)	0.8718856726599123	0.0011555883937641857	0.21956179481519528	190	58	1.9560755601514666	0.0001486522205407792	0.007
88	(0.001, 0.30000000000000004)	0.9409351262344825	0.002286184380908982	0.4343750323727066	190	83	2.156093830493907	0.0006131227730252209	0.012
89	(0.001, 0.30000000000000004)	0.8978745122012516	0.0018110053573954705	0.3440910179051394	190	70	2.04492201937893	0.00027963342955306114	0.006
90	(0.001, 0.30000000000000004)	0.8309014714302615	0.001922002863219688	0.3651805440117407	190	73	2.0115167862844365	0.00018490537240767324	0.007
91	(0.001, 0.30000000000000004)	0.7211164394197546	0.0012135997675551873	0.23058395583548558	190	61	1.9603483381030895	7.514218966994668e-05	0.005
92	(0.001, 0.30000000000000004)	0.8671470513786529	0.001610396707719044	0.3059753744666184	190	81	2.1403809313907987	0.0002191641591121618	0.009
93	(0.001, 0.30000000000000004)	0.8181939220019802	0.0013260252364690533	0.25194479492912014	190	63	1.7792799453072374	5.167753300017175e-05	0.006
94	(0.001, 0.30000000000000004)	0.7715715413161628	0.0014568777598799932	0.2768067743771987	190	72	2.2333906656609384	0.0001025989953659101	0.006
95	(0.001, 0.30000000000000004)	0.7150795561525085	0.0013174005962823484	0.2503061132936462	190	64	1.9071137429863636	6.684685687496916e-05	0.005
96	(0.001, 0.30000000000000004)	0.5494459565873593	0.0008655635706824675	0.16445707842966883	190	38	2.2357696494504706	1.4393097572645841e-05	0.005
97	(0.001, 0.30000000000000004)	0.8528292979510115	0.002065948640844782	0.39253024176050855	190	77	1.910339069853736	0.00023793174424030505	0.02
98	(0.001, 0.30000000000000004)	0.8199290422982308	0.0018194834634526309	0.34570185805599984	190	72	1.9329093038148126	0.0001853057173027972	0.132
99	(0.001, 0.30000000000000004)	0.7970910577635213	0.0015486018794437784	0.2942343570943179	190	71	1.949646752227519	0.00012962825148471468	0.019
