gene	t0_rep1	t1_rep1	t2_rep1	t3_rep1	t4_rep1	t5_rep1	t6_rep1	t7_rep1	t8_rep1	t9_rep1	t10_rep1	t11_rep1	t12_rep1	t13_rep1	t14_rep1	t15_rep1	t16_rep1	t17_rep1	t18_rep1	t19_rep1	t20_rep1
G1	0.279342057143	0.100699957143	-0.141442942857	-0.159902442857	-0.203666042857	0.206592557143	0.135723057143	0.104749657143	0.358786357143	0.320008357143	0.120018957143	-0.188532242857	-0.185188142857	-0.168045042857	0.210706557143	-0.196169042857	-0.123090842857	0.0136043571429	-0.174890842857	-0.127486342857	-0.181817942857
G2	-0.077231352381	0.051743247619	-0.072105152381	0.010476647619	0.118140147619	-0.024049152381	-0.078759652381	0.00382714761905	-0.082530252381	0.088677147619	-0.020069952381	0.084949147619	0.108695947619	0.101200047619	0.044896347619	0.081816247619	-0.101755552381	-0.083096552381	0.042663347619	-0.074214852381	-0.123272952381
G3	0.0555948142857	-0.164244685714	-0.158852085714	0.0591178142857	0.0987650142857	0.0803833142857	-0.0734797857143	0.0524755142857	-0.0829770857143	0.172258114286	-0.104630985714	0.0957252142857	-0.139665385714	-0.0763088857143	0.188557814286	0.0685353142857	-0.0598509857143	-0.0834121857143	-0.0648383857143	0.181679914286	-0.0448323857143
G4	-0.137214380952	0.219620719048	0.173262519048	0.181501219048	0.0906881190476	-0.221576980952	0.188468819048	0.213498019048	-0.214506480952	-0.00155638095238	0.263493619048	-0.205764080952	-0.219713580952	-0.219735680952	-0.211886980952	0.206087219048	-0.147184480952	0.273781419048	-0.217552480952	-0.214305580952	0.200595419048
G5	0.167294390476	-0.160540909524	0.0133379904762	-0.170171409524	0.0680223904762	0.0622149904762	-0.106983609524	0.115419090476	0.00927799047619	0.0105090904762	-0.120550709524	0.00318579047619	-0.151707509524	-0.00039710952381	0.0340740904762	0.0205980904762	0.0963633904762	-0.0986210095238	0.228280390476	0.0207476904762	-0.0403531095238
G6	-0.0293201	0.0286988	-0.0993656	0.0563909	-0.0480422	0.0170591	0.0998626	0.0615274	-0.0380477	0.0022843	0.0694614	0.1180384	-0.1732072	0.0187576	-0.0757569	-0.13827	0.0733002	0.0311626	0.012927	-0.1457324	0.1582718
G7	-0.00807848571429	-0.122296885714	0.0473733142857	-0.0135104857143	0.0516365142857	-0.0670649857143	0.0268171142857	0.0336761142857	0.00498331428571	0.0534825142857	-0.00561868571429	0.109618514286	0.0364462142857	0.0188092142857	-0.0696287857143	-0.00752208571429	-0.0215632857143	0.0338534142857	0.0257092142857	-0.0298121857143	-0.0973095857143
G8	-0.115343928571	-0.125578628571	-0.134514228571	-0.147028628571	0.0748632714286	0.0976992714286	0.176698571429	-0.110912128571	0.0864285714286	-0.0130455285714	0.155301071429	0.00722237142857	0.170493871429	0.0366575714286	-0.112094928571	-0.130348428571	-0.0897030285714	-0.126017528571	0.196677371429	-0.122926328571	0.225471371429
G9	-0.0248652857143	0.113124514286	0.00484141428571	-0.175047185714	-0.174535885714	0.215512314286	0.0548231142857	0.114779914286	-0.0717085857143	-0.197407285714	0.119097014286	-0.0879583857143	0.0955099142857	-0.149145185714	-0.125260885714	-0.123418985714	0.162561214286	0.186962314286	0.127115514286	-0.136329885714	0.0713503142857
G10	0.0162399095238	-0.0248341904762	0.0120300095238	-0.0131944904762	0.0234919095238	0.00541140952381	-0.00273089047619	0.0286551095238	-0.00914609047619	-0.00036569047619	-0.0175259904762	-0.00567539047619	0.00358550952381	-0.0531662904762	0.0463817095238	0.0447806095238	0.00758660952381	-0.0426822904762	-0.0319818904762	0.0334217095238	-0.0202812904762
G11	-0.0334228571429	0.0198968428571	-0.00324575714286	-0.0446411571429	-0.00597405714286	0.00928344285714	-0.0586952571429	0.0106372428571	-0.0615577571429	-0.0328120571429	0.0127485428571	0.134630542857	0.00258354285714	0.0146661428571	-0.0534240571429	0.00878074285714	-0.0148908571429	0.0176234428571	0.0738759428571	0.00575054285714	-0.00181315714286
G12	-0.0780137428571	0.0113239571429	0.000554057142857	-0.0634128428571	0.0129702571429	0.0566395571429	-0.0966737428571	-0.0438461428571	0.0416187571429	0.0375678571429	0.0326203571429	-0.0237834428571	0.0568583571429	0.0176823571429	-0.0289798428571	0.0605902571429	0.0922847571429	0.0306680571429	-0.0901107428571	-0.0176683428571	-0.00888974285714
G13	-0.000611852380952	0.016343147619	-0.00179335238095	-0.039800352381	0.021262847619	0.00911614761905	-0.068387652381	-0.116776852381	0.041029547619	-0.014467852381	-0.080184652381	-0.033129452381	0.046716847619	-0.010430952381	0.00850294761905	0.000169747619048	0.034482247619	0.041185447619	0.023972047619	0.081037247619	0.041764747619
G14	-0.125291571429	0.0803254285714	-0.0997404714286	0.0966224285714	-0.143040271429	-0.0249678714286	0.00543222857143	-0.0828924714286	-0.111442871429	0.143527428571	0.0609448285714	-0.117396271429	-0.108678971429	0.101428528571	-0.0947462714286	0.0932809285714	-0.132747171429	0.106481728571	0.125033628571	0.158897828571	0.0689692285714
G15	-0.116699619048	-0.0436679190476	-0.0213264190476	0.0601393809524	-0.0201865190476	-0.0852366190476	0.00987148095238	0.152900780952	0.0382056809524	-0.0424068190476	-0.0205411190476	-0.0151274190476	-0.101299219048	0.0918205809524	-0.127387919048	0.0662258809524	-0.0989575190476	0.238423080952	0.0478600809524	0.0294822809524	-0.0420921190476
G16	-0.0118173428571	-0.135761142857	0.145099257143	0.0887197571429	-0.0393363428571	-0.179894342857	-0.0251329428571	-0.0963716428571	-0.0592874428571	0.0205659571429	0.0427582571429	0.0438985571429	0.0434671571429	-0.0357627428571	0.00363475714286	0.130498857143	-0.160161242857	0.118143357143	0.0867226571429	0.0511647571429	-0.0311481428571
G17	-0.0295193809524	-0.00349838095238	-0.0165039809524	0.0198466190476	0.0194268190476	0.0410974190476	0.00384641904762	0.0176447190476	0.0382086190476	-0.0364097809524	0.00393141904762	-0.0303394809524	0.00323211904762	-0.0185566809524	0.0129438190476	0.0100376190476	0.0123349190476	-0.0176117809524	-0.0473893809524	0.00207311904762	0.0152052190476
G18	0.0741566666667	0.0618093666667	-0.0112239333333	-0.122230333333	-0.00603073333333	-0.00889433333333	-0.104906733333	0.0849837666667	0.0427558666667	-0.0355209333333	0.111049066667	0.0605444666667	-0.00426453333333	-0.0817725333333	0.226886866667	-0.0801961333333	-0.00497553333333	-0.0911492333333	-0.0295092333333	-0.0881001333333	0.00658826666667
G19	-0.0579046380952	0.0729929619048	-0.113321138095	-0.0630556380952	-0.0515464380952	0.110189361905	0.119236161905	-0.0367735380952	0.0273852619048	0.0293112619048	0.0242796619048	-0.0393940380952	-0.0151516380952	-0.100257038095	-0.0315944380952	0.0610344619048	0.0108164619048	-0.0984347380952	0.0546499619048	0.0468729619048	0.0506647619048
G20	0.0437744238095	-0.12988987619	0.0350807238095	-0.0566018761905	-0.0511076761905	0.0475627238095	0.0486395238095	0.0356736238095	-0.0335791761905	0.0397032238095	-0.0451019761905	-0.0457167761905	-0.0276488761905	-0.0548463761905	0.0254320238095	0.0321035238095	0.00768582380952	0.0317686238095	-0.0166272761905	0.10421282381	0.00948282380952
G21	-0.0547888571429	-0.108773957143	-0.0853819571429	-0.0700153571429	-0.0841324571429	0.155978842857	0.0952927428571	0.197091342857	0.0361207428571	-0.0564940571429	-0.105976657143	-0.112124557143	-0.134178657143	-0.0753975571429	-0.0190788571429	0.123659842857	0.0968394428571	0.358011442857	0.0319438428571	-0.0684862571429	-0.120109057143
G22	-0.0426952666667	-0.0426386666667	-0.00272496666667	-0.0688910666667	0.00669913333333	0.0850966333333	0.00685013333333	-0.0446751666667	0.0385435333333	-0.0571202666667	-0.0997778666667	0.00371253333333	0.0987179333333	-0.0650158666667	0.136193133333	-0.0126846666667	0.0643539333333	-0.0270177666667	0.0431348333333	-0.0279373666667	0.00787713333333
G23	0.164273442857	0.122666642857	0.0436363428571	-0.104050457143	-0.0930019571429	0.0190147428571	0.0800362428571	-0.103919157143	-0.0268693571429	0.0744254428571	0.0804911428571	-0.112331257143	0.107534942857	-0.123468957143	0.0270205428571	-0.0828466571429	0.0287327428571	-0.0930717571429	-0.0521998571429	0.00720364285714	0.0367235428571
G24	0.0622256809524	-0.198469719048	0.140005280952	0.187921380952	-0.184720719048	0.125094280952	-0.188656019048	0.165263280952	0.196217380952	0.112097280952	0.180966480952	-0.194980619048	-0.163731319048	-0.135652519048	0.143198780952	0.100638080952	-0.0746557190476	-0.163965119048	-0.154107319048	0.199755280952	-0.154444119048
G25	0.229139247619	-0.125638352381	0.033906447619	-0.00174215238095	-0.110089252381	0.056107747619	0.047552947619	0.117286747619	0.074100947619	-0.066455852381	-0.045676752381	-0.073950352381	0.115788647619	0.162105347619	-0.144801952381	-0.113082052381	0.067593447619	-0.117161552381	-0.114864152381	0.125512347619	-0.115631452381
G26	0.00250822857143	6.42285714285e-05	-0.0188544714286	0.0236012285714	0.0353776285714	-0.0351280714286	-0.0207851714286	0.0585132285714	0.0439089285714	-0.00233837142857	0.0138753285714	-0.0252465714286	0.00561222857143	-0.000154371428571	-0.0157023714286	0.0247780285714	0.00407752857143	-0.0290884714286	-0.0296425714286	-0.0484958714286	0.0131197285714
G27	0.0981818428571	0.0622064428571	-0.102512657143	-0.00422875714286	-0.119592457143	0.0909336428571	0.116201242857	-0.0779118571429	-0.00755365714286	0.117374242857	-0.0744469571429	0.154036242857	0.0666347428571	0.0256035428571	0.119280342857	-0.0366752571429	-0.148410457143	-0.126613857143	-0.0154895571429	0.0141426428571	-0.151159457143
G28	-0.131192095238	-0.116704495238	-0.104956195238	0.0731968047619	0.185591804762	-0.119808795238	0.0941208047619	0.125430504762	0.105397804762	0.0462495047619	-0.109958695238	-0.123350595238	-0.119200195238	0.0677731047619	0.158563404762	0.102896004762	0.0299311047619	-0.0155531952381	-0.122148095238	0.0764606047619	-0.102739095238
G29	0.186070619048	0.0972612190476	-0.184293280952	0.0120840190476	-0.182995480952	-0.152889180952	-0.174426280952	-0.182558380952	-0.183545280952	0.0534410190476	0.100343719048	0.0375329190476	0.0609037190476	0.218242319048	0.224536519048	-0.177526380952	0.129435719048	-0.0284641809524	0.0569763190476	-0.0710686809524	0.160939019048
G30	0.00666937619048	-0.20766812381	-0.0709271238095	-0.0137642238095	-0.11756342381	-0.0742866238095	-0.00284652380952	0.0880176761905	0.0362320761905	0.0436324761905	-0.0571741238095	-0.0473560238095	0.25223107619	0.00815887619048	0.12325647619	0.0724881761905	-0.00739212380952	0.0136170761905	-0.22412862381	0.17157317619	0.00723047619048
G31	-0.0990129761905	0.0639001238095	0.0421233238095	0.0855843238095	-0.0191386761905	0.0620427238095	-0.0330288761905	0.0631037238095	-0.00326757619048	0.0268606238095	-0.10707587619	-0.11156797619	0.0736182238095	0.13092602381	-0.13653897619	0.0757860238095	0.00380832380952	-0.10005187619	-0.10799787619	0.19774522381	-0.10781797619
G32	0.167374185714	-0.110962614286	-0.0138326142857	0.0777799857143	-0.230804014286	0.0926859857143	-0.131630014286	0.106172985714	0.0814493857143	0.0369231857143	-0.149152214286	0.122885885714	0.180183385714	-0.141698814286	0.0820010857143	-0.128218814286	0.231344285714	-0.134379314286	-0.161510514286	-0.0325843142857	0.0559728857143
G33	0.161124719048	-0.0150752809524	0.0281678190476	-0.0964614809524	0.0362661190476	-0.152251980952	0.129197719048	-0.0676741809524	-0.104399880952	0.0659906190476	0.0946721190476	-0.0467866809524	-0.0440347809524	0.118866419048	0.0510376190476	-0.0818473809524	-0.0940917809524	0.0291595190476	0.0355596190476	0.0950908190476	-0.142509680952
G34	-0.191727195238	0.194492404762	0.231155804762	-0.251063695238	-0.216029795238	-0.121727995238	-0.179893495238	-0.233114295238	0.143899704762	-0.201350095238	-0.213120895238	0.240585804762	0.0923729047619	-0.244406795238	0.193496304762	0.201329404762	0.161451704762	0.168228404762	-0.219617495238	0.157715604762	0.287323704762
G35	-0.0557341952381	0.0773003047619	-0.201568095238	0.141839804762	0.000110904761905	0.0600176047619	0.0317583047619	-0.0381945952381	0.0480498047619	-0.0627374952381	-0.0327148952381	0.0462534047619	-0.0121165952381	0.0776197047619	0.0222338047619	0.0402764047619	0.0977194047619	-0.0826604952381	-0.0757392952381	0.0084331047619	-0.0901468952381
G36	0.0710113142857	-0.0573453857143	-0.0930175857143	0.00216021428571	0.0747424142857	-0.0140917857143	0.0584501142857	-0.0990453857143	-0.0477275857143	0.000960514285714	0.0515182142857	0.00286651428571	-0.0272707857143	-0.0380193857143	0.110371514286	-0.0494040857143	0.0760880142857	-0.0370598857143	0.0836730142857	-0.0644740857143	-0.00438588571429
G37	0.0593116571429	-0.0235661428571	0.0384843571429	0.0897448571429	0.101900657143	-0.111298942857	-0.0371829428571	0.0315225571429	0.0515834571429	-0.108014942857	0.00188435714286	-0.0782690428571	-0.00488674285714	0.000902557142857	0.165315257143	-0.126247842857	-0.00521134285714	-0.0516794428571	-0.0416195428571	0.0255238571429	0.0218033571429
G38	0.0743388142857	-0.0368250857143	-0.0236488857143	0.0389562142857	0.0302937142857	0.00382991428571	-0.0163366857143	-0.00472968571429	-0.0119128857143	-0.0129893857143	0.0430527142857	0.00212091428571	-0.0305570857143	-0.00998508571429	-0.0559860857143	0.123351014286	-0.0469191857143	0.0212700142857	0.0716349142857	-0.149861485714	-0.00909668571429
G39	-0.0379519904762	0.141995509524	-0.0735141904762	0.103574409524	-0.0464368904762	0.0103298095238	0.113765309524	0.0627784095238	-0.114874990476	-0.0545489904762	0.0904980095238	-0.0224657904762	0.0102386095238	-0.150808590476	-0.110254690476	-0.0793386904762	0.0614905095238	0.172664709524	-0.0465083904762	0.0235683095238	-0.0542003904762
G40	0.0363061904762	-0.0133976095238	-0.0720015095238	0.0382494904762	-0.00769410952381	0.00602799047619	0.0923038904762	-0.0263840095238	0.133890290476	-0.0467373095238	-0.00229710952381	-0.0155951095238	-0.0211049095238	-0.0167263095238	-0.0283579095238	0.0627633904762	-0.0196002095238	0.0207213904762	-0.00643380952381	-0.0817694095238	-0.0321633095238
G41	0.122888466667	0.0157853666667	0.130380366667	0.00777366666667	0.190255866667	-0.141396533333	-0.00624793333333	-0.0946594333333	-0.100125533333	0.128967666667	-0.114660633333	0.0804013666667	-0.119768133333	0.118184266667	0.0856150666667	0.0909718666667	0.00768836666667	-0.0697723333333	-0.119326933333	-0.131230433333	-0.0817244333333
G42	0.1032957	-0.0413383	0.028395	0.0292186	0.0295702	-0.0463755	-0.0457443	-0.1096229	0.0470192	-0.0076162	0.0343408	-0.0185616	-0.0942976	-0.0710934	0.0419843	0.0105283	-0.0768451	0.0466457	0.074472	0.1320136	-0.0659885
G43	0.00208164285714	-0.0536014571429	0.0265327428571	0.0886497428571	-0.0920651571429	0.0171836428571	0.0766458428571	0.0104420428571	0.0510889428571	0.0574220428571	-0.0105201571429	0.0608505428571	-0.0249957571429	-0.0917144571429	-0.0492223571429	-0.0135563571429	-0.0164421571429	0.0399151428571	0.0389822428571	-0.0385468571429	-0.0791298571429
G44	-0.0949971285714	0.0799126714286	-0.0354552285714	-0.0513293285714	-0.0647722285714	0.0176846714286	0.0295841714286	-0.0688531285714	0.00415147142857	-0.0161160285714	-0.0814499285714	0.00566507142857	0.0329118714286	-0.141557628571	0.161867371429	-0.0762527285714	0.0994412714286	0.0228390714286	0.118460971429	0.138031371429	-0.0797666285714
G45	-0.082100552381	-0.059355052381	-0.042381752381	-0.014691852381	0.074242447619	-0.032479552381	0.00664674761905	0.025665247619	0.036755347619	0.00155204761905	-0.015424352381	-0.000527152380952	0.011653647619	0.037385147619	0.055142347619	-0.00138885238095	-0.033248852381	0.079995847619	0.00975804761905	0.041793247619	-0.098992152381
G46	-0.0279991142857	-0.0371713142857	0.0394991857143	-0.000475714285714	0.00679308571429	-0.0195023142857	0.0323412857143	-0.0363113142857	-0.0285762142857	0.0729508857143	-0.00812661428571	0.0180140857143	-0.0233094142857	0.0620515857143	-0.0447062142857	-0.0192741142857	-0.0107784142857	0.00411608571429	0.0151887857143	0.0181107857143	-0.0128350142857
G47	0.0505223761905	-0.0497444238095	-0.0182941238095	0.13417007619	0.0990175761905	-0.00539442380952	-0.0143698238095	0.0834884761905	-0.10193882381	-0.00243742380952	0.0492621761905	0.0183494761905	-0.0121006238095	-0.0351948238095	-0.0376463238095	-0.0401400238095	-0.0476972238095	-0.0185529238095	-0.0269823238095	-0.0174623238095	-0.00685452380952
G48	8.07047619048e-05	-0.0083619952381	-0.0094457952381	-0.0040922952381	-0.0073089952381	-0.0010308952381	-0.0067151952381	0.0011497047619	0.0121902047619	-0.0128600952381	0.0185191047619	0.0148834047619	-0.0201837952381	0.0218718047619	0.0069108047619	-0.0026403952381	-0.0133715952381	-0.0170808952381	0.0249481047619	-0.0051977952381	0.0077359047619
G49	-0.0833006809524	0.0983134190476	0.0177216190476	-0.0777309809524	-0.0231656809524	0.0670657190476	-0.0422518809524	-0.0422256809524	-0.0618805809524	0.116935919048	0.0422612190476	-0.0188529809524	0.00315911904762	0.0347961190476	0.0751681190476	-0.0457424809524	0.0486434190476	0.0603844190476	-0.0348945809524	-0.0185349809524	-0.115868580952
G50	0.0518857714286	-0.0165082285714	0.0449782714286	-0.140403128571	0.115745771429	0.0251413714286	0.0158161714286	-0.141242128571	0.105089571429	-0.0720768285714	-0.0490042285714	0.132790871429	0.178701671429	0.0640025714286	-0.0943734285714	-0.0232570285714	-0.0982100285714	-0.117289728571	-0.0881706285714	0.0837058714286	0.0226774714286
G51	-0.057027652381	-0.081614652381	0.043340747619	0.071543047619	-0.00613435238095	-0.073604352381	0.042388947619	-0.039061752381	-0.091595052381	-0.020980952381	0.031294647619	0.039966947619	0.029240447619	-0.097291252381	0.124090047619	0.081786947619	-0.057747652381	0.123607547619	-0.030918252381	-0.000382552380952	-0.030900852381
G52	-0.0408992809524	-0.0462712809524	-0.0843315809524	-0.0183865809524	-0.0647211809524	-0.00442878095238	0.0530652190476	-0.0159404809524	0.0589298190476	0.0176662190476	0.0683314190476	-0.0461152809524	0.0668607190476	0.0215489190476	0.0455891190476	-0.00342248095238	0.0259453190476	-0.0168281809524	0.00864951904762	-0.0596936809524	0.0344525190476
G53	0.0637063809524	0.0343479809524	0.0498903809524	-0.0153238190476	0.0444202809524	-0.00126211904762	-0.0825027190476	0.0371665809524	0.0115308809524	-0.0707377190476	-0.0488966190476	-0.0325743190476	0.0615141809524	0.0456628809524	-0.0307869190476	-0.0495639190476	0.000349880952381	0.0986664809524	-0.0214788190476	-0.0148900190476	-0.0792389190476
G54	-0.00995434761905	0.026014352381	0.105979652381	-0.179705047619	0.103086852381	-0.032405047619	-0.134522547619	-0.141981247619	0.138158552381	0.103190352381	0.120292752381	0.116628152381	-0.060295247619	0.046000352381	-0.090073647619	-0.052321847619	0.046177452381	-0.125288247619	0.204427952381	-0.034557347619	-0.148851847619
G55	-0.0175375952381	-0.0060900952381	-0.0397407952381	0.0082228047619	0.0935788047619	-0.0284249952381	-0.0353443952381	0.0785283047619	-0.0598158952381	-0.0348248952381	-0.0309308952381	0.0066045047619	0.0393089047619	-0.0500799952381	-0.0325329952381	0.114480004762	0.0152962047619	-0.0182695952381	0.0392143047619	-0.0366045952381	-0.0050370952381
G56	0.00391224761905	-0.011892652381	-0.065190252381	0.037118147619	-0.00704205238095	-0.024435152381	0.048507247619	0.111541547619	-0.046479652381	0.077470247619	-0.012006852381	-0.00818165238095	0.095028047619	-0.018407852381	-0.051908752381	0.037139647619	-0.082492152381	-0.071549252381	0.034823947619	0.046830847619	-0.092785652381
G57	0.00660486190476	-0.0333366380952	0.0809946619048	0.0347508619048	-0.0225749380952	0.00763596190476	-0.0914254380952	0.0476508619048	-0.0192118380952	-0.0898677380952	0.0279247619048	-0.0329324380952	0.0384015619048	0.0443075619048	-0.00337203809524	-0.0184412380952	0.0959432619048	-0.000165638095238	-0.0170801380952	0.0139479619048	-0.0697542380952
G58	0.12549937619	0.21858277619	-0.0646016238095	-0.15999232381	0.17309457619	0.11683737619	-0.16181152381	-0.15780452381	-0.13686572381	0.0784414761905	0.20824307619	-0.0193173238095	0.22010587619	-0.16087922381	0.10924117619	0.10439467619	-0.15199972381	-0.16097092381	-0.14985752381	0.11662527619	-0.14696522381
G59	-0.0100656190476	0.0427078809524	-0.0592732190476	-0.0648440190476	0.0458636809524	0.0208580809524	0.00864138095238	0.000255180952381	0.0331930809524	0.0182271809524	0.0705566809524	-0.0469053190476	-0.0184700190476	0.0491932809524	0.0203959809524	-0.0186648190476	-0.0241979190476	0.0347407809524	-0.0576905190476	-0.00318051904762	-0.0413412190476
G60	-0.0245923857143	0.0241467142857	0.0527772142857	-0.0351942857143	-0.0594189857143	0.0883236142857	0.0319776142857	-0.0555719857143	-0.0452456857143	-0.0150833857143	0.0279526142857	0.00212601428571	-0.0340895857143	-0.0120501857143	0.0770133142857	0.0447011142857	0.0481554142857	-0.00589718571429	-0.0546121857143	-0.0176795857143	-0.0377381857143
G61	0.0206579666667	0.0122748666667	0.0396003666667	-0.0157947333333	-0.0597815333333	-0.0492512333333	0.0200358666667	0.0215663666667	-0.0964867333333	0.0237446666667	-0.0239152333333	0.120113766667	0.0699693666667	-0.0184185333333	0.00996816666667	0.0172356666667	-0.0733031333333	-0.0241994333333	-0.0503885333333	0.0154128666667	0.0409591666667
G62	0.0917258238095	0.0925714238095	0.0227917238095	-0.00486427619048	-0.0257766761905	-0.0109695761905	-0.00647877619048	0.0226084238095	0.11058632381	0.0166105238095	0.0428722238095	-0.0891951761905	-0.17027627619	0.00442812380952	0.0170601238095	-0.0576653761905	-0.0150382761905	0.00940732380952	-0.0357247761905	0.0661766238095	-0.0808494761905
G63	-0.0834726238095	0.0542981761905	0.10374037619	0.0781428761905	-0.00272632380952	-0.0531273238095	0.0171266761905	0.00206147619048	0.0193386761905	-0.0286919238095	0.11537867619	0.0216995761905	0.0523004761905	-0.0518771238095	-0.0264453238095	-0.0751564238095	-0.0259574238095	-0.0118535238095	-0.20936462381	0.17069557619	-0.0661099238095
G64	0.0435557809524	0.169032180952	0.219804480952	0.120789680952	-0.0263484190476	0.0949519809524	-0.192716619048	-0.188063919048	0.0276788809524	0.0149691809524	0.0689307809524	-0.159275919048	0.117052180952	0.143911980952	-0.0436816190476	0.196586580952	-0.223044419048	-0.00305691904762	-0.162865819048	-0.0749649190476	-0.143245119048
G65	0.0759082428571	0.0673436428571	0.0453696428571	-0.0746294571429	-0.0746055571429	-0.117911857143	-0.109339957143	-0.106719557143	-0.109316057143	0.0774610428571	0.0520220428571	0.0847305428571	0.0241127428571	-0.0631432571429	0.183116642857	-0.0778825571429	0.0921152428571	-0.0577895571429	0.181191542857	0.0134459428571	-0.105479457143
G66	0.0310270333333	-0.0536625666667	0.0520693333333	-0.155076966667	-0.0125674666667	0.000610333333333	-0.0137076666667	0.0364827333333	-0.0262676666667	0.0625731333333	0.104980933333	-0.0944835666667	-0.0576130666667	-0.0156213666667	0.0658595333333	0.131110733333	-0.00616576666667	0.00807593333333	-0.0472545666667	-0.0317867666667	0.0214177333333
G67	-0.064200352381	-0.026089852381	-0.031421452381	-0.010788552381	0.020736147619	-0.090264152381	0.049274047619	-0.026783852381	0.072858947619	-0.054472752381	-0.00642285238095	-0.010871352381	0.093977547619	0.027988947619	-0.035832852381	0.079422247619	-0.021243952381	-0.031486052381	0.012856547619	-0.013106852381	0.065870447619
G68	-0.058638047619	-0.033436747619	0.025372152381	0.060278652381	0.091343352381	-0.010349947619	-0.063913547619	0.00239235238095	-0.026911847619	0.092257352381	0.026954752381	0.035682652381	-0.00226014761905	-0.010422447619	-0.044161547619	-0.025188447619	0.149295952381	-0.089452847619	-0.051504147619	-0.018165847619	-0.049171647619
G69	-0.162105204762	0.0793468952381	-0.169741504762	0.187331295238	-0.192703604762	0.156888695238	-0.0728520047619	-0.151709504762	0.190822995238	-0.160761604762	0.165499295238	0.0461507952381	0.169311495238	-0.0190918047619	0.0524739952381	0.0156340952381	0.133017595238	-0.0269592047619	-0.160570604762	0.113624295238	-0.193606404762
G70	0.0739335809524	0.0261395809524	-0.171526319048	0.149145080952	0.0682342809524	0.145985180952	0.0261919809524	-0.0894465190476	0.115412980952	0.0754116809524	0.0690069809524	-0.0948068190476	-0.0845302190476	-0.0307066190476	-0.123801319048	-0.0709747190476	0.0985480809524	0.0604391809524	-0.00372301904762	-0.104359619048	-0.134573419048
G71	-0.053632352381	0.233750647619	-0.156233852381	-0.087739752381	0.00899184761905	-0.175630752381	-0.044223652381	0.142384947619	-0.090846552381	0.061931147619	-0.223080952381	-0.115396852381	0.00470044761905	0.080137947619	-0.065945752381	0.225021247619	-0.094234752381	0.114566147619	0.033947047619	0.043087447619	0.158446347619
G72	-0.115609152381	0.154728547619	0.283400147619	-0.270115052381	-0.215374152381	-0.278775952381	-0.216924952381	-0.174000852381	-0.141268052381	-0.215449552381	0.289759247619	0.190116047619	-0.249239352381	0.200757947619	0.154815647619	-0.059787252381	0.133377847619	0.300297547619	0.210153047619	-0.145892352381	0.165030647619
G73	0.015740652381	0.046475452381	0.047973952381	-0.046308547619	0.165111552381	-0.067081247619	0.000499652380952	-0.030706247619	-0.094914147619	-0.083397047619	-0.00209154761905	0.046608352381	0.030502852381	0.094417152381	0.018568552381	-0.013964847619	-0.021810647619	-0.087713847619	0.020082552381	-0.080898647619	0.042906052381
G74	0.0403461428571	-0.00276665714286	0.0603057428571	-0.0357220571429	-0.0546725571429	-0.0464843571429	-0.0215959571429	0.0574600428571	0.0516353428571	0.0249866428571	-0.0334450571429	-0.0534595571429	-0.00748455714286	-0.0182311571429	-0.0361946571429	0.0663667428571	-0.0183515571429	0.0341362428571	-0.0505510571429	0.0178413428571	0.0258809428571
G75	0.034619947619	-0.034694352381	0.000119147619048	-0.014791152381	0.000966847619048	-0.011238952381	-0.012632852381	-0.00834985238095	-0.015130152381	0.053226247619	-0.026744952381	0.015755247619	-0.024720052381	0.021341747619	0.00231184761905	0.029019847619	-0.032701552381	0.00213584761905	0.00994454761905	0.036552747619	-0.024990152381
G76	0.0244154190476	-0.0771917809524	0.0662071190476	0.0408930190476	-0.0447355809524	0.0147992190476	0.000338119047619	0.00671421904762	-0.0611412809524	-0.0788166809524	0.0436697190476	0.127694819048	0.0151451190476	-0.0744548809524	0.0198588190476	0.00926751904762	-0.0946113809524	-0.00228488095238	0.00223701904762	0.0504241190476	0.0115722190476
G77	-0.0115913333333	0.00469126666667	-0.0275515333333	0.0354107666667	0.0151374666667	-0.0199850333333	-0.0259947333333	-0.0209689333333	0.0229083666667	-0.0187449333333	0.0247845666667	-0.00650043333333	0.0238243666667	-0.0126814333333	0.00644236666667	-0.0290586333333	0.0114374666667	0.00592786666667	0.0177248666667	-0.0252181333333	0.0300057666667
G78	-0.00672321428571	-0.0112307142857	-0.0504931142857	-0.0369014142857	0.0430396857143	-0.0282034142857	-0.0557100142857	0.0278007857143	-0.0205387142857	-0.0199817142857	0.0384941857143	0.00872138571429	-0.0245289142857	0.0589406857143	-0.0484094142857	-0.0241731142857	0.153328985714	0.0218993857143	-0.0572846142857	0.0137025857143	0.0182506857143
G79	-0.0764087047619	0.0068884952381	-0.0409698047619	0.0774341952381	-0.0811393047619	0.0064318952381	-0.0010404047619	-0.102523004762	0.138982395238	-0.0233859047619	0.0948292952381	0.0565552952381	0.0483115952381	-0.0982141047619	0.0533926952381	0.0799158952381	-0.0767733047619	-0.164206704762	0.118972295238	0.0078466952381	-0.0248995047619
G80	-0.0623520047619	0.0338950952381	-0.0121739047619	-0.119173804762	0.0677824952381	-0.0216448047619	0.0536259952381	-0.0647121047619	-0.0922564047619	0.0272340952381	0.0093341952381	0.0239222952381	-0.0348919047619	0.0179537952381	-0.0085108047619	0.0341994952381	0.0778528952381	-0.0594078047619	0.0305557952381	0.0600265952381	0.0387407952381
G81	-0.00281443333333	0.00886096666667	-0.00723673333333	-0.0265013333333	-0.0363042333333	-0.0158049333333	0.00433806666667	-0.0413130333333	-0.0886511333333	0.00871686666667	-0.0168118333333	0.0658837666667	0.0662227666667	0.0315319666667	0.0312967666667	0.00364846666667	-0.0591795333333	0.0679907666667	-0.0258775333333	0.00185036666667	0.0301539666667
G82	-0.10906077619	0.00877372380952	0.0126846238095	0.14952612381	-0.16772647619	0.0462206238095	-0.13531677619	0.0351921238095	-0.0816243761905	0.12814012381	-0.13369507619	-0.11351597619	0.21514762381	0.0997910238095	0.21000702381	0.18071692381	0.0330071238095	-0.18377087619	-0.13830987619	0.0564384238095	-0.11262527619
G83	-0.291256638095	-0.294685738095	0.0556799619048	-0.272207538095	-0.101134938095	0.281518661905	0.313730561905	0.287699961905	-0.298010038095	-0.286983238095	0.263927461905	-0.311409538095	0.246373061905	-0.310727938095	0.190581161905	0.446899261905	0.276446361905	-0.304112038095	-0.279788638095	0.332958161905	0.0545016619048
G84	0.184271528571	-0.233574171429	-0.237596471429	0.217427028571	0.236342428571	-0.0517171714286	-0.314472771429	0.153770428571	-0.155512371429	0.120612928571	0.161937728571	-0.137161271429	0.178835828571	0.162634828571	0.112317328571	-0.0960831714286	0.135108628571	-0.167105671429	0.154813528571	-0.297984871429	-0.126864271429
G85	0.117624714286	-0.161654285714	0.0188431142857	0.0267213142857	0.0112220142857	-0.115820685714	0.00693571428571	-0.0521469857143	0.221082414286	0.00115931428571	-0.0271285857143	-0.0833426857143	-0.0247358857143	0.0175867142857	-0.00247038571429	0.0737341142857	-0.0173974857143	-0.0667857857143	0.0956702142857	-0.0509844857143	0.0118876142857
G86	0.0898245857143	0.0243028857143	-0.0456037142857	0.00417628571429	0.00583168571429	-0.0860556142857	-0.0609039142857	-0.0338162142857	0.0755709857143	0.0672552857143	-0.0681755142857	-0.0487420142857	0.0246911857143	0.0678866857143	0.0311067857143	-0.0159346142857	-0.0317032142857	0.0689823857143	-0.0793461142857	0.0437143857143	-0.0330622142857
G87	-0.0195192571429	0.00808764285714	0.0210681428571	0.0273850428571	0.0302025428571	-0.0592330571429	0.0320436428571	-0.0235673571429	-0.0157653571429	0.00758584285714	0.0236395428571	0.0390048428571	-0.000300557142857	0.0204232428571	-0.0169748571429	-0.0272339571429	-0.00122845714286	-0.0355076571429	-0.0191771571429	0.0142429428571	-0.00517575714286
G88	-0.00478398095238	0.0458394190476	0.0303469190476	0.0696441190476	-0.0549353809524	-0.0323648809524	0.0562831190476	0.0115098190476	-0.0257793809524	-0.00732808095238	-0.0334388809524	-0.0790305809524	-0.00205968095238	-0.00719988095238	0.135809019048	-0.0114030809524	-0.0286080809524	-0.0451269809524	0.0338706190476	-0.0816945809524	0.0304504190476
G89	-0.00350361904762	-0.0278221190476	-0.0688035190476	-0.0170538190476	0.131143980952	0.0730561809524	0.122802580952	0.0804613809524	-0.00701141904762	-0.114443419048	0.0791825809524	0.0840478809524	-0.0932612190476	0.0216026809524	-0.0748014190476	-0.114000819048	-0.0785627190476	0.0575001809524	0.00971058095238	-0.0206866190476	-0.0395573190476
G90	0.0111838285714	0.0105698285714	-0.00696847142857	-0.00763037142857	-0.0136738714286	-0.0261175714286	0.0101871285714	0.000405728571429	0.00211672857143	-0.0164918714286	-0.00221657142857	-0.0367078714286	0.000342828571429	-0.00826167142857	0.0212076285714	0.0358899285714	-0.0100629714286	0.0347168285714	0.0265034285714	-0.00892447142857	-0.0160681714286
G91	-0.0294942809524	0.114017319048	-0.0315240809524	0.000933619047619	0.0446158190476	-0.0855363809524	-0.00246878095238	0.0114553190476	-0.0219361809524	-0.0338128809524	0.0284223190476	-0.0241268809524	-0.0123531809524	0.0604322190476	-0.0332089809524	-0.00673818095238	0.0172920190476	-0.00255908095238	0.0110036190476	-0.0368702809524	0.0324569190476
G92	-0.0477560238095	-0.0349647238095	0.00491477619048	0.0261441761905	0.10048557619	-0.0672776238095	0.10537147619	-0.00371882380952	0.0233024761905	0.11403327619	0.0308827761905	-0.0908423238095	0.0875251761905	0.0550070761905	-0.0109935238095	-0.11767362381	-0.0541080238095	-0.0342499238095	0.00630537619048	0.00766327619048	-0.10005082381
G93	-0.0252859952381	0.170772704762	0.0160612047619	-0.0507284952381	0.123486604762	-0.0051388952381	0.0035553047619	0.0202563047619	-0.0174209952381	0.0109127047619	0.0144608047619	0.0340412047619	0.0027732047619	-0.0607039952381	-0.0801014952381	-0.0104560952381	-0.0944149952381	-0.138437695238	0.107907804762	-0.0047272952381	-0.0168118952381
G94	0.113068719048	0.0102695190476	0.00619631904762	0.0821072190476	0.0459475190476	-0.0813956809524	-0.0901109809524	-0.123722080952	0.0772037190476	-0.0103586809524	0.0555866190476	0.0111146190476	-0.0168222809524	-0.140398080952	0.00160801904762	0.0574766190476	0.0358889190476	0.0259920190476	-0.0534864809524	-0.0144226809524	0.00825711904762
G95	0.162805071429	-0.101038928571	0.0753322714286	-0.193402328571	0.0425617714286	0.113187671429	-0.0421736285714	-0.0185317285714	0.125021271429	-0.0424301285714	0.101673771429	0.140922671429	0.0576925714286	-0.145429528571	0.135451471429	-0.00238882857143	-0.152912628571	-0.118798428571	-0.148190128571	-0.102768828571	0.113416571429
G96	0.108919933333	-0.124440866667	-0.236186166667	-0.197396666667	0.170882033333	-0.221910866667	0.120870033333	0.0752163333333	-0.235406266667	-0.226871166667	0.165026833333	0.263993133333	0.303014733333	-0.128160266667	0.199120533333	-0.274126866667	0.166639033333	0.266170833333	0.132640133333	-0.105588366667	-0.222406066667
G97	0.0361573047619	-0.0105515952381	0.132261604762	-0.0529177952381	-0.0097166952381	-0.0374915952381	-0.0779307952381	-0.0161241952381	0.119344204762	0.0415652047619	-0.0400100952381	0.0783107047619	-0.0140857952381	-0.0035088952381	-0.0213197952381	-0.104547795238	-0.0199237952381	-0.0213490952381	-0.0182754952381	0.0689054047619	-0.0287909952381
G98	-0.0220682619048	0.00413953809524	-0.0127924619048	-0.0244447619048	0.00578523809524	-0.0308559619048	0.00743343809524	-0.00893356190476	-0.00289716190476	0.0269835380952	0.0997564380952	-0.0443583619048	0.00572713809524	-0.00639346190476	-0.0343694619048	-0.0187609619048	0.0191036380952	0.0391301380952	-0.0304928619048	-0.0248822619048	0.0531904380952
G99	0.019937547619	0.039024347619	0.084341147619	0.051655947619	-0.011517952381	-0.027534952381	0.00311194761905	-0.069697252381	-0.089151452381	0.065778447619	-0.043513652381	-0.072071752381	-0.153960552381	0.080659447619	0.036981447619	-0.012977752381	-0.026400952381	0.182610647619	-0.031248352381	0.032265447619	-0.058291752381
G100	0.0149600761905	0.0195568761905	0.0456529761905	0.0273109761905	-0.0610000238095	-0.0132488238095	0.13160757619	0.0439696761905	0.0426156761905	-0.0288765238095	0.00993887619048	-0.0553054238095	-0.0882750238095	-0.0629113238095	0.00135377619048	-0.0457073238095	-0.0493511238095	-0.0498130238095	0.00478487619048	0.0512826761905	0.0614545761905
