gene	t0_rep10	t1_rep10	t2_rep10	t3_rep10	t4_rep10	t5_rep10	t6_rep10	t7_rep10	t8_rep10	t9_rep10	t10_rep10	t11_rep10	t12_rep10	t13_rep10	t14_rep10	t15_rep10	t16_rep10	t17_rep10	t18_rep10	t19_rep10	t20_rep10
G1	0.130070095238	0.0710587952381	-0.0500193047619	-0.184124504762	-0.134349804762	-0.158424604762	-0.168692804762	-0.218948604762	-0.0980421047619	-0.158163504762	-0.112066204762	-0.127292404762	-0.0059003047619	0.222320195238	0.268502595238	0.0932572952381	0.0233737952381	0.0166000952381	0.220333395238	0.167887095238	0.202620795238
G2	-0.0376825095238	-0.0802218095238	-0.0484807095238	0.0264384904762	0.0772061904762	0.0679701904762	0.00014709047619	0.0918620904762	0.0387835904762	0.0607789904762	0.0542348904762	0.0491644904762	0.0472126904762	-0.0207281095238	0.00331859047619	-0.111493609524	-0.0773069095238	-0.0709434095238	-0.0267674095238	-0.0188380095238	-0.0246548095238
G3	-0.0224613	0.028455	0.0852113	0.0304665	0.0503811	0.0328833	0.1166758	0.0541479	0.0654105	0.0348652	0.125332	-0.0566383	-0.0805005	-0.1122781	-0.0218588	-0.0492854	0.0203192	-0.0684387	-0.1065357	-0.0936164	-0.0325346
G4	-0.28662852381	-0.11787012381	-0.0389130238095	0.22809727619	0.31134097619	0.40873507619	0.27424537619	0.24594777619	0.41595077619	0.21805757619	0.35703437619	0.22377677619	-0.00830902380952	-0.18776002381	-0.27849962381	-0.29330982381	-0.29163962381	-0.28762242381	-0.29378852381	-0.30121742381	-0.29762782381
G5	-0.0796430904762	-0.0542792904762	-0.00750139047619	-0.00221199047619	0.0309976095238	0.0427531095238	0.0318751095238	0.113758809524	0.00955380952381	0.0752883095238	0.0258574095238	0.116150009524	0.0600251095238	0.00113440952381	-0.0754332904762	-0.119327190476	0.0275688095238	-0.0404677904762	-0.0345085904762	-0.0202498904762	-0.101339990476
G6	-0.0372845714286	-0.105138571429	0.0772176285714	0.0468461285714	0.125266528571	-0.00140787142857	-0.0410648714286	0.0338893285714	-0.0378155714286	0.0105004285714	-0.00814377142857	0.0594004285714	-0.0774627714286	-0.121703971429	-0.106632271429	0.0487407285714	0.103792528571	0.0154739285714	0.0834705285714	-0.0854899714286	0.0175460285714
G7	0.0690684238095	-0.0283788761905	0.0611554238095	0.0933427238095	-0.0421692761905	0.00680002380952	-0.0851713761905	-0.0789886761905	0.0571700238095	0.0451166238095	-0.0132507761905	-0.00918207619048	-0.0470975761905	-0.0339232761905	-0.0108120761905	0.0272799238095	-0.0177785761905	0.0576126238095	-0.0279163761905	-0.0337049761905	0.0108281238095
G8	-0.062182052381	-0.059872052381	-0.023498052381	0.041503647619	0.025016047619	0.029058347619	0.058790947619	0.044179247619	0.129261247619	0.097153347619	0.076049547619	0.077021847619	0.043688347619	-0.025408652381	-0.078568652381	-0.081900552381	-0.010203852381	-0.073111752381	-0.015910852381	-0.097243452381	-0.093822652381
G9	-0.0394591809524	-0.0992724809524	-0.0349505809524	-0.0398412809524	-0.00291218095238	-0.0478288809524	0.0526962190476	0.0209948190476	0.00393931904762	0.115777019048	0.0469506190476	0.0327931190476	-0.0831583809524	0.0300299190476	0.143213919048	-0.0354984809524	-0.119908180952	-0.140827380952	0.110469519048	0.114526719048	-0.0277341809524
G10	-0.0561805333333	-0.0115142333333	-0.0211190333333	-0.0515691333333	-0.0125427333333	0.0678100666667	0.0222615666667	-0.0204685333333	0.00795576666667	0.0148712666667	0.0204058666667	-0.0605805333333	0.0450934666667	0.00196396666667	-0.0336893333333	-0.0136450333333	0.0253874666667	0.0203240666667	-0.00687113333333	0.0366801666667	0.0254265666667
G11	0.00470982857143	0.0697840285714	-0.0419311714286	-0.0492456714286	0.0464343285714	-0.000911971428571	0.0602638285714	-0.000594971428571	-0.0437969714286	-0.0775682714286	0.0394066285714	-0.0431174714286	-0.0241547714286	0.0146376285714	-0.0206492714286	0.0425952285714	-0.0126644714286	-0.0256188714286	-0.0313470714286	0.0469513285714	0.0468181285714
G12	0.0802542428571	0.0216566428571	-0.0352980571429	-0.0411630571429	0.0231618428571	-0.0833545571429	-0.0332826571429	0.0916392428571	0.126319942857	0.0124199428571	0.101987742857	-0.0346919571429	-0.0124739571429	0.00553414285714	0.0378069428571	-0.0456686571429	-0.0156596571429	0.00730184285714	-0.0536727571429	-0.114575557143	-0.0382416571429
G13	0.0703689	-0.0652439	-0.0195483	-0.0479756	-0.1059503	-0.1083772	-0.16329	-0.1587246	-0.0999465	-0.1020085	-0.0677443	-0.0621338	0.0146899	0.0613003	0.1397962	0.0803828	0.0568306	0.1148388	0.2060477	0.1347157	0.1219721
G14	-0.134466971429	0.0910993285714	0.0359005285714	0.141555628571	0.214446728571	0.141395728571	0.184426728571	0.119837528571	0.181480528571	0.159486028571	0.0433273285714	-0.114245371429	-0.142465371429	-0.136376471429	-0.135860271429	-0.0637806714286	-0.0485394714286	-0.183137571429	-0.0992939714286	-0.112131671429	-0.142658271429
G15	-0.139348995238	-0.0577841952381	-0.111997395238	-0.0075615952381	0.125375404762	0.132835404762	0.0732606047619	0.136543304762	0.117353904762	0.0086818047619	0.140971404762	0.104468204762	-0.0780591952381	0.0277123047619	-0.159976895238	-0.0700051952381	-0.0817406952381	-0.117748595238	0.0399848047619	0.0041823047619	-0.0871466952381
G16	-0.00832718095238	-0.0932429809524	-0.00624598095238	-0.0386720809524	-0.0170680809524	0.0642926190476	0.0104237190476	-0.0569796809524	-0.0105174809524	-0.0594562809524	0.0126281190476	0.0397356190476	-0.0274353809524	-0.0250216809524	0.0545413190476	0.0762461190476	0.0796523190476	0.0632603190476	-0.0748934809524	0.0244463190476	-0.00736618095238
G17	0.00670501904762	-0.0286927809524	-0.0262612809524	-0.0782429809524	-0.0287208809524	-0.0257098809524	-0.0373204809524	0.0147655190476	0.0457134190476	0.0750691190476	0.00397801904762	0.0505180190476	0.0979970190476	0.00374821904762	-0.0169765809524	-0.00223008095238	-0.00655578095238	0.0195728190476	-0.0185390809524	-0.0332389809524	-0.0155783809524
G18	0.115123695238	-0.0388361047619	-0.0411073047619	-0.0782395047619	-0.131423704762	-0.0652244047619	-0.100361304762	-0.159816404762	-0.163698504762	-0.158076104762	-0.173833004762	0.0285404952381	0.128100195238	0.0574128952381	0.0926571952381	0.134692395238	0.109175395238	0.146480395238	0.0079110952381	0.115604295238	0.174918295238
G19	0.0544734285714	-8.49714285714e-05	0.0380786285714	-0.107518771429	-0.153407371429	-0.156881671429	-0.151277671429	-0.187148471429	-0.150570271429	-0.182632671429	-0.158160471429	-0.152709471429	-0.150543171429	0.00723352857143	0.170493428571	0.192227328571	0.245435728571	0.165828728571	0.190072528571	0.168589628571	0.318502028571
G20	0.0201312619048	0.105847361905	0.0494765619048	-0.0193549380952	0.0177363619048	0.0164343619048	-0.00146413809524	-0.0975117380952	0.0511285619048	0.0775868619048	0.0547598619048	-0.108469938095	0.0419554619048	-0.0346387380952	-0.0993354380952	0.0101447619048	-0.00908133809524	-0.0512888380952	0.116574761905	-0.176610638095	0.0359795619048
G21	-0.288734585714	-0.212761585714	0.0484839142857	0.343899414286	0.329103814286	0.152663014286	0.278608414286	0.250661014286	0.274267014286	0.268830614286	0.246975014286	0.275547914286	0.166130814286	-0.184044585714	-0.269269085714	-0.252184285714	-0.248708585714	-0.286325685714	-0.301822585714	-0.290260285714	-0.301059685714
G22	0.0515770428571	0.0759636428571	-0.0524920571429	-0.101804157143	-0.102922857143	-0.0488581571429	-0.0803346571429	-0.0597728571429	-0.0691944571429	-0.0267396571429	-0.0825403571429	0.0434548428571	0.00421654285714	0.0723852428571	0.101200842857	-0.0404098571429	0.0117762428571	0.0767631428571	0.0519239428571	0.106914642857	0.0688929428571
G23	-0.1333561	-0.0083359	0.0156369	0.0767791	0.1177038	0.0950834	0.0950324	0.1676199	0.0771869	0.2640617	0.145721	-0.0291172	-0.0182398	-0.0219886	-0.0884999	-0.1516839	-0.0676256	-0.0693843	-0.0880014	-0.1642016	-0.2143908
G24	0.0215773809524	-0.000963919047619	-0.0220886190476	0.0579187809524	-0.0136001190476	-0.0147455190476	0.0147374809524	0.0349279809524	0.00143898095238	-0.00907041904762	0.0600350809524	-0.00763581904762	-0.0438778190476	0.00327058095238	0.0127117809524	-0.0289296190476	-0.0135654190476	-0.0982829190476	-0.0385982190476	0.00689078095238	0.0778495809524
G25	-1.3047619048e-06	-0.0778318047619	0.0059734952381	0.0423195952381	-0.0513674047619	-0.0377852047619	0.0284340952381	0.0242424952381	-0.0051410047619	0.0296617952381	0.0250554952381	0.0216303952381	0.0690750952381	0.0297418952381	0.0348677952381	0.0516335952381	0.0268818952381	-0.0417669047619	-0.0701782047619	-0.0406186047619	-0.0648272047619
G26	0.0552359333333	-0.0193030666667	-0.0575279666667	-0.0690253666667	-0.107119566667	-0.0847182666667	-0.0781713666667	-0.0702587666667	-0.0632328666667	-0.0590448666667	-0.0566426666667	0.0954930333333	0.0702386333333	0.172965633333	0.0836686333333	0.0596753333333	0.000969033333333	0.0504613333333	0.0270517333333	0.0321478333333	0.0171376333333
G27	0.057309347619	0.084461047619	-0.012771952381	-0.037069552381	-0.066367952381	-0.044393952381	-0.138014552381	-0.145986052381	-0.146233052381	-0.144633252381	-0.176205352381	-0.157945452381	0.119116647619	0.119847147619	0.201605647619	0.193693547619	0.035504447619	0.061198547619	0.099794447619	0.014828747619	0.082261547619
G28	0.148846595238	-0.0243092047619	-0.0701430047619	-0.0931171047619	-0.106414204762	-0.108769704762	-0.111849104762	-0.101827704762	-0.115598604762	-0.109310504762	-0.0983898047619	-0.0237274047619	0.0299158952381	0.0988312952381	0.0422630952381	0.0635577952381	0.0987335952381	0.126919295238	0.140763895238	0.132935495238	0.0806893952381
G29	0.0153647428571	0.0736875428571	0.0531943428571	0.00766194285714	-0.0533552571429	-0.105044157143	-0.139901857143	-0.160164457143	-0.178782457143	-0.191954457143	-0.202534857143	-0.142968957143	-0.00695605714286	0.0567453428571	0.273988642857	0.127197442857	0.0642082428571	0.149497242857	0.0681433428571	0.175563542857	0.116410142857
G30	-0.0687203857143	0.0816560142857	0.233502314286	0.154027114286	0.110180114286	0.151548714286	0.128045614286	-0.0409484857143	0.203277314286	-0.0771821857143	0.00276491428571	-0.124192285714	-0.0434397857143	-0.0454328857143	-0.110259185714	-0.0539924857143	-0.0926358857143	-0.0572589857143	-0.118492185714	-0.157080485714	-0.0753668857143
G31	0.137198757143	0.0400882571429	0.0249786571429	-0.0275985428571	-0.00215834285714	-0.0583653428571	-0.0991265428571	-0.104461742857	-0.0587391428571	-0.100676442857	-0.0946570428571	-0.0525377428571	-0.0496680428571	0.0582325571429	0.0498881571429	0.0808295571429	0.0463732571429	0.0244877571429	0.0684896571429	0.0526081571429	0.0648141571429
G32	0.0949949428571	0.239128342857	0.0453750428571	0.181937342857	-0.0230186571429	-0.122903557143	-0.162205757143	-0.272171257143	-0.270379657143	-0.305045957143	-0.313963757143	-0.186873557143	0.0460927428571	0.0678187428571	0.128712942857	0.193131342857	0.122857542857	0.157826042857	0.136937442857	0.0513486428571	0.190401042857
G33	-0.145006257143	0.0379717428571	-0.0987461571429	0.170954542857	0.0596294428571	0.0967276428571	0.143772042857	0.131829142857	-0.0108190571429	0.148177442857	0.0248975428571	0.166913642857	0.0955094428571	-0.0210005571429	-0.0816018571429	-0.101579957143	0.00174004285714	-0.0938291571429	-0.212909157143	-0.164741257143	-0.147889257143
G34	0.00827781904762	0.0414356190476	0.0770002190476	-0.0626349809524	0.0653105190476	0.0287153190476	-0.0860715809524	0.179842219048	0.0410807190476	0.0449894190476	-0.0386572809524	0.0415329190476	-0.00574398095238	0.000177219047619	0.0483057190476	0.00404881904762	-0.0930835809524	0.0170682190476	-0.0912266809524	-0.0770303809524	-0.143336280952
G35	-0.00487214285714	0.0396861571429	-0.000492842857143	0.00517955714286	0.0236890571429	0.0361473571429	-0.000731442857143	-0.00873334285714	0.0598992571429	-0.0214317428571	-0.0501630428571	0.0274926571429	-0.0316530428571	-0.0104836428571	0.0348866571429	-0.0283505428571	0.0192540571429	0.0202942571429	-0.0931049428571	0.0454195571429	-0.0619318428571
G36	-0.0878624	-0.1188002	-0.0204511	-0.0594559	-0.045227	-0.0335415	-0.0534652	0.0733368	0.1110564	0.0657957	0.0627015	0.0550351	0.0842887	0.1345885	-0.0139119	0.0493097	0.0682693	-0.0389645	-0.0166386	-0.1159926	-0.1000708
G37	-0.028523852381	-0.021526852381	0.032353947619	-0.017624652381	-0.046444352381	0.00472474761905	0.038988047619	-0.076798952381	-0.00577385238095	-0.021615052381	0.00222434761905	-0.033865952381	0.029313447619	-0.061988052381	0.070747447619	0.086959747619	-0.026557552381	0.015992247619	-0.021808652381	0.069829347619	0.011394447619
G38	-0.0353353666667	-0.0212908666667	-0.121455866667	-0.0815639666667	0.0349706333333	0.0746490333333	0.0293038333333	0.0443933333333	-0.00921976666667	0.0434174333333	-0.0605403666667	0.0701676333333	0.103188033333	-0.0148755666667	-0.0359908666667	0.0294469333333	-0.0517765666667	0.0972321333333	-0.0734233666667	-0.0626883666667	0.0413919333333
G39	-0.0065901952381	0.0162583047619	0.0011147047619	0.157108404762	0.0161824047619	-0.0053123952381	0.0790623047619	-0.0058578952381	-0.121625795238	-0.0611386952381	-0.0583467952381	-0.104636995238	-0.0079245952381	-0.0203437952381	0.0102580047619	0.0665801047619	-0.0137956952381	0.0507793047619	-0.0014663952381	-0.0169470952381	0.0266428047619
G40	0.0654513428571	0.00677004285714	0.0507458428571	-0.0660875571429	-0.0752409571429	-0.124570657143	-0.110815357143	-0.128040857143	-0.0634694571429	-0.137842157143	-0.141569257143	-0.116363557143	0.0250236428571	0.0519250428571	0.0619634428571	0.0877920428571	0.131977042857	0.149253342857	0.155224742857	0.0853717428571	0.0925015428571
G41	0.020819452381	-0.040986647619	0.045723552381	0.00149475238095	-0.00977524761905	-0.044393547619	-0.025157947619	0.050372252381	-0.00977394761905	-0.024822447619	-0.017551547619	0.021963952381	-0.00133334761905	-0.012434947619	-0.026104247619	0.031809652381	-0.037721647619	0.026938952381	-0.00122724761905	0.044196852381	0.00796335238095
G42	-0.00706744285714	0.0234378571429	0.00370015714286	0.0602825571429	0.0254798571429	-0.0985780428571	0.0386587571429	-0.0992810428571	-0.0316464428571	-0.148574642857	0.00111345714286	-0.110698842857	-0.0557581428571	-0.0591343428571	-0.00872764285714	0.0490561571429	-0.000476042857143	0.101911857143	0.120397957143	0.175325957143	0.0205780571429
G43	-0.0963385809524	-0.00200268095238	0.00350261904762	0.0389468190476	0.195445919048	0.141892919048	0.0686542190476	0.132572419048	0.102189619048	0.101439319048	0.0673834190476	-0.0397603809524	0.0114395190476	-0.0664051809524	-0.0889563809524	-0.0940870809524	-0.0932508809524	-0.0917907809524	-0.105717880952	-0.0746938809524	-0.110463080952
G44	0.0504729714286	-0.0785031285714	-0.0273944285714	-0.115584328571	-0.0732022285714	-0.0964470285714	-0.104897728571	0.0509176714286	-0.0180706285714	0.122856671429	-0.0463745285714	0.0318390714286	0.0891874714286	-0.0146784285714	-0.0303339285714	0.0727789714286	-0.00274772857143	0.0589545714286	0.0716298714286	-0.0219239285714	0.0815207714286
G45	0.0715301285714	-0.00936907142857	-0.121368571429	0.105489228571	0.0747419285714	-0.0812847714286	-0.0226168714286	-0.0775118714286	-0.104507471429	-0.110089171429	-0.0814607714286	-0.0488973714286	-0.00749477142857	-0.0826256714286	0.00857002857143	0.145914628571	0.0446374285714	0.128659728571	0.0311084285714	-0.0165977714286	0.153172628571
G46	0.0404314714286	-0.00808512857143	-0.0642706285714	-0.0719844285714	-0.0706456285714	-0.0674693285714	-0.0598525285714	-0.0665955285714	-0.0748114285714	-0.0687888285714	-0.0386769285714	-0.00374312857143	0.118484171429	0.0732015714286	0.0306941714286	0.0457196714286	0.0584200714286	0.0614209714286	0.0972532714286	0.0340962714286	0.0352018714286
G47	-0.00382450952381	0.0162372904762	0.0623067904762	0.0164153904762	-6.50952380948e-06	0.0134615904762	0.0146256904762	-0.0217548095238	0.118174090476	-0.0642231095238	-0.115064909524	-0.0764820095238	-0.0181058095238	-0.0102756095238	-0.0398131095238	0.0454593904762	-0.0121309095238	0.00644259047619	-0.00602660952381	0.0626616904762	0.0119233904762
G48	0.00210428095238	-0.0131418190476	-0.0230186190476	-0.00880881904762	-0.0193055190476	-0.0191287190476	-0.0229497190476	-0.0214037190476	-0.0121152190476	-0.0174126190476	-0.0217903190476	0.0128482809524	0.000803880952381	0.0297651809524	0.0267341809524	0.0377250809524	0.000979380952381	0.0128628809524	0.0119947809524	0.0354089809524	0.00784818095238
G49	0.106955952381	0.00710555238095	-0.121338747619	-0.088107547619	-0.097042747619	-0.065857847619	-0.090196647619	-0.123024947619	-0.123430747619	-0.218622747619	-0.112334147619	0.051718252381	0.129727152381	0.099988952381	0.124283352381	0.120256952381	0.124893052381	0.065642352381	0.077167052381	0.061183352381	0.071034152381
G50	-0.0522218333333	-0.182148233333	0.0233440666667	0.0895194666667	0.0979861666667	0.108470566667	0.122283866667	0.124843766667	0.172318066667	0.0936423666667	0.151717566667	0.0123312666667	0.0202047666667	-0.0385987333333	-0.228620733333	-0.198770833333	-0.0792930333333	-0.0557076333333	-0.0260136333333	-0.0429871333333	-0.112300133333
G51	0.138770838095	0.208840538095	0.0887632380952	0.0973926380952	0.0348259380952	-0.0847868619048	-0.248109561905	-0.247127761905	-0.172375261905	-0.151714061905	-0.186625061905	-0.187160761905	-0.165219061905	-0.0105965619048	0.0849405380952	0.0763958380952	0.159389138095	0.216066038095	0.218977938095	0.0293393380952	0.100012938095
G52	0.0617395666667	-0.0335939333333	-0.103360533333	-0.134955533333	-0.133414333333	-0.0885711333333	-0.114419333333	-0.0792143333333	-0.107091333333	-0.0874368333333	-0.0700857333333	0.159735766667	0.161508566667	0.0903914666667	0.0442296666667	0.0411803666667	0.0944505666667	0.134960966667	0.0275071666667	0.0631963666667	0.0732425666667
G53	-0.0874872571429	-0.0998664571429	-0.0965880571429	-0.0795694571429	-0.0172780571429	0.00766314285714	0.141688542857	0.194806842857	0.150504242857	0.0422858428571	0.145321042857	0.163749942857	0.0891589428571	0.0147991428571	-0.0414676571429	-0.0661571571429	-0.0392654571429	-0.0843186571429	-0.128090357143	-0.107503457143	-0.102385657143
G54	-0.0946266809524	0.142475419048	0.110507219048	0.292865319048	0.114205419048	0.254891119048	0.135047619048	0.187337519048	0.243672619048	0.110277119048	0.278029419048	-0.171791780952	-0.250653280952	-0.304292580952	-0.179932580952	-0.241089380952	-0.195398080952	-0.130074480952	-0.122969580952	-0.0573747809524	-0.121105580952
G55	-0.156642890476	-0.179935890476	-0.175244290476	-0.0578533904762	-0.0215724904762	0.0892612095238	0.142604209524	0.118603209524	0.116636609524	0.180171909524	0.135084709524	0.176591809524	0.104337409524	0.105376109524	-0.0757546904762	-0.0379167904762	-0.0440826904762	-0.134652790476	-0.119096090476	-0.0584635904762	-0.107451590476
G56	-0.110468961905	0.00458733809524	-0.0243833619048	-0.0576964619048	-0.0143470619048	0.0903400380952	0.0881475380952	0.167862738095	0.0908277380952	0.128181538095	0.134257538095	-0.00947476190476	0.0504165380952	-0.0227954619048	0.0526279380952	-0.0613204619048	0.000858538095238	-0.0923013619048	-0.175433361905	-0.135022061905	-0.104864161905
G57	0.101505309524	-0.0750185904762	-0.142649790476	-0.165315190476	-0.140064290476	-0.153357590476	-0.127812390476	-0.128769990476	-0.112248590476	-0.143661990476	-0.136429490476	0.154782109524	0.242203609524	0.227417209524	0.143880409524	0.114919309524	0.0547049095238	0.105217909524	0.0795304095238	0.0516390095238	0.0495277095238
G58	-0.0639562761905	-0.0653193761905	-0.0581496761905	-0.0576725761905	-0.0288676761905	-0.0140670761905	0.0443084238095	0.0689051238095	0.15081892381	0.11727282381	0.12333042381	0.0866874238095	0.0491288238095	0.0113945238095	-0.0208654761905	-0.0310096761905	-0.0639217761905	-0.0568472761905	-0.0614623761905	-0.0631987761905	-0.0665084761905
G59	0.0904404809524	0.0415605809524	0.0967840809524	0.0176013809524	-0.0279681190476	-0.0700624190476	-0.0717417190476	-0.0864467190476	-0.0621291190476	-0.0535402190476	-0.0977364190476	-0.0831407190476	-0.0763506190476	-0.0139244190476	0.0355696809524	0.0872162809524	0.0259681809524	-0.00324151904762	0.0963947809524	0.0331322809524	0.121614280952
G60	-0.0137415619048	0.0582112380952	0.0514958380952	0.110236938095	0.00410653809524	0.00880153809524	0.0565415380952	0.0118724380952	-0.00916586190476	0.0518681380952	0.0442652380952	-0.0254187619048	-0.0496023619048	-0.0704516619048	-0.0405215619048	-0.0425798619048	-0.0406917619048	-0.0326806619048	-0.0300609619048	-0.0119543619048	-0.0305300619048
G61	0.0831119238095	-0.17930967619	-0.15343007619	-0.14450387619	-0.14118537619	-0.13048147619	-0.11668887619	-0.10277597619	-0.13316207619	-0.11052917619	-0.11466937619	0.27660412381	0.25931912381	0.13503342381	0.0246383238095	0.10346942381	0.11316772381	0.18469422381	0.0664139238095	0.11796602381	-0.0376822761905
G62	0.00118502380952	0.0363913238095	-0.0414795761905	0.0260759238095	0.10880282381	0.0889658238095	-0.0332073761905	0.0654170238095	0.11827162381	0.0964933238095	0.11339682381	0.0296307238095	0.0500030238095	-0.0529189761905	-0.10586177619	-0.12485297619	-0.0375765761905	-0.13254357619	-0.10695417619	-0.0922245761905	-0.00701387619048
G63	-0.0361060238095	0.0299266761905	0.16681127619	0.00439897619048	0.0361727761905	0.0725530761905	0.0640931761905	0.00489267619048	0.0452883761905	0.17492347619	-0.0658816238095	0.0134454761905	0.12656637619	0.0303774761905	-0.0821786238095	-0.0791338238095	-0.0946164238095	-0.0475322238095	-0.14479762381	-0.0588072238095	-0.16039622381
G64	0.0697091	0.05223	0.0583713	0.1122313	0.0674861	0.0574873	-0.1056223	-0.1266499	-0.104866	-0.1131897	-0.1912352	-0.1807098	-0.0160171	-0.1080824	0.0934263	0.1076066	0.0229629	0.0713981	0.0392327	0.0787151	0.1155156
G65	-0.0196429666667	-0.0360863666667	-0.0158275666667	0.0325059333333	-0.0515538666667	0.0315555333333	0.0346505333333	0.00483033333333	0.00244653333333	0.00402293333333	-0.0100853666667	0.0624637333333	0.0476641333333	0.0386729333333	0.0111007333333	-0.00950326666667	-0.000995566666667	0.00147663333333	-0.0254577666667	-0.0557643666667	-0.0464728666667
G66	-0.0562833761905	-0.0961040761905	-0.0318456761905	0.15187302381	-0.0520384761905	-0.0328382761905	-0.0421058761905	0.11075722381	0.0262391238095	0.0320083238095	0.0281755238095	0.0344525238095	0.0575201238095	0.0404346238095	0.0137276238095	-0.0609507761905	-0.0248014761905	-0.0846943761905	0.0361724238095	-0.0448805761905	-0.00481757619048
G67	-0.000901380952381	0.131148619048	0.218807819048	0.115260419048	0.119528419048	0.176376219048	0.112070419048	0.0944196190476	0.0785606190476	0.0108214190476	-0.0449530809524	-0.0943969809524	-0.158943880952	-0.220852180952	-0.191759280952	-0.0953453809524	-0.118651480952	-0.0731511809524	-0.0838943809524	0.0105260190476	0.0153296190476
G68	0.0147262285714	0.0252831285714	0.0635667285714	0.140016328571	0.0709496285714	0.0815818285714	0.108497728571	0.0997025285714	-0.0241018714286	-0.0989001714286	-0.0526601714286	-0.0301933714286	-0.0625115714286	-0.152126571429	-0.000408971428571	-0.00546847142857	-0.0375469714286	-0.104672071429	-0.0354518714286	-0.0224328714286	0.0221508285714
G69	0.0410917571429	0.0491248571429	0.0629684571429	0.158120657143	0.134254757143	0.125888857143	-0.0588316428571	0.00929215714286	-0.0901944428571	-0.118429842857	-0.113977442857	-0.118844942857	-0.127090142857	-0.110739742857	-0.0224096428571	0.0345671571429	0.0135306571429	0.0718617571429	-0.0312019428571	0.0993790571429	-0.00836034285714
G70	-0.0212378238095	-0.10199592381	-0.0532856238095	0.0981493761905	0.11734307619	0.17246647619	0.14617757619	0.13096477619	0.13649047619	0.21376677619	0.14636827619	0.0330573761905	-0.0998597238095	-0.15141762381	-0.22836682381	-0.15631332381	-0.0962742238095	-0.0820121238095	-0.0509654238095	-0.0397700238095	-0.11328552381
G71	0.0534453	0.0203814	0.0739619	0.0308638	-0.023738	0.0349942	0.0351239	-0.0975399	-0.0555292	-0.0595117	-0.0148617	-0.0273736	-0.0559372	-0.07656	-0.0225213	0.0398525	0.0273584	0.0187337	0.034085	0.0043802	0.0603923
G72	0.0110159571429	0.111447557143	0.0966365571429	0.102831857143	0.0835096571429	0.154127757143	0.0688730571429	0.0926636571429	0.0252325571429	0.0361969571429	0.0542784571429	-0.112577042857	-0.0878109428571	-0.151824542857	-0.106337742857	-0.0679961428571	-0.0675681428571	-0.0249469428571	-0.0756986428571	-0.0473083428571	-0.0947455428571
G73	-0.0905251190476	0.0256014809524	0.178140480952	0.0559303809524	0.0722274809524	0.0133995809524	0.0771733809524	0.184362080952	0.202554780952	0.113712880952	0.0846591809524	-0.129928519048	-0.127711119048	-0.0803452190476	-0.0516813190476	-0.157840019048	-0.0769262190476	-0.0684122190476	-0.0490029190476	-0.0957118190476	-0.0796772190476
G74	-0.00272474285714	-0.0207667428571	-0.0170479428571	-0.0324994428571	-0.0336953428571	-0.0327196428571	-0.0320593428571	-0.0352049428571	-0.0345521428571	-0.0352035428571	-0.0349175428571	0.0715803571429	0.0721311571429	0.0504601571429	-0.00243404285714	-0.00741294285714	0.00705325714286	0.0383999571429	0.0503724571429	0.00822075714286	0.0230202571429
G75	-0.11782697619	-0.11275057619	0.0292634238095	0.0772393238095	-0.00400237619048	0.0768796238095	0.20354072381	0.11651472381	0.12728682381	0.11395562381	0.0805710238095	0.0878338238095	-0.0552883761905	-0.0989697761905	-0.0703955761905	-0.0764445761905	-0.0923995761905	-0.0781149761905	-0.0977783761905	-0.0680049761905	-0.0411089761905
G76	-0.0574973428571	0.0344614571429	0.0141199571429	-0.0575237428571	-0.0775131428571	0.0483424571429	-0.000538942857143	0.0332603571429	0.00758465714286	-0.0175982428571	0.0749713571429	0.0301121571429	-0.00815274285714	0.138863557143	0.0285462571429	0.0257319571429	0.0493254571429	-0.0780501428571	-0.0672651428571	-0.0547726428571	-0.0664075428571
G77	0.00376772857143	-0.000595171428571	0.00805372857143	-0.0233038714286	-0.0308538714286	-0.0113182714286	-0.0105213714286	-0.0281858714286	-0.0275489714286	-0.0293716714286	-0.0294328714286	-0.00784397142857	0.0180982285714	0.00805322857143	0.00675662857143	0.00552252857143	0.00786272857143	0.0604342285714	0.0211303285714	0.0342381285714	0.0250584285714
G78	-0.00404473333333	0.0420640666667	0.0406613666667	0.0178222666667	-0.0451126333333	0.0189404666667	-0.0500060333333	-0.00635663333333	-0.0430076333333	-0.0463845333333	0.0174659666667	-0.0501691333333	-0.0235287333333	0.0250259666667	-0.0196847333333	0.0133310666667	-0.0229682333333	0.00916436666667	0.119650866667	-0.00526913333333	0.0124057666667
G79	0.0046517	0.0415175	0.0559534	-0.0376868	-0.0507461	-0.0083188	0.0541945	0.0002747	-0.007512	-0.0466551	-0.0453817	-0.0187565	-0.0021579	0.0064362	-0.0775818	-0.0008419	0.0160175	0.0109916	0.0061121	0.0661763	0.0333131
G80	-0.0575030952381	0.0368744047619	-0.0220585952381	-0.0537461952381	-0.0350691952381	-0.0064751952381	0.0494513047619	-0.0018176952381	0.0178432047619	-0.0347213952381	0.0629929047619	0.0687816047619	-0.0132259952381	0.0357326047619	-0.0943770952381	-0.0443562952381	0.108663504762	-0.0777652952381	-0.0285709952381	0.109797404762	-0.0204498952381
G81	-0.0420471428571	-0.0540915428571	-0.0584080428571	0.0318400571429	-0.0466893428571	-0.0297559428571	0.0342354571429	0.0514695571429	0.0191886571429	0.0527224571429	-0.0169353428571	-0.00956104285714	0.0277475571429	0.0172555571429	0.0302164571429	-0.0147110428571	-0.0342728428571	-0.00961494285714	0.00904465714286	-0.00109004285714	0.0434568571429
G82	-0.0297025857143	0.0669071142857	0.0955968142857	0.131197114286	0.122100514286	0.119207514286	0.0611198142857	0.112375014286	0.0642101142857	0.0187463142857	0.0709797142857	-0.0445395857143	-0.0969879857143	-0.0835881857143	-0.112726285714	-0.0774639857143	-0.0600309857143	-0.0920405857143	-0.0761444857143	-0.121849485714	-0.0673658857143
G83	-0.0137322809524	-0.0190636809524	-0.00120208095238	-0.00774948095238	-0.00469928095238	-0.00405268095238	0.0477958190476	0.0229442190476	0.00647801904762	0.0272561190476	0.0190767190476	0.00534811904762	-0.0167231809524	0.0235684190476	-0.00631408095238	-0.0165372809524	-0.0184575809524	0.000313319047619	-0.0179745809524	-0.00883088095238	-0.0174436809524
G84	-0.259570790476	0.0866916095238	0.127899909524	0.235788309524	0.149997809524	0.0935731095238	0.176305609524	0.206695609524	0.198467609524	0.224847709524	0.144896109524	0.136620109524	0.148749009524	-0.0704819904762	-0.328604790476	-0.287573590476	-0.107934790476	-0.128556490476	-0.161300590476	-0.289831490476	-0.296677990476
G85	0.101958480952	0.166810180952	0.108858680952	0.00130538095238	-0.135062119048	-0.169573519048	-0.286375719048	-0.283920019048	-0.283246219048	-0.298960719048	-0.282114219048	-0.153405319048	-0.00908121904762	0.126802380952	0.147131080952	0.149395580952	0.108801680952	0.276971680952	0.233635980952	0.309507280952	0.170560680952
G86	-0.0234823285714	0.0437076714286	-0.0377754285714	-0.0707325285714	-0.00502042857143	-0.0259145285714	-0.0384487285714	-0.0575399285714	-0.0437435285714	-0.0254977285714	0.0263396714286	-0.0409862285714	-0.0210986285714	0.103984471429	-0.0312132285714	0.0355750714286	-0.00595782857143	0.0268270714286	0.103106871429	0.0438449714286	0.0440252714286
G87	-0.106652028571	-0.0411537285714	-0.0941175285714	-0.0910704285714	0.0140806714286	-0.0385668285714	0.0227118714286	0.0892736714286	0.110882471429	0.0704780714286	0.153849871429	0.0634871714286	0.0362977714286	0.0716556714286	-0.124386628571	0.0130340714286	0.0333838714286	0.0794440714286	-0.00711902857143	-0.119495328571	-0.136017728571
G88	-0.0553908	0.1462178	0.1881247	0.1375087	0.2377875	0.1447708	0.2641083	0.16106	0.1892548	0.1454202	0.2195923	-0.1252153	-0.2149594	-0.2418378	-0.2665512	-0.2410344	-0.2190856	-0.2292822	-0.1035407	-0.0188531	-0.1180946
G89	0.0928076190476	0.108704119048	0.145310819048	0.114781619048	-0.0526968809524	0.0416857190476	0.00899111904762	-0.0263937809524	-0.0774154809524	-0.0892524809524	-0.0357030809524	-0.0611330809524	-0.0891851809524	-0.0530103809524	-0.0415497809524	-0.0825387809524	0.0160479190476	0.0121554190476	0.0758344190476	0.0169602190476	-0.0244000809524
G90	-0.0343210380952	-0.00440483809524	-0.0283058380952	-0.0142404380952	-0.0208877380952	0.00609596190476	0.0895400619048	0.0444077619048	-0.0136619380952	0.0506822619048	-0.00710513809524	0.0510176619048	0.00908226190476	0.0183056619048	-0.00508713809524	-0.00522383809524	-0.0145022380952	-0.0581957380952	-0.0308214380952	-0.0126552380952	-0.0197190380952
G91	-0.117841152381	-0.033138152381	-0.075236352381	-0.076122452381	-0.029475752381	0.048061347619	-0.086145052381	-0.060957352381	-0.051861852381	-0.010498052381	-0.00436595238095	-0.025966552381	0.078737647619	0.093150747619	-0.074665852381	0.034930047619	0.036126247619	0.126547447619	0.192742047619	-0.00479805238095	0.040777047619
G92	-0.0254305095238	0.0107436904762	0.0238394904762	0.0312122904762	-0.0523689095238	-0.0114858095238	0.0734896904762	0.0100973904762	0.0108925904762	-0.0360319095238	-0.0617060095238	0.0400321904762	-0.0123148095238	-0.0289536095238	0.00608279047619	0.00438929047619	-0.0159422095238	0.0387001904762	-0.0345429095238	-0.0237298095238	0.0530268904762
G93	-0.0609624761905	0.00280922380952	-0.0346610761905	-0.00809587619048	0.0473094238095	-0.0497392761905	0.10537432381	0.0608941238095	-0.0119511761905	-0.00220477619048	-0.12176247619	0.00127712380952	-0.0425224761905	-0.0640698761905	0.0859588238095	0.0585458238095	0.0145691238095	-0.00501127619048	0.0186700238095	-0.0165841761905	0.0221569238095
G94	0.269376085714	-0.0965119142857	-0.227930814286	-0.268879614286	-0.291327614286	-0.255487014286	-0.297226614286	-0.268184314286	-0.299332214286	-0.281544614286	-0.288788214286	0.160784985714	0.169572985714	0.199984885714	0.208638785714	0.283641385714	0.273093185714	0.330491685714	0.248287385714	0.257343185714	0.173998385714
G95	-0.134330128571	-0.0168730285714	0.0442636714286	0.152143871429	0.152008771429	0.0604290714286	0.0733203714286	0.202936571429	0.202489771429	0.209346871429	0.141199771429	0.0616378714286	-0.0687145285714	-0.124922228571	-0.0960951285714	-0.120741728571	-0.147704928571	-0.180838228571	-0.162098828571	-0.0809442285714	-0.166513628571
G96	0.0337500285714	-0.00275807142857	0.0783993285714	0.00458632857143	-0.0144903714286	-0.0194726714286	-0.0676018714286	0.0723731285714	-0.0251859714286	0.0369142285714	-0.0230802714286	-0.00825887142857	-0.0602932714286	0.0302721285714	0.0212672285714	-0.0375757714286	-0.0712036714286	-0.0369224714286	0.0927322285714	-0.0119058714286	0.00845452857143
G97	0.12394597619	-0.0656515238095	-0.11500162381	-0.0874219238095	-0.0766626238095	-0.13061722381	-0.10123072381	-0.15249962381	-0.0975034238095	-0.13932492381	-0.0543199238095	0.0323968761905	0.0762588761905	0.17207277619	0.15914897619	0.15449847619	0.12966717619	-0.0170161238095	0.0407331761905	0.0479153761905	0.10061197619
G98	-0.0746959285714	-0.0390487285714	0.0298828714286	0.00280217142857	0.111385571429	0.109637271429	0.105867971429	0.0690145714286	0.00159247142857	0.0335754714286	-0.00106322857143	-0.0126270285714	-0.00428882857143	-0.0329464285714	-0.0409176285714	-0.0263438285714	-0.0385179285714	-0.0525855285714	-0.0646883285714	0.00237507142857	-0.0784100285714
G99	0.0974958761905	-0.0105311238095	-0.0127815238095	-0.0551452238095	-0.12110232381	0.0522053761905	-0.0230706238095	0.13533217619	-0.000594923809524	-0.0911935238095	-0.0566521238095	-0.0716212238095	0.0193780761905	0.0664057761905	-0.0715681238095	-0.11434022381	-0.00791732380952	0.0603101761905	0.17350387619	0.0803188761905	-0.0484319238095
G100	-0.007219	0.0311031	-0.0297171	-4.92e-05	0.0373878	0.0450522	0.1093441	-0.0499024	0.0292629	0.0337671	0.0404424	0.0908286	-0.0819617	-0.0281098	-0.1623626	0.0172077	0.016987	-0.0475932	0.0620346	-0.0816076	-0.0248949
