row	hyper	r2	mse	sse	n	df	DW:Lag1	dual_gap	time
0	(0.001, 0.30000000000000004)	0.8770127678990005	0.0015617360877521378	0.2967298566729062	190	48	2.249368720116676	0.00017491772905564584	0.011
1	(0.001, 0.30000000000000004)	0.6125328107567526	0.0010243412339954797	0.19462483445914114	190	32	1.9283791715226086	1.8648601191856296e-05	0.009
2	(0.001, 0.30000000000000004)	0.4192847117279058	0.0021607733464053575	0.41054693581701796	190	32	2.0886286187515166	4.830923154119926e-05	0.012
3	(0.001, 0.30000000000000004)	0.7826971792109737	0.0020759277083088105	0.39442626457867397	190	47	2.049818221435909	0.0001561582513146531	0.021
4	(0.001, 0.30000000000000004)	0.7205329300843589	0.0021150151707222367	0.40185288243722495	190	54	1.8284797210190022	0.00013335886662507734	0.014
5	(0.001, 0.30000000000000004)	0.3751617512338522	0.000277729154869764	0.05276853942525516	190	18	1.8823563783844173	5.384811746916851e-07	0.01
6	(0.001, 0.30000000000000004)	0.5413079925003172	0.002930976693662473	0.5568855717958698	190	51	2.10160766008291	9.367266367643623e-05	0.012
7	(0.001, 0.30000000000000004)	0.7271073202803633	0.0015701089816372391	0.29832070651107545	190	51	2.1709599678557425	8.428800998439012e-05	0.017
8	(0.001, 0.30000000000000004)	0.8634083032806306	0.0007375527306463576	0.14013501882280793	190	30	1.8693410600944422	4.970699494433184e-05	0.013
9	(0.001, 0.30000000000000004)	0.873875642993052	0.0020989750874240427	0.3988052666105681	190	48	2.0726780634038726	0.0001777445335147121	0.015
10	(0.001, 0.30000000000000004)	0.6212724374141845	0.00013745315765813392	0.026116099955045446	190	12	2.117719886023105	1.2054546485208706e-06	0.008
11	(0.001, 0.30000000000000004)	0.7255541299798237	0.001648772737429451	0.3132668201115957	190	47	1.8829414484417288	9.316560145555819e-05	0.015
12	(0.001, 0.30000000000000004)	0.1020369688095788	0.00023280380497889063	0.04423272294598922	190	4	1.9810391531805671	9.831986532496395e-07	0.008
13	(0.001, 0.30000000000000004)	0.6292156871950892	0.00040229954018650746	0.07643691263543642	190	21	1.8606120403433266	8.106626708567766e-06	0.014
14	(0.001, 0.30000000000000004)	0.8079417428931209	0.00023338369950686057	0.04434290290630351	190	24	1.8992705688268487	4.7151172397549845e-06	0.014
15	(0.001, 0.30000000000000004)	0.8789078917656592	0.00162463439977693	0.3086805359576167	190	44	2.2530883130267294	0.0001594484783549177	0.015
16	(0.001, 0.30000000000000004)	0.7007347235152278	0.0019387446068589718	0.3683614753032046	190	43	1.9256001404274146	8.485206300390402e-05	0.026
17	(0.001, 0.30000000000000004)	0.852242598720405	0.0021024813878098188	0.3994714636838656	190	46	1.8327726331437253	0.00023287478833550201	0.012
18	(0.001, 0.30000000000000004)	0.8777752669372665	0.0006832474810551555	0.12981702140047954	190	36	1.9657885052480273	5.451332908842921e-05	0.011
19	(0.001, 0.30000000000000004)	0.8657386493286354	0.0004639812129891128	0.08815643046793144	190	22	1.861052065282848	1.0687149926497108e-05	0.009
20	(0.001, 0.30000000000000004)	0.877867000561661	0.0020497310302127064	0.38944889574041425	190	31	2.1749546759260565	0.0001760701925673236	0.01
21	(0.001, 0.30000000000000004)	0.85483751802034	0.0010699912731974286	0.20329834190751145	190	24	1.9448817033708825	0.00012569084315966483	0.013
22	(0.001, 0.30000000000000004)	0.9144663462136535	0.0015377721796307827	0.2921767141298487	190	46	1.9937617497076006	0.00021591855542602012	0.013
23	(0.001, 0.30000000000000004)	0.9101789134586781	0.0018614576394812162	0.3536769515014311	190	43	2.1149019531785687	0.0002383614690844582	0.021
24	(0.001, 0.30000000000000004)	0.7778363405316892	0.001077913039251767	0.20480347745783573	190	36	2.1096895403362756	3.069835031493939e-05	0.012
25	(0.001, 0.30000000000000004)	0.8361303345391485	0.002750612779223883	0.5226164280525377	190	61	2.203773530694464	0.00023406788191593364	0.013
26	(0.001, 0.30000000000000004)	0.7907980903322673	0.0018387407572712806	0.3493607438815433	190	55	1.9689311171602242	0.00012001376859810398	0.012
27	(0.001, 0.30000000000000004)	0.8520740878376859	0.001573722924053722	0.2990073555702072	190	55	2.2191698850525974	0.000108937533531972	0.013
28	(0.001, 0.30000000000000004)	0.9424083759495505	0.001252021344266048	0.23788405541054913	190	49	2.0264001379099517	0.00015847851186626127	0.016
29	(0.001, 0.30000000000000004)	0.7911882613945436	0.0016896809372266277	0.32103937807305927	190	47	1.9505916138868882	0.00011658547957177356	0.018
30	(0.001, 0.30000000000000004)	0.870820786999017	0.0015176608882353725	0.2883555687647208	190	51	2.023781765053772	0.00021559634861373356	0.01
31	(0.001, 0.30000000000000004)	0.2784430470315852	0.00019207245536858125	0.03649376652003044	190	12	1.9206887262333525	1.340124996668246e-07	0.005
32	(0.001, 0.30000000000000004)	0.6003586365455083	0.0008405244891360631	0.15969965293585198	190	29	2.131188165172759	2.041972299313133e-05	0.008
33	(0.001, 0.30000000000000004)	0.9009456217587908	0.0007645297845479553	0.1452606590641115	190	40	2.1294050472150876	0.00012980056044606392	0.011
34	(0.001, 0.30000000000000004)	0.6308822559043845	0.0023382323443927925	0.44426414543463055	190	43	1.975485423461854	0.00010034564200278595	0.009
35	(0.001, 0.30000000000000004)	0.8857932851557188	0.0045932990299911115	0.8727268156983112	190	60	1.997542783074752	0.0007291790679828658	0.015
36	(0.001, 0.30000000000000004)	0.9533558679844455	0.002439037390695697	0.4634171042321824	190	58	2.0445071030200577	0.00047443583101214326	0.009
37	(0.001, 0.30000000000000004)	0.6772695476403309	0.0005506467687559705	0.10462288606363439	190	22	1.9093965406128648	1.1834625320755743e-05	0.016
38	(0.001, 0.30000000000000004)	0.8431648338752403	0.0017438915818877646	0.3313394005586753	190	48	2.1407071791161263	0.00015466379551504206	0.032
39	(0.001, 0.30000000000000004)	0.5127682858167354	0.0020740289499575227	0.39406550049192934	190	42	2.0503228345765447	7.950192131633838e-05	0.034
40	(0.001, 0.30000000000000004)	0.8824796852411907	0.0013160462873209526	0.250048794590981	190	33	1.764317104236859	0.00013131633275381693	0.014
41	(0.001, 0.30000000000000004)	0.8309515144312354	0.0024129141738939795	0.45845369303985606	190	62	2.04470278118031	0.00019696416190362331	0.015
42	(0.001, 0.30000000000000004)	0.8862522822532858	0.00298613302939168	0.5673652755844192	190	57	1.7798262557804263	0.0002472567452601604	0.012
43	(0.001, 0.30000000000000004)	0.8932384368087394	0.0015504253122454786	0.29458080932664094	190	53	1.979031207019565	0.00015629083287987955	0.011
44	(0.001, 0.30000000000000004)	0.7014382829965111	0.0020555877676021114	0.39056167584440116	190	43	1.7457006876670367	7.022106559273489e-05	0.013
45	(0.001, 0.30000000000000004)	0.8727344858588874	0.003747576392356312	0.7120395145476992	190	58	2.1215273946813493	0.0004252599682950109	0.013
46	(0.001, 0.30000000000000004)	0.9110085731510151	0.0021277661984302142	0.4042755777017407	190	53	1.7913052343970397	0.0002093980355168945	0.01
47	(0.001, 0.30000000000000004)	0.9298881722472948	0.0014088573115399704	0.26768288919259436	190	48	1.8924482687910107	7.58651533382948e-05	0.009
48	(0.001, 0.30000000000000004)	0.8748985635254511	0.0018852142529452763	0.3581907080596025	190	45	2.06446491333826	0.0002862360539511166	0.012
49	(0.001, 0.30000000000000004)	0.854511075985914	0.0012502839214785252	0.23755394508091981	190	38	1.887854119673074	0.00011100856229279144	0.016
50	(0.001, 0.30000000000000004)	0.9233108535737533	0.0018177275508630545	0.34536823466398037	190	53	1.994815542752632	0.00022573279324278328	0.012
51	(0.001, 0.30000000000000004)	0.8601585977879165	0.0021312235408529833	0.4049324727620668	190	56	1.8852410360085667	0.00019358121940787898	0.02
52	(0.001, 0.30000000000000004)	0.8551808455917362	0.0016766837670147837	0.3185699157328089	190	47	1.995197445058601	0.00016744051196665444	0.023
53	(0.001, 0.30000000000000004)	0.6348137078638376	0.0011030591899358906	0.2095812460878192	190	32	2.10767175667324	1.3068404703636682e-05	0.017
54	(0.001, 0.30000000000000004)	0.6209812935282509	0.0017349656406801907	0.32964347172923625	190	43	2.1606561166417135	6.25187280805517e-05	0.014
55	(0.001, 0.30000000000000004)	0.886614934360289	0.002320454136013308	0.4408862858425285	190	59	1.8298634312707367	0.0003877087608443741	0.018
56	(0.001, 0.30000000000000004)	0.8839410539130365	0.0018167345048663835	0.34517955592461286	190	40	1.7897945216122328	0.00022142221358117942	0.012
57	(0.001, 0.30000000000000004)	0.8400205324019159	0.001259856533572062	0.23937274137869174	190	43	1.8973193666494408	5.836943929427019e-05	0.013
58	(0.001, 0.30000000000000004)	0.824560539463575	0.0008056252055941059	0.15306878906288013	190	34	2.1717363755718253	8.704651858881807e-05	0.018
59	(0.001, 0.30000000000000004)	0.8310082131285933	0.0011173499737877183	0.2122964950196665	190	45	1.9238212517911197	7.865801577364162e-05	0.012
60	(0.001, 0.30000000000000004)	0.8308346197180012	0.0009386230146472245	0.17833837278297265	190	41	1.9068945398102592	6.567001502036374e-05	0.014
61	(0.001, 0.30000000000000004)	0.8444306625433972	0.0023510157064061486	0.4466929842171682	190	54	1.8208307371562864	0.00023414904098961742	0.01
62	(0.001, 0.30000000000000004)	0.8745115793487299	0.0020117461600920867	0.38223177041749645	190	51	2.2034916450487754	0.00023167842381166537	0.015
63	(0.001, 0.30000000000000004)	0.8632159617977426	0.001312641876073342	0.24940195645393498	190	49	2.057707103792436	0.00013164755426608998	0.01
64	(0.001, 0.30000000000000004)	0.6614350080623748	0.002517301497894312	0.4782872845999193	190	51	2.1090111271668768	0.0001062310572843006	0.015
65	(0.001, 0.30000000000000004)	0.7616197387539116	0.002143378086128404	0.40724183636439676	190	54	1.789061478118191	0.00013108455025390153	0.016
66	(0.001, 0.30000000000000004)	0.5322970715445084	0.0017393235995215514	0.33047148390909475	190	35	2.1326488935214156	2.5117535501828492e-05	0.01
67	(0.001, 0.30000000000000004)	0.6709938351360789	0.0018260014830855575	0.3469402817862559	190	37	1.9827424021596975	5.542367639760348e-05	0.011
68	(0.001, 0.30000000000000004)	0.9254476366130968	0.0012020987672663238	0.22839876578060153	190	38	1.8762892998464462	0.00014716984445564685	0.014
69	(0.001, 0.30000000000000004)	0.8692665100404515	0.0006522346822163514	0.12392458962110675	190	15	2.0519570674563883	9.129878316450901e-05	0.023
70	(0.001, 0.30000000000000004)	0.8755823177337417	0.002778539180211003	0.5279224442400905	190	49	1.7339386108031454	0.00024792274280815985	0.027
71	(0.001, 0.30000000000000004)	0.917451638453041	0.0023819730705156926	0.4525748833979816	190	40	1.893270317312965	0.0003707572067297993	0.013
72	(0.001, 0.30000000000000004)	0.9135242504441253	0.0014365403424374044	0.2729426650631068	190	45	2.061628925430384	0.00022642308011905365	0.017
73	(0.001, 0.30000000000000004)	0.9552264297872848	0.0016111124857517106	0.30611137229282503	190	46	1.879818600980222	0.000407305075213249	0.015
74	(0.001, 0.30000000000000004)	0.8443031061005613	0.0017838492590706737	0.338931359223428	190	50	1.9935272859011135	0.00010672720936538704	0.023
75	(0.001, 0.30000000000000004)	0.9366584066470552	0.002600411880866205	0.49407825736457894	190	58	1.7339108150342863	0.0006551453313339284	0.018
76	(0.001, 0.30000000000000004)	0.9457854960650822	0.001157765274050629	0.21997540206961952	190	41	1.9230292690639674	0.00025116329887109323	0.011
77	(0.001, 0.30000000000000004)	0.804753312658833	0.0009172073844953186	0.17426940305411054	190	32	1.8914000955169519	2.8444123084669926e-05	0.013
78	(0.001, 0.30000000000000004)	0.9168806310352027	0.0009804748753903085	0.1862902263241586	190	36	1.9048237269018449	7.94613911188069e-05	0.011
79	(0.001, 0.30000000000000004)	0.8707824944944673	0.0010869274211969926	0.2065162100274286	190	36	2.082303666180454	3.753552418708783e-05	0.012
80	(0.001, 0.30000000000000004)	0.8031673860000764	0.0015512624421378013	0.29473986400618224	190	51	2.0178338998860847	0.00013171316075294426	0.019
81	(0.001, 0.30000000000000004)	0.6427424358028933	0.0006542530123771893	0.12430807235166595	190	32	1.8412222898423842	2.909011294607855e-05	0.013
82	(0.001, 0.30000000000000004)	0.8777979885632593	0.002521537106856587	0.4790920503027515	190	59	1.5913471008082094	0.0003021734888902228	0.014
83	(0.001, 0.30000000000000004)	0.7523817768089047	0.0010018164931165766	0.19034513369214956	190	37	1.9621237542934253	2.7382552565208274e-05	0.019
84	(0.001, 0.30000000000000004)	0.7638337735629404	0.0018286465338541735	0.347442841432293	190	42	1.9353995296763966	5.270605941859463e-05	0.011
85	(0.001, 0.30000000000000004)	0.6907182741331337	0.0010112210120234708	0.19213199228445946	190	30	2.262155268230256	4.494057015555497e-05	0.015
86	(0.001, 0.30000000000000004)	0.8808399623651636	0.000680755488368294	0.12934354278997584	190	34	2.132257278992864	4.00273345213531e-05	0.016
87	(0.001, 0.30000000000000004)	0.8447429073078837	0.001376247027491578	0.26148693522339983	190	45	2.06876358672303	0.00012444168685893375	0.015
88	(0.001, 0.30000000000000004)	0.9366036300358502	0.002644592894503777	0.5024726499557176	190	58	2.100387564153748	0.0007213402958458071	0.013
89	(0.001, 0.30000000000000004)	0.8626320237809784	0.0023770157160562014	0.45163298605067825	190	47	2.0084413648388106	0.0002526176558281801	0.014
90	(0.001, 0.30000000000000004)	0.7690108157771227	0.002685882354497355	0.5103176473544975	190	46	2.0463107681708017	0.00017521034497169907	0.021
91	(0.001, 0.30000000000000004)	0.6749380945401604	0.0012247072647883907	0.23269438030979422	190	38	1.8951769514905032	6.976171376846252e-05	0.016
92	(0.001, 0.30000000000000004)	0.8927522620071411	0.001844755240320729	0.3505034956609385	190	49	1.8587523288756567	0.0002513209468962829	0.023
93	(0.001, 0.30000000000000004)	0.8162910427818753	0.001983388184750214	0.37684375510254065	190	49	1.9962352596398851	0.00020217016390572384	0.016
94	(0.001, 0.30000000000000004)	0.7933044547602881	0.001790446611674445	0.34018485621814454	190	51	1.9443317255804005	0.00010837139056896206	0.011
95	(0.001, 0.30000000000000004)	0.5065914503495628	0.0023367447121386948	0.443981495306352	190	41	2.180756977451202	6.88915637888643e-05	0.015
96	(0.001, 0.30000000000000004)	0.3863417977789334	0.0012893066719977255	0.24496826767956786	190	24	1.5943132642645514	2.286209533508554e-05	0.015
97	(0.001, 0.30000000000000004)	0.7869400885912706	0.0028028901983817075	0.5325491376925244	190	44	2.0861291858338413	0.00022119265185127635	0.018
98	(0.001, 0.30000000000000004)	0.8770431581371783	0.0016170116379200213	0.30723221120480404	190	44	2.0512191729455447	0.00016182056632457753	0.013
99	(0.001, 0.30000000000000004)	0.7413128780143159	0.0020850167486751174	0.39615318224827234	190	53	1.864984588055211	0.0001194971978560333	0.021
