row	hyper	r2	mse	sse	n	df	DW:Lag1	dual_gap	time
0	(0.001, 0.30000000000000004)	0.8898103326738738	0.0014713242984897097	0.27955161671304485	190	74	1.8982204357488213	0.00015128935575448033	0.022
1	(0.001, 0.30000000000000004)	0.6107291429668243	0.0009096521487394434	0.17283390826049425	190	59	2.020965239315191	2.7951326127817477e-05	0.009
2	(0.001, 0.30000000000000004)	0.7758616480997282	0.0009738700288398393	0.18503530547956948	190	64	2.048660461680804	4.0357266738871855e-05	0.009
3	(0.001, 0.30000000000000004)	0.7999249745099615	0.0014702796334827965	0.2793531303617313	190	75	1.914955143449778	0.00013740523833616347	0.008
4	(0.001, 0.30000000000000004)	0.8035615357117083	0.0014892386104812605	0.2829553359914395	190	68	1.8993945998985062	0.00011949348451856245	0.008
5	(0.001, 0.30000000000000004)	0.23422702648414706	0.0003891451652334595	0.0739375813943573	190	22	1.8238913281470261	1.237474126503102e-06	0.01
6	(0.001, 0.30000000000000004)	0.783127005268738	0.0014352666356462795	0.2727006607727931	190	66	1.9546776880417067	7.146908037630739e-05	0.011
7	(0.001, 0.30000000000000004)	0.8421031713915988	0.0011582664867304927	0.2200706324787936	190	67	1.8255484612355621	0.00011772521124669977	0.012
8	(0.001, 0.30000000000000004)	0.7800334950980646	0.0007209826513949267	0.13698670376503608	190	49	1.8119513843891728	5.910703980907539e-05	0.007
9	(0.001, 0.30000000000000004)	0.9038623749651495	0.0017022531655480067	0.32342810145412126	190	72	2.168245572359316	0.00023974519735153743	0.007
10	(0.001, 0.30000000000000004)	0.20315183756783295	0.00023553439488423672	0.044751535028004975	190	16	2.0123927350916837	2.2211453402920522e-07	0.008
11	(0.001, 0.30000000000000004)	0.7071170707046504	0.0016100792107085783	0.3059150500346299	190	63	2.0171668027492737	7.154231496964147e-05	0.008
12	(0.001, 0.30000000000000004)	0.14452904650332654	0.0002101198834301034	0.039922777851719646	190	9	2.214092649437757	5.4384021189179954e-08	0.007
13	(0.001, 0.30000000000000004)	0.6383579933652015	0.0004998565735928097	0.09497274898263383	190	37	2.0706585648428244	9.956853970052859e-06	0.01
14	(0.001, 0.30000000000000004)	0.7741722863437873	0.0002876306964815554	0.05464983233149553	190	20	1.9490389451151444	7.90097253709765e-06	0.008
15	(0.001, 0.30000000000000004)	0.897825547341015	0.0013527011959321203	0.25701322722710285	190	66	1.7713597200097668	9.771786711620933e-05	0.013
16	(0.001, 0.30000000000000004)	0.7547098624674359	0.0014324324254225706	0.27216216083028844	190	69	2.0170822589984936	4.412377728163497e-05	0.016
17	(0.001, 0.30000000000000004)	0.8882373606630805	0.0013295071192241236	0.25260635265258347	190	76	2.1569674782631014	0.00012690067860843257	0.011
18	(0.001, 0.30000000000000004)	0.7091591262913706	0.0005314327843889875	0.10097222903390764	190	38	1.8084598603860709	2.7745178054067177e-05	0.007
19	(0.001, 0.30000000000000004)	0.6552432913665653	0.0004001112966280852	0.07602114635933618	190	31	1.8838934626876616	8.720119344607369e-06	0.01
20	(0.001, 0.30000000000000004)	0.9443265184634251	0.0008709782872295022	0.16548587457360542	190	59	2.0676748829455	0.00018022257102826011	0.018
21	(0.001, 0.30000000000000004)	0.8070338184597645	0.001312105121891583	0.24929997315940078	190	60	2.224860225173702	8.837048950682824e-05	0.019
22	(0.001, 0.30000000000000004)	0.9322570060882823	0.0014457581233132948	0.274694043429526	190	64	2.104771443971161	0.00023129288055068198	0.01
23	(0.001, 0.30000000000000004)	0.9357642576889699	0.0014862047928870406	0.2823789106485377	190	73	2.121755771552469	0.0003538931691791092	0.02
24	(0.001, 0.30000000000000004)	0.793320147408347	0.0011504041432750256	0.21857678722225485	190	61	2.0618871045171434	8.763330851413453e-05	0.013
25	(0.001, 0.30000000000000004)	0.8826042653416201	0.0016787930544420585	0.3189706803439911	190	81	1.8901428185390705	0.0002220980401228534	0.011
26	(0.001, 0.30000000000000004)	0.8256999936938688	0.0014842855756548752	0.2820142593744263	190	68	2.0136248414067297	0.00015125262493476122	0.021
27	(0.001, 0.30000000000000004)	0.8663831282090544	0.001277015801512412	0.2426330022873583	190	74	2.17033817160192	0.00017243777937914206	0.014
28	(0.001, 0.30000000000000004)	0.9339878923310095	0.0015275987185085014	0.29024375651661527	190	76	1.8288171932319863	0.0003302257847771495	0.013
29	(0.001, 0.30000000000000004)	0.8229571899007685	0.0014804073859721323	0.28127740333470513	190	75	1.974696087411578	0.00012814659936249972	0.02
30	(0.001, 0.30000000000000004)	0.8031773608203528	0.0011492333555460446	0.21835433755374847	190	51	1.909341244079659	4.644918161078593e-05	0.007
31	(0.001, 0.30000000000000004)	0.3823390867726981	0.0002186262254977776	0.04153898284457774	190	18	2.0443490773220407	2.0107725152984646e-07	0.005
32	(0.001, 0.30000000000000004)	0.5952433210012178	0.0007303246727900074	0.1387616878301014	190	46	1.6815320191671723	1.7200446788323553e-05	0.009
33	(0.001, 0.30000000000000004)	0.8547784181813912	0.0009533561952858232	0.18113767710430642	190	58	1.9007223835412572	7.312206051657277e-05	0.013
34	(0.001, 0.30000000000000004)	0.7607291118384645	0.001241530993382286	0.23589088874263434	190	69	1.920718023249827	8.125713761050757e-05	0.01
35	(0.001, 0.30000000000000004)	0.9331483367907712	0.003103350826189374	0.589636656975981	190	86	2.0835113434428068	0.0008772564059760235	0.009
36	(0.001, 0.30000000000000004)	0.9622905552670492	0.0021761531908040294	0.41346910625276556	190	88	1.9886048033390025	0.00100958078988872	0.06
37	(0.001, 0.30000000000000004)	0.396691288719374	0.0005844693728777851	0.11104918084677917	190	37	1.8756049008720108	3.76173794547352e-06	0.006
38	(0.001, 0.30000000000000004)	0.8954405503576138	0.0013938957630482062	0.26484019497915917	190	70	1.991189434783475	0.00015269599680489687	0.015
39	(0.001, 0.30000000000000004)	0.6956258176247199	0.0013573919785447605	0.2579044759235045	190	66	1.7947266333412377	5.451623964325414e-05	0.01
40	(0.001, 0.30000000000000004)	0.9120321887220061	0.0008728307444185241	0.16583784143951957	190	42	2.1142072104601155	4.185912356058363e-05	0.012
41	(0.001, 0.30000000000000004)	0.9028500813160556	0.0014076973450586252	0.26746249556113877	190	65	1.9819472717494049	0.0001620263160531099	0.015
42	(0.001, 0.30000000000000004)	0.9160824297500791	0.0020427914584429598	0.38813037710416237	190	74	2.1859134257609907	0.00015864765708639705	0.015
43	(0.001, 0.30000000000000004)	0.8810663296170308	0.0014798117379108803	0.28116423020306724	190	67	2.1295619740380474	0.0001941378077308653	0.009
44	(0.001, 0.30000000000000004)	0.8236754239015238	0.0013936651137033567	0.2647963716036378	190	69	2.0227571086711005	0.0001108216720568378	0.012
45	(0.001, 0.30000000000000004)	0.9398015699240053	0.0017890497456194124	0.33991945166768833	190	74	2.314469925481233	0.00032248022461744963	0.019
46	(0.001, 0.30000000000000004)	0.8929259313781863	0.0023743707650336473	0.451130445356393	190	77	2.1429410529990727	0.0003415993766792691	0.013
47	(0.001, 0.30000000000000004)	0.8822595604957216	0.0021047077507234495	0.3998944726374554	190	76	2.031256182270836	0.0002461362796303823	0.012
48	(0.001, 0.30000000000000004)	0.8853817380337129	0.0016884008049637392	0.3207961529431104	190	70	2.0710326482581047	0.00024669805523430677	0.012
49	(0.001, 0.30000000000000004)	0.8767268069071366	0.0010453678455554292	0.19861989065553154	190	55	1.8732668173066263	7.662375831365975e-05	0.013
50	(0.001, 0.30000000000000004)	0.9056514758945852	0.0018988541258495402	0.36078228391141265	190	66	2.0464137507136417	0.00027181079300042654	0.018
51	(0.001, 0.30000000000000004)	0.8807082519195992	0.0016941232464278305	0.3218834168212878	190	77	2.2940655459057573	0.000194962400244858	0.016
52	(0.001, 0.30000000000000004)	0.8870485381971365	0.0013098832284686077	0.24887781340903548	190	70	2.0572642102665215	0.00015081785264159375	0.012
53	(0.001, 0.30000000000000004)	0.6445837699736934	0.0009905250085866287	0.18819975163145944	190	41	2.278522555112749	6.7896929032418285e-06	0.008
54	(0.001, 0.30000000000000004)	0.6946473681489245	0.0011843681495200462	0.22502994840880877	190	68	2.0115005604609575	5.985745265515985e-05	0.013
55	(0.001, 0.30000000000000004)	0.9116498884382122	0.0017443836173552326	0.3314328872974942	190	77	2.245106829703308	0.00031010225105482236	0.014
56	(0.001, 0.30000000000000004)	0.8591468077074789	0.0020855094532374586	0.39624679611511715	190	71	1.9964859218374824	0.00011665101136582035	0.015
57	(0.001, 0.30000000000000004)	0.8397358753700102	0.001477923646395485	0.28080549281514217	190	72	1.8530085863151402	0.00017168590048538546	0.015
58	(0.001, 0.30000000000000004)	0.8412999352495482	0.0008349008852060245	0.15863116818914466	190	49	2.0697282626362883	8.656321924266352e-05	0.011
59	(0.001, 0.30000000000000004)	0.8291075431287154	0.001112897598748971	0.21145054376230452	190	56	2.054999720752574	0.00011306705877597856	0.008
60	(0.001, 0.30000000000000004)	0.8753786999213626	0.0007669747713917528	0.14572520656443302	190	53	1.83677024263762	9.446803810861382e-05	0.01
61	(0.001, 0.30000000000000004)	0.8786717812953115	0.0015126589646453016	0.2874052032826073	190	72	1.9895924536173701	0.00017113959815540092	0.019
62	(0.001, 0.30000000000000004)	0.8690744891633195	0.0018125006977579923	0.3443751325740185	190	69	2.004237658624637	0.00023067980405139243	0.01
63	(0.001, 0.30000000000000004)	0.8564001240620073	0.0012085095914023479	0.2296168223664461	190	63	1.916345937364983	0.00014049918388031601	0.011
64	(0.001, 0.30000000000000004)	0.8416067974691259	0.0012388448230844155	0.23538051638603896	190	68	2.057358825160651	0.00014482277416946743	0.022
65	(0.001, 0.30000000000000004)	0.8440953314298045	0.0012862058636332757	0.24437911409032237	190	56	2.1716690094894964	0.00013000565299609024	0.009
66	(0.001, 0.30000000000000004)	0.6558875184264163	0.0012036799864864553	0.2286991974324265	190	61	1.9769658472450493	1.8216321670289082e-05	0.01
67	(0.001, 0.30000000000000004)	0.7845641799927937	0.0013858432666651297	0.26331022066637466	190	70	1.9757668760004414	5.818829891501842e-05	0.014
68	(0.001, 0.30000000000000004)	0.8921933083023648	0.00172454253293764	0.3276630812581516	190	74	1.9323834350736662	0.00028870290870786075	0.01
69	(0.001, 0.30000000000000004)	0.8696620717469323	0.0009197466851011753	0.1747518701692233	190	58	2.0050774084764105	0.0001224299018678654	0.013
70	(0.001, 0.30000000000000004)	0.929708452319666	0.0017990635154869544	0.34182206794252135	190	78	2.0386797859708117	0.00042978166095525294	0.006
71	(0.001, 0.30000000000000004)	0.9445973623984872	0.001855032243200526	0.35245612620809996	190	77	1.7745384715086185	0.0006359882896773694	0.026
72	(0.001, 0.30000000000000004)	0.9144493030239476	0.0014698757743107798	0.27927639711904817	190	74	2.0601010185375657	0.00027980672202571055	0.049
73	(0.001, 0.30000000000000004)	0.9603962689425446	0.0016248459290805744	0.30872072652530913	190	69	2.0775981786128113	0.0007440684158762645	0.077
74	(0.001, 0.30000000000000004)	0.8508584888920044	0.0015440539124518724	0.29337024336585577	190	77	1.9268494645586185	0.00014351343231172597	0.018
75	(0.001, 0.30000000000000004)	0.9427644601121765	0.0022145520822675576	0.42076489563083597	190	79	2.107190586258381	0.0003000596333496697	0.018
76	(0.001, 0.30000000000000004)	0.9394004354081091	0.0015518644894029368	0.294854252986558	190	63	1.8405724210718362	0.00047444193930679113	0.011
77	(0.001, 0.30000000000000004)	0.8097572027932142	0.0009605443101500775	0.18250341892851474	190	58	1.916576848923922	7.630125597632431e-05	0.012
78	(0.001, 0.30000000000000004)	0.9185723695801408	0.0012345278293614764	0.23456028757868053	190	64	1.858740250010599	0.00011364332769536745	0.009
79	(0.001, 0.30000000000000004)	0.8192871109010034	0.0009497646807940779	0.1804552893508748	190	51	1.9681966539236615	5.2582956616253895e-05	0.007
80	(0.001, 0.30000000000000004)	0.802226252211714	0.0012715763353982686	0.24159950372567102	190	60	1.9148079512479084	0.00011352464584260535	0.018
81	(0.001, 0.30000000000000004)	0.6498648780128167	0.0006951673005238981	0.13208178709954063	190	41	1.9199504767658027	1.599753915473845e-05	0.007
82	(0.001, 0.30000000000000004)	0.8487893899251996	0.001998878751791584	0.3797869628404009	190	77	1.9510095660909093	0.00011122839513111327	0.013
83	(0.001, 0.30000000000000004)	0.7722840956662428	0.0008038631405066717	0.1527339966962676	190	48	1.9565558032766008	5.213906309764482e-05	0.016
84	(0.001, 0.30000000000000004)	0.7162133374508302	0.0015172064326799783	0.2882692222091959	190	67	1.9866767167813022	7.764274872235077e-05	0.012
85	(0.001, 0.30000000000000004)	0.7549110450114723	0.0007799431109222146	0.14818919107522077	190	46	1.9712800494321832	5.3432314248924584e-05	0.01
86	(0.001, 0.30000000000000004)	0.7449261368087488	0.0008346556278353777	0.15858456928872175	190	53	1.9384311650624295	4.935163230329609e-05	0.007
87	(0.001, 0.30000000000000004)	0.8983363009837095	0.000921334668788187	0.17505358706975555	190	55	1.9247524467707362	0.00015181223208668437	0.009
88	(0.001, 0.30000000000000004)	0.9601172187305228	0.0017049116338813488	0.32393321043745626	190	81	2.1378578706058855	0.000808893528177701	0.044
89	(0.001, 0.30000000000000004)	0.8894861705198263	0.0018185729762362354	0.3455288654848847	190	66	1.9572738045021225	0.00020042328845104596	0.018
90	(0.001, 0.30000000000000004)	0.8682811433673538	0.0016662481459176098	0.3165871477243459	190	73	2.005084798002004	0.0002368960536996978	0.01
91	(0.001, 0.30000000000000004)	0.7556939456709963	0.0012041909616156133	0.2287962827069665	190	64	1.8369521964882067	6.526735462969446e-05	0.012
92	(0.001, 0.30000000000000004)	0.8627642963566905	0.0014472899154956496	0.2749850839441734	190	72	2.249956181776836	0.0001336907154929068	0.019
93	(0.001, 0.30000000000000004)	0.801356825592968	0.0015656087734942682	0.29746566696391097	190	66	2.103659430457686	0.0001285358171758677	0.089
94	(0.001, 0.30000000000000004)	0.8148689164857563	0.0011969992505358165	0.22742985760180512	190	69	1.9042509371855183	8.98519409497367e-05	0.18
95	(0.001, 0.30000000000000004)	0.6498450913185131	0.0015610611140193598	0.2966016116636784	190	68	2.253405710399601	5.090069624180682e-05	0.086
96	(0.001, 0.30000000000000004)	0.6119572903431904	0.0007391633046275704	0.14044102787923837	190	49	1.9852309007663074	1.995563771090003e-05	0.078
97	(0.001, 0.30000000000000004)	0.8528573745630562	0.001982998321256032	0.37676968103864605	190	77	1.9383641542066208	0.0002086013568407541	0.198
98	(0.001, 0.30000000000000004)	0.8509071080100776	0.0019062726524209188	0.3621918039599746	190	78	1.845761750788175	0.0001438853701336562	0.092
99	(0.001, 0.30000000000000004)	0.8063021744779784	0.0014893772798398397	0.28298168316956956	190	78	1.931804176072212	0.00010107342893128646	0.056
