row	hyper	r2	mse	sse	n	df	DW:Lag1	dual_gap	time
0	(0.001, 0.30000000000000004)	0.8758590539237433	0.0015742227810569141	0.29910232840081363	190	54	2.189906815956057	0.00017830642848964962	0.008
1	(0.001, 0.30000000000000004)	0.5573689681860993	0.000989378831440393	0.1879819779736747	190	34	1.871775790437782	1.2807135727932463e-05	0.006
2	(0.001, 0.30000000000000004)	0.4410764483299783	0.0023681847618716822	0.4499551047556195	190	38	2.192595387291141	5.840590313205273e-05	0.005
3	(0.001, 0.30000000000000004)	0.8129901349605997	0.001628654972908472	0.3094444448526097	190	53	2.0703122742844293	0.00013106120066824767	0.013000000000000001
4	(0.001, 0.30000000000000004)	0.7971797197197359	0.0018404228815472067	0.3496803474939693	190	45	2.077071165947624	0.0001587393909473489	0.01
5	(0.001, 0.30000000000000004)	0.3145489353899211	0.00023583771182192584	0.04480916524616591	190	11	2.1754852762170835	1.4072846928059326e-07	0.005
6	(0.001, 0.30000000000000004)	0.491694777637645	0.002872328923573264	0.5457424954789201	190	50	1.8052982312720869	7.942288484685811e-05	0.006999999999999999
7	(0.001, 0.30000000000000004)	0.7339194371094504	0.001718027700747106	0.3264252631419501	190	47	1.9436101264941776	8.93662510772497e-05	0.01
8	(0.001, 0.30000000000000004)	0.8334785175087489	0.0005677517266195338	0.1078728280577114	190	31	1.9112859391241663	3.3118830189762805e-05	0.008
9	(0.001, 0.30000000000000004)	0.8845710218985098	0.0023513201135641148	0.44675082157718177	190	53	2.044845173191042	0.0003465858070402228	0.008
10	(0.001, 0.30000000000000004)	0.557650726585017	0.00014721707680661244	0.02797124459325637	190	14	1.8151082538757224	2.677399119327406e-06	0.008
11	(0.001, 0.30000000000000004)	0.7741812641322776	0.0014300906851314045	0.27171723017496685	190	46	2.1432281703875926	0.00010388281970152845	0.008
12	(0.001, 0.30000000000000004)	0.18092712898163232	0.00023618142006516274	0.04487446981238092	190	5	2.115936217536913	3.0755374517618676e-06	0.004
13	(0.001, 0.30000000000000004)	0.7470955184424923	0.0004467636309333921	0.0848850898773445	190	22	2.088079287207045	1.4330469971304828e-05	0.006
14	(0.001, 0.30000000000000004)	0.8002763969538289	0.0001935440171301636	0.03677336325473109	190	25	2.056616562591672	1.1905189048089238e-05	0.012
15	(0.001, 0.30000000000000004)	0.8669146410799946	0.0019156771470905602	0.3639786579472064	190	51	2.0038844189843443	0.0002390360408466852	0.016
16	(0.001, 0.30000000000000004)	0.7821894333652031	0.001649535495718732	0.3134117441865591	190	45	1.637163428265246	0.00013517296101300813	0.009000000000000001
17	(0.001, 0.30000000000000004)	0.7815041279443288	0.002306064835926784	0.4381523188260889	190	59	1.985802276196574	0.0001847237653274103	0.009000000000000001
18	(0.001, 0.30000000000000004)	0.8212507850060836	0.00044653639253784753	0.08484191458219104	190	24	1.8670979393064748	3.3950156052842135e-05	0.008
19	(0.001, 0.30000000000000004)	0.8316472542262194	0.00020659304476516215	0.03925267850538081	190	18	1.861249327490604	9.290859505274583e-06	0.005
20	(0.001, 0.30000000000000004)	0.8974191996042515	0.0014187729188816134	0.2695668545875065	190	26	1.9915406324967149	0.00011594467223863257	0.006999999999999999
21	(0.001, 0.30000000000000004)	0.8004965979368883	0.0010583432317213422	0.20108521402705504	190	25	2.2233041549687247	7.063639596699423e-05	0.009000000000000001
22	(0.001, 0.30000000000000004)	0.9272105605768926	0.0014410929732604015	0.27380766491947633	190	37	2.2167909586647654	0.0002450936159901218	0.011000000000000001
23	(0.001, 0.30000000000000004)	0.9254337828910684	0.001582667161403515	0.30070676066666785	190	45	2.1500100908495265	0.00033740632702505824	0.006999999999999999
24	(0.001, 0.30000000000000004)	0.7552014270675131	0.001285652074433899	0.24427389414244075	190	33	2.0198527913157824	9.285860873428643e-05	0.017
25	(0.001, 0.30000000000000004)	0.793815596916285	0.0022812895443950626	0.4334450134350619	190	63	1.9882627026366664	0.00019709397611744617	0.016
26	(0.001, 0.30000000000000004)	0.7635533269942506	0.001652568896515802	0.3139880903380024	190	52	1.840142378582371	0.00012667809220123782	0.006999999999999999
27	(0.001, 0.30000000000000004)	0.8249358133495646	0.0014055722703705572	0.2670587313704059	190	39	1.956122789538036	0.00015164722998212143	0.005
28	(0.001, 0.30000000000000004)	0.9420321727581578	0.001454878284895143	0.2764268741300772	190	48	1.8750044044396323	0.0003338433800213481	0.013000000000000001
29	(0.001, 0.30000000000000004)	0.7744771393998366	0.001824809195919264	0.3467137472246601	190	55	1.9741141826632536	0.000145398157159915	0.026000000000000002
30	(0.001, 0.30000000000000004)	0.8296111358410371	0.001017682355792325	0.19335964760054175	190	42	2.011997466108748	9.394358196132546e-05	0.006
31	(0.001, 0.30000000000000004)	0.15072356139299314	0.00015817938021093545	0.030054082240077738	190	5	2.0395756294746734	5.264345016332829e-07	0.005
32	(0.001, 0.30000000000000004)	0.3951543428675782	0.0007777237510795312	0.1477675127051109	190	24	1.9617249237857477	9.611248552143794e-06	0.005
33	(0.001, 0.30000000000000004)	0.7926062216393359	0.000811375184942394	0.15416128513905486	190	27	1.9738677094138928	3.887367791494123e-05	0.006
34	(0.001, 0.30000000000000004)	0.5538145392013442	0.0023920895069192067	0.4544970063146492	190	56	1.9716040157948012	7.036357561340799e-05	0.009000000000000001
35	(0.001, 0.30000000000000004)	0.8907860847245165	0.005375848047892568	1.021411129099588	190	69	1.8488740844826284	0.0008662535754091483	0.01
36	(0.001, 0.30000000000000004)	0.9537398228318368	0.0024094855829764603	0.4578022607655275	190	53	1.8874419570910412	0.0009037804609902114	0.008
37	(0.001, 0.30000000000000004)	0.6115661062311071	0.00048321023118135285	0.09180994392445704	190	26	1.9460261390854263	1.34230586850137e-05	0.005
38	(0.001, 0.30000000000000004)	0.8560711020793621	0.0019079710349161406	0.3625144966340668	190	48	2.0834373243469337	0.00021397002178802357	0.01
39	(0.001, 0.30000000000000004)	0.5338660585924406	0.0020619484623545558	0.3917702078473657	190	43	1.734960701302379	3.8825588763002905e-05	0.011000000000000001
40	(0.001, 0.30000000000000004)	0.8390096625983399	0.0014939468505555725	0.2838499016055588	190	41	2.025760986804152	0.00016604367697165	0.011000000000000001
41	(0.001, 0.30000000000000004)	0.8418194773629493	0.0022739735538931326	0.4320549752396953	190	55	1.7397896995220434	0.00012734761829913402	0.008
42	(0.001, 0.30000000000000004)	0.9010066221529144	0.002631262546977276	0.4999398839256824	190	61	2.1965157250445198	0.00040808072460557515	0.009000000000000001
43	(0.001, 0.30000000000000004)	0.9106468170335374	0.0014307883717120972	0.2718497906252985	190	41	1.9515820272891304	0.000228645390405402	0.009000000000000001
44	(0.001, 0.30000000000000004)	0.7425171068127834	0.0019289997926791144	0.3665099606090317	190	54	1.9902112372202363	0.00010820680911122205	0.01
45	(0.001, 0.30000000000000004)	0.8617543680147814	0.0033614027408834235	0.6386665207678505	190	67	1.84767023320732	0.0004093504944454596	0.01
46	(0.001, 0.30000000000000004)	0.9049707435615716	0.0018127256002267054	0.3444178640430741	190	37	2.0425393411943342	0.0002391083759769041	0.008
47	(0.001, 0.30000000000000004)	0.9053497573379689	0.0015970999475594851	0.30344899003630216	190	46	2.07560112546702	0.00013650178622215403	0.01
48	(0.001, 0.30000000000000004)	0.8738049435145443	0.0018427926384308032	0.3501306013018526	190	50	2.019343737813695	0.00017964568786088542	0.008
49	(0.001, 0.30000000000000004)	0.8075797985043148	0.0014472766472184036	0.2749825629714967	190	36	1.9951416910078288	0.00012005754508220835	0.008
50	(0.001, 0.30000000000000004)	0.8868319556306861	0.0021026302125470822	0.3994997403839455	190	54	2.081214827386141	0.0003157132177860067	0.006999999999999999
51	(0.001, 0.30000000000000004)	0.8085118946882304	0.0023226654359480747	0.44130643283013415	190	67	2.055020824972781	0.00018534022407967757	0.009000000000000001
52	(0.001, 0.30000000000000004)	0.8332640360724524	0.0016754009698298658	0.3183261842676745	190	46	2.1876788241876977	0.00016488273556075628	0.006
53	(0.001, 0.30000000000000004)	0.6154093885598633	0.0011852576335271644	0.2251989503701613	190	33	2.0087389558532687	3.028080916753217e-05	0.006
54	(0.001, 0.30000000000000004)	0.6381420208989748	0.0016090941468631915	0.3057278879040064	190	46	2.354461546956254	7.386189342079019e-05	0.009000000000000001
55	(0.001, 0.30000000000000004)	0.8952251503420886	0.002530222888546745	0.4807423488238816	190	62	1.8975301830639888	0.00036812400867847206	0.021
56	(0.001, 0.30000000000000004)	0.8585118879863682	0.0018157032256856946	0.3449836128802819	190	38	1.9694434333765969	0.0001912246391687633	0.009000000000000001
57	(0.001, 0.30000000000000004)	0.8174050949752394	0.0014588517060984288	0.2771818241587015	190	45	2.1899143185839782	0.00013604963736507658	0.012
58	(0.001, 0.30000000000000004)	0.8279685858773573	0.0007355756591107972	0.13975937523105145	190	35	2.021535549015006	4.862328784546732e-05	0.01
59	(0.001, 0.30000000000000004)	0.8217536690885094	0.0011948753864552454	0.22702632342649656	190	48	2.2027185639111577	0.00012613357787363833	0.01
60	(0.001, 0.30000000000000004)	0.8317548826656639	0.0009420157875743926	0.17898299963913458	190	44	2.1497690738132547	5.990713252568281e-05	0.015
61	(0.001, 0.30000000000000004)	0.8586391802603998	0.00195956902348212	0.3723181144616028	190	44	1.9871798153819795	0.0002099568278881581	0.019
62	(0.001, 0.30000000000000004)	0.8676787532733821	0.001939097367551654	0.3684284998348143	190	56	2.266186563403839	0.00025087596951395286	0.015
63	(0.001, 0.30000000000000004)	0.8619852940976322	0.0014822978425033213	0.281636590075631	190	41	1.8950980705840128	6.943742506432261e-05	0.01
64	(0.001, 0.30000000000000004)	0.6369141793822389	0.0027647405357309066	0.5253007017888722	190	51	2.054565354024625	0.0001132638416807552	0.012
65	(0.001, 0.30000000000000004)	0.7061298307668638	0.0019175558038698087	0.3643356027352637	190	45	2.2013142022440344	8.33430918805167e-05	0.01
66	(0.001, 0.30000000000000004)	0.6590634404876803	0.0012961121003948954	0.2462612990750301	190	44	2.0354089308286643	5.6652925164518704e-05	0.01
67	(0.001, 0.30000000000000004)	0.6697252701964463	0.0018497049620098329	0.3514439427818682	190	40	2.0367158293044234	9.560668988362052e-05	0.01
68	(0.001, 0.30000000000000004)	0.9208418238872368	0.0013484716266956034	0.2562096090721646	190	43	1.9167880004561249	0.0002485496896262873	0.01
69	(0.001, 0.30000000000000004)	0.8654207909830481	0.001568787559406468	0.2980696362872289	190	50	2.2584398069438403	0.00011237346248788027	0.016
70	(0.001, 0.30000000000000004)	0.8928086721866428	0.0027230227906065423	0.5173743302152429	190	52	1.7400924466418333	0.00044649769380589177	0.01
71	(0.001, 0.30000000000000004)	0.9529952739261236	0.0018961190064948927	0.3602626112340296	190	43	2.1726933131296016	0.0006339614557491213	0.006999999999999999
72	(0.001, 0.30000000000000004)	0.9220528827632041	0.001504025658293391	0.2857648750757443	190	54	2.1786348835664437	0.0001890563777697252	0.009000000000000001
73	(0.001, 0.30000000000000004)	0.9596518809906852	0.0014865635463139275	0.28244707379964623	190	52	2.071525281852644	0.0005056102539505725	0.009000000000000001
74	(0.001, 0.30000000000000004)	0.8371343085733115	0.0018997157895183198	0.3609460000084808	190	57	2.113723010619872	0.00021786177874716373	0.01
75	(0.001, 0.30000000000000004)	0.934587892213712	0.0027571609980330154	0.5238605896262729	190	60	1.754775366050968	0.0007825549114880426	0.009000000000000001
76	(0.001, 0.30000000000000004)	0.956096826932156	0.0012068342873074597	0.2292985145884173	190	37	2.2478528444554624	0.00046184948334146436	0.006999999999999999
77	(0.001, 0.30000000000000004)	0.7883707405911586	0.0007320359303439819	0.13908682676535655	190	23	2.0379260817997658	1.608934144975427e-05	0.006
78	(0.001, 0.30000000000000004)	0.8903494071941674	0.0010641678281876918	0.20219188735566146	190	35	2.2121277335373417	0.0001755035146630557	0.012
79	(0.001, 0.30000000000000004)	0.7189270123660798	0.0010374421905092546	0.1971140161967584	190	23	2.367256916677537	2.2324314920940672e-05	0.01
80	(0.001, 0.30000000000000004)	0.7214021927799359	0.0015797410848859784	0.30015080612833595	190	42	1.7691576409339906	8.899263836620319e-05	0.006
81	(0.001, 0.30000000000000004)	0.6880516799229797	0.0007085721413724249	0.13462870686076073	190	32	1.9355674967534973	3.052980032627883e-05	0.01
82	(0.001, 0.30000000000000004)	0.8329982428409777	0.002510440276019686	0.4769836524437404	190	48	1.8318141216735369	0.00015848369157434042	0.015
83	(0.001, 0.30000000000000004)	0.7876547414347861	0.0009462262715841133	0.17978299160098155	190	39	1.9235446856480063	4.8256510721989e-05	0.013999999999999999
84	(0.001, 0.30000000000000004)	0.7159499333748129	0.001716271021535954	0.32609149409183125	190	38	2.0190126723588504	8.499021487962109e-05	0.005
85	(0.001, 0.30000000000000004)	0.7441445165912193	0.0009516046061150311	0.1808048751618559	190	33	1.9711311413594776	6.416280452359313e-05	0.009000000000000001
86	(0.001, 0.30000000000000004)	0.8017200364814997	0.0007353904589276827	0.13972418719625973	190	30	2.083167136671014	5.287057270833562e-05	0.005
87	(0.001, 0.30000000000000004)	0.8033002437376275	0.0014064197792017273	0.2672197580483282	190	42	2.256631918916133	0.0001153355698001457	0.009000000000000001
88	(0.001, 0.30000000000000004)	0.9490959767797876	0.002052938428745346	0.3900583014616157	190	55	2.0272725947508756	0.0006202964447964421	0.01
89	(0.001, 0.30000000000000004)	0.8789844264314177	0.002305193462660334	0.4379867579054635	190	49	2.2438902142217403	0.000185870794742804	0.006
90	(0.001, 0.30000000000000004)	0.8003568923139092	0.0025194664280887235	0.4786986213368575	190	51	2.162917822534983	0.00020579132315401427	0.012
91	(0.001, 0.30000000000000004)	0.7634995615870076	0.0012176671668485408	0.2313567617012228	190	37	2.1766802037478863	5.672679916382539e-05	0.009000000000000001
92	(0.001, 0.30000000000000004)	0.8492365271190978	0.0019036872244175594	0.36170057263933625	190	52	1.9332632252022075	0.00023048837550238008	0.015
93	(0.001, 0.30000000000000004)	0.7825162051103403	0.0019171111661854226	0.3642511215752302	190	38	2.1152043171405395	0.00014065633710114156	0.011000000000000001
94	(0.001, 0.30000000000000004)	0.746574945604264	0.001963169600418078	0.3730022240794348	190	47	1.8772140627456195	7.686070572954229e-05	0.01
95	(0.001, 0.30000000000000004)	0.54096283562311	0.0021771574753182703	0.4136599203104714	190	53	2.044794264680711	8.689220014462817e-05	0.008
96	(0.001, 0.30000000000000004)	0.5244282386774273	0.0009389733590521051	0.17840493821989994	190	21	1.879814911417642	2.8525871834939043e-05	0.006
97	(0.001, 0.30000000000000004)	0.8299038074695366	0.0026015394016488326	0.4942924863132783	190	51	2.047240297734697	0.00026589129514476006	0.012
98	(0.001, 0.30000000000000004)	0.8416170756074169	0.002002512963339268	0.3804774630344609	190	50	2.0591407475431933	8.544760321382851e-05	0.008
99	(0.001, 0.30000000000000004)	0.7090832842575405	0.002433490041729416	0.462363107928589	190	46	2.119371916566958	0.0001418944636333297	0.008
