row	hyper	r2	mse	sse	n	df	DW:Lag1	dual_gap	time
0	(0.001, 0.30000000000000004)	0.9266807568499158	0.0010226726284210228	0.19430779939999432	190	63	1.9289031787069149	0.00026329612870495955	0.01
1	(0.001, 0.30000000000000004)	0.6710558999835219	0.0008056973447841202	0.15308249550898284	190	48	1.8969368405152305	3.134399441812041e-05	0.008
2	(0.001, 0.30000000000000004)	0.6512519371675873	0.0013732865400915572	0.2609244426173959	190	59	1.825917767825663	7.312970089673465e-05	0.026000000000000002
3	(0.001, 0.30000000000000004)	0.8231034621357454	0.0016027859712941744	0.30452933454589315	190	74	2.120042017210946	0.00010365807302581408	0.059000000000000004
4	(0.001, 0.30000000000000004)	0.8237222701298679	0.0014626793012785613	0.27790906724292663	190	76	1.8355036029803693	0.00014465367627120032	0.012
5	(0.001, 0.30000000000000004)	0.12868305264000368	0.00032457231507094207	0.06166873986347899	190	17	1.7597715458998275	1.2070239081146686e-07	0.006
6	(0.001, 0.30000000000000004)	0.8353972879885586	0.0016548457721329865	0.3144206967052674	190	73	2.0249068516570365	0.00012190064747330533	0.012
7	(0.001, 0.30000000000000004)	0.7825303311326017	0.0013780770965537293	0.2618346483452085	190	63	2.169843004482253	0.00010071473536182872	0.01
8	(0.001, 0.30000000000000004)	0.7973962771222958	0.0006201071052883871	0.11782035000479354	190	34	2.0310768518440696	4.3197132639991025e-05	0.008
9	(0.001, 0.30000000000000004)	0.9074682198068896	0.0016199697871928814	0.3077942595666475	190	67	1.9841360734457227	0.00032184108373489734	0.013999999999999999
10	(0.001, 0.30000000000000004)	0.4715559757921072	0.00020375316585406216	0.03871310151227182	190	20	2.001356390039922	4.039663763520662e-06	0.006
11	(0.001, 0.30000000000000004)	0.7937370019664651	0.0013781622676394384	0.2618508308514933	190	68	2.0798264602878405	9.186099700420058e-05	0.015
12	(0.001, 0.30000000000000004)	0.216942279704022	0.00015481706684736347	0.02941524270099905	190	8	2.141083266647084	1.6517181979786022e-08	0.004
13	(0.001, 0.30000000000000004)	0.5902907146273451	0.0005462936964823501	0.10379580233164652	190	30	1.87686439430264	1.0067971379687513e-05	0.01
14	(0.001, 0.30000000000000004)	0.6115057540040183	0.000360424446596712	0.06848064485337528	190	14	1.9886239625751592	4.625454279455488e-06	0.006999999999999999
15	(0.001, 0.30000000000000004)	0.9255876714855356	0.0009185285254274957	0.17452041983122418	190	49	1.9251006841064595	6.501766970784528e-05	0.012
16	(0.001, 0.30000000000000004)	0.7873215888520242	0.0014292360186388938	0.2715548435413898	190	65	2.1617496864407397	0.00010944559553094367	0.016
17	(0.001, 0.30000000000000004)	0.8620406144489113	0.0016593459836273874	0.31527573688920363	190	74	2.0574567034269515	0.00019514749244892157	0.02
18	(0.001, 0.30000000000000004)	0.8268909453791378	0.0006472516964259767	0.1229778223209356	190	42	1.909228424328886	2.7500141774314257e-05	0.013999999999999999
19	(0.001, 0.30000000000000004)	0.7840964853181067	0.000495853008279773	0.09421207157315686	190	29	2.0648087544402376	6.334529092835718e-06	0.011000000000000001
20	(0.001, 0.30000000000000004)	0.910040499176492	0.001138933476006551	0.2163973604412447	190	64	2.173093067060302	0.00016804874810760762	0.017
21	(0.001, 0.30000000000000004)	0.8158518933009347	0.001185860645743694	0.22531352269130184	190	62	1.8226848633093016	5.3371814676544955e-05	0.013000000000000001
22	(0.001, 0.30000000000000004)	0.9197706977554416	0.0014687252621768821	0.2790577998136076	190	69	1.8178122547855933	0.00022882762118847652	0.011000000000000001
23	(0.001, 0.30000000000000004)	0.9123069948777598	0.0017137739137600713	0.3256170436144136	190	64	1.896773985336056	0.00029114564965332384	0.012
24	(0.001, 0.30000000000000004)	0.7535848495330331	0.0011713519464606015	0.2225568698275143	190	69	1.9590815497989715	8.40275986525585e-05	0.013999999999999999
25	(0.001, 0.30000000000000004)	0.8642643283252829	0.001870270439492089	0.35535138350349704	190	78	1.8612687298532264	0.0001638382398955751	0.017
26	(0.001, 0.30000000000000004)	0.7599399163743108	0.0016539908366660346	0.3142582589665465	190	71	2.08717978950424	0.00011617491876003694	0.011000000000000001
27	(0.001, 0.30000000000000004)	0.8786029971459297	0.0011533507836504506	0.2191366488935856	190	62	1.95771947109626	0.00015129624518372964	0.011000000000000001
28	(0.001, 0.30000000000000004)	0.9167864973034446	0.0018139066972411532	0.34464227247581913	190	72	1.6752283851854983	0.00019135681263537932	0.024
29	(0.001, 0.30000000000000004)	0.7991704081619523	0.0013601922507648569	0.2584365276453228	190	68	2.015591002390434	4.724236314562758e-05	0.023
30	(0.001, 0.30000000000000004)	0.8223169798854313	0.0013527808114785144	0.2570283541809177	190	61	1.7341086995458526	0.00013341834035884848	0.011000000000000001
31	(0.001, 0.30000000000000004)	0.3011684387923954	0.00018047706626193215	0.03429064258976711	190	10	2.1580101351414758	1.560013511807401e-06	0.006999999999999999
32	(0.001, 0.30000000000000004)	0.7182515982738624	0.0007602056322202713	0.14443907012185153	190	52	2.0847470116769093	3.4726605190799065e-05	0.012
33	(0.001, 0.30000000000000004)	0.7365214467465291	0.00102646071973901	0.1950275367504119	190	45	2.163748022670119	4.5463956955288376e-05	0.009000000000000001
34	(0.001, 0.30000000000000004)	0.7288119975946368	0.0012270144234172882	0.2331327404492848	190	65	2.1278342996689426	5.872080551116987e-05	0.011000000000000001
35	(0.001, 0.30000000000000004)	0.9517342429493771	0.0022186342628854	0.42154050994822573	190	81	2.1512718869863545	0.0006234046554037809	0.017
36	(0.001, 0.30000000000000004)	0.9511121229874431	0.0025916090648678072	0.4924057223248833	190	90	2.1424625545764333	0.0010020086276774642	0.044000000000000004
37	(0.001, 0.30000000000000004)	0.5604730750187739	0.0006301657726071291	0.11973149679535453	190	42	2.008683117304557	2.1784244486580676e-05	0.01
38	(0.001, 0.30000000000000004)	0.9073979059254004	0.0011470762686021881	0.21794449103441574	190	55	2.1493772515841782	5.881066274909808e-05	0.011000000000000001
39	(0.001, 0.30000000000000004)	0.6796246424187324	0.001292329677302359	0.24554263868744824	190	62	1.87841476452815	4.056182599268543e-05	0.01
40	(0.001, 0.30000000000000004)	0.9297817925043308	0.0007836387534528594	0.1488913631560433	190	47	2.1642799062714557	0.00016792543509783211	0.011000000000000001
41	(0.001, 0.30000000000000004)	0.8935589516470618	0.0017017539967962242	0.3233332593912826	190	72	2.0579028593787307	0.0002638926314381118	0.016
42	(0.001, 0.30000000000000004)	0.8974292466704	0.002367173945585689	0.4497630496612809	190	79	2.0190556403819087	0.0003203815121521348	0.021
43	(0.001, 0.30000000000000004)	0.9076751894473064	0.001292943049836069	0.24565917946885316	190	66	2.1623323701304646	0.00011921902144557128	0.011000000000000001
44	(0.001, 0.30000000000000004)	0.8472705843242404	0.001340494076673635	0.25469387456799064	190	69	2.2398867069246733	0.00011654428951785034	0.013000000000000001
45	(0.001, 0.30000000000000004)	0.9291354148290971	0.002070645785138532	0.39342269917632106	190	78	2.0739079850669224	0.0005005014067709368	0.011000000000000001
46	(0.001, 0.30000000000000004)	0.8934208834820739	0.0022483368615501408	0.4271840036945267	190	81	1.7361011848167816	0.0002861355000761123	0.028999999999999998
47	(0.001, 0.30000000000000004)	0.90542500534388	0.0017859782228290511	0.3393358623375197	190	73	1.8005108429030852	0.00018847320794596056	0.011000000000000001
48	(0.001, 0.30000000000000004)	0.8789835593305815	0.0015689046805338867	0.2980918893014385	190	75	2.019903223200859	0.00014426161179698083	0.018000000000000002
49	(0.001, 0.30000000000000004)	0.9121480066057396	0.0008949560037134367	0.170041640705553	190	48	2.0140439285899845	0.0001531971765638129	0.01
50	(0.001, 0.30000000000000004)	0.9035458926063024	0.002100054201406658	0.39901029826726503	190	72	2.2984167002151157	0.00016529929659014894	0.017
51	(0.001, 0.30000000000000004)	0.8574491113465597	0.0019541018122409943	0.3712793443257888	190	76	1.9486293010473024	0.000208264586135376	0.013999999999999999
52	(0.001, 0.30000000000000004)	0.8587722104703498	0.0014157677904658868	0.2689958801885185	190	69	1.7780233817905318	0.00014089429892288896	0.015
53	(0.001, 0.30000000000000004)	0.6886872629018379	0.0007755566880439074	0.1473557707283424	190	42	2.15289149480111	2.7628898510184685e-05	0.006999999999999999
54	(0.001, 0.30000000000000004)	0.6345197865543519	0.0014646772283188356	0.2782886733805787	190	66	1.8963163104720795	6.016868552022325e-05	0.008
55	(0.001, 0.30000000000000004)	0.9300558591324808	0.0017295164121222243	0.3286081183032227	190	87	2.2278114117999683	0.00043363287217140783	0.016
56	(0.001, 0.30000000000000004)	0.8694617553951005	0.001805460585356221	0.343037511217682	190	68	1.7970353381373925	0.0002339329828910941	0.013000000000000001
57	(0.001, 0.30000000000000004)	0.8514384657363478	0.001113274529077576	0.21152216052473946	190	61	1.6951727008086388	0.0001038551151605338	0.021
58	(0.001, 0.30000000000000004)	0.8350827010362376	0.0007230444283409291	0.13737844138477653	190	39	1.9378472802709024	6.673780459809375e-05	0.008
59	(0.001, 0.30000000000000004)	0.8034246740625952	0.0011865737184818472	0.2254490065115509	190	60	2.2629382065326733	0.00010333607145959768	0.006999999999999999
60	(0.001, 0.30000000000000004)	0.8591553096828223	0.0008120807304991941	0.15429533879484686	190	55	1.9052926577565212	7.926486061812787e-05	0.008
61	(0.001, 0.30000000000000004)	0.872356564238403	0.001675071907275249	0.3182636623822973	190	66	1.9013789372072432	0.00024018816595716694	0.016
62	(0.001, 0.30000000000000004)	0.8942025229059577	0.0016111314004949525	0.3061149660940409	190	68	2.0257882346281244	0.00024409190156454708	0.01
63	(0.001, 0.30000000000000004)	0.8573583677697966	0.0014726909007311635	0.2798112711389211	190	68	2.030063800767026	9.693668245280841e-05	0.011000000000000001
64	(0.001, 0.30000000000000004)	0.8883313887082853	0.000974864720760458	0.18522429694448705	190	60	2.0383322438760008	0.00010175599872927488	0.012
65	(0.001, 0.30000000000000004)	0.8492809742288012	0.0013227121918717904	0.2513153164556402	190	65	1.872967200078243	0.00015150998417867712	0.013000000000000001
66	(0.001, 0.30000000000000004)	0.662918619211146	0.001470466788439557	0.27938868980351583	190	69	2.0203162181040275	6.731855672975627e-05	0.008
67	(0.001, 0.30000000000000004)	0.7217227771001585	0.001955956791434315	0.3716317903725198	190	63	1.720559219923329	5.921872411862594e-05	0.016
68	(0.001, 0.30000000000000004)	0.9092199480741326	0.0014727198761112787	0.2798167764611429	190	79	1.8051125094089329	0.00022605605012865346	0.013000000000000001
69	(0.001, 0.30000000000000004)	0.7965455322735464	0.0009287182444430043	0.1764564664441708	190	44	2.0734582437955766	5.519571845619131e-05	0.017
70	(0.001, 0.30000000000000004)	0.9161039850183904	0.0015419183504114876	0.29296448657818264	190	65	1.8868585826509745	0.00032569745260374594	0.015
71	(0.001, 0.30000000000000004)	0.9098402375918104	0.0022524078296624825	0.4279574876358717	190	76	1.65746282324849	0.0004662815607054949	0.019
72	(0.001, 0.30000000000000004)	0.8921758798603309	0.0015420489551286937	0.2929893014744518	190	69	1.863233673525836	0.0002274624095756073	0.01
73	(0.001, 0.30000000000000004)	0.9558939164709046	0.0017769232281857406	0.3376154133552908	190	76	1.7693379720620808	0.0007426796402133505	0.017
74	(0.001, 0.30000000000000004)	0.8458350739956019	0.0015822239328164554	0.3006225472351265	190	73	1.919601566898414	0.0001856245739087492	0.024
75	(0.001, 0.30000000000000004)	0.9542506587721395	0.0020728335269518667	0.3938383701208547	190	81	2.153625414084108	0.0007903339852396997	0.055
76	(0.001, 0.30000000000000004)	0.9532108393166104	0.0012592798665738592	0.23926317464903324	190	67	2.1833173367219616	0.00035941695712690685	0.033
77	(0.001, 0.30000000000000004)	0.7916443784784766	0.00092898036065474	0.1765062685244006	190	54	1.8409664752301795	4.3730480847187225e-05	0.011000000000000001
78	(0.001, 0.30000000000000004)	0.8979549667184241	0.0014364407465379436	0.2729237418422093	190	63	1.8129135117052584	0.00013275647583482764	0.03
79	(0.001, 0.30000000000000004)	0.8470709316796013	0.0011221338165426523	0.21320542514310392	190	56	2.0992856109194187	7.97168115498903e-05	0.008
80	(0.001, 0.30000000000000004)	0.7805234085249946	0.0012797332857126269	0.2431493242853991	190	64	1.7283669263474917	7.6417677202123e-05	0.013000000000000001
81	(0.001, 0.30000000000000004)	0.6343929155106209	0.000741991690738061	0.1409784212402316	190	54	2.101751330332121	1.5856287904736366e-05	0.019
82	(0.001, 0.30000000000000004)	0.8722031978465096	0.0019205809394379977	0.3649103784932196	190	73	1.950406330587988	0.0001716948693694098	0.008
83	(0.001, 0.30000000000000004)	0.7550079402731806	0.0008650360393963162	0.1643568474853001	190	57	1.882368694805034	3.632944953185779e-05	0.013999999999999999
84	(0.001, 0.30000000000000004)	0.825984553516021	0.0010486986872364859	0.1992527505749323	190	59	2.052759987441368	4.903734637770607e-05	0.017
85	(0.001, 0.30000000000000004)	0.7046716792421263	0.0009543599488841123	0.1813283902879813	190	47	2.101008586230163	4.6137126131440276e-05	0.015
86	(0.001, 0.30000000000000004)	0.8116411490060464	0.0007436792119814885	0.14129905027648282	190	45	2.070283967862772	7.091206459894361e-05	0.011000000000000001
87	(0.001, 0.30000000000000004)	0.911259738016732	0.0008561492844608662	0.16266836404756455	190	52	1.8581019346402936	0.00011588017049563025	0.009000000000000001
88	(0.001, 0.30000000000000004)	0.95446578732341	0.0018263514323013984	0.3470067721372657	190	76	1.978754275238343	0.0007000340075253852	0.053
89	(0.001, 0.30000000000000004)	0.8924517232052475	0.0018596989933574734	0.35334280873792	190	71	2.009518645365698	0.00022070715778849118	0.022000000000000002
90	(0.001, 0.30000000000000004)	0.8613425673616366	0.0015558015078624048	0.2956022864938569	190	73	1.9578471928130297	0.00017415703624612533	0.009000000000000001
91	(0.001, 0.30000000000000004)	0.7493568806781459	0.0012249412442878439	0.2327388364146903	190	59	2.194226379528141	5.093685399223946e-05	0.006999999999999999
92	(0.001, 0.30000000000000004)	0.8655967109911158	0.0013442752588097278	0.2554122991738483	190	64	1.9408560090398248	0.00011456796700437531	0.017
93	(0.001, 0.30000000000000004)	0.8486804936029828	0.0012948375159327625	0.2460191280272249	190	76	2.074230227661852	0.00016018691659558382	0.013999999999999999
94	(0.001, 0.30000000000000004)	0.8089109150773969	0.0011259675763376255	0.21393383950414885	190	56	1.9152710747061197	6.85686421698084e-05	0.008
95	(0.001, 0.30000000000000004)	0.6926410356479669	0.0013829988486387169	0.2627697812413562	190	65	1.709502551354278	2.042092573634191e-05	0.013999999999999999
96	(0.001, 0.30000000000000004)	0.5625141537417684	0.0009171781941062683	0.17426385688019105	190	50	2.0501486146207033	2.2295391252674657e-05	0.021
97	(0.001, 0.30000000000000004)	0.8472878183596094	0.0022332600835956304	0.4243194158831698	190	83	2.0772968432544	0.0001977139869390743	0.027000000000000003
98	(0.001, 0.30000000000000004)	0.8011015742695928	0.001996511782171217	0.3793372386125312	190	73	2.1061830018623096	0.0001891476670377035	0.017
99	(0.001, 0.30000000000000004)	0.8025804015988484	0.0015325898880533884	0.2911920787301438	190	74	2.3227247514900915	8.679819950024871e-05	0.011000000000000001
