gene	t0_rep10	t1_rep10	t2_rep10	t3_rep10	t4_rep10	t5_rep10	t6_rep10	t7_rep10	t8_rep10	t9_rep10	t10_rep10	t11_rep10	t12_rep10	t13_rep10	t14_rep10	t15_rep10	t16_rep10	t17_rep10	t18_rep10	t19_rep10	t20_rep10
G1	-0.00830337142857	-0.0157895714286	-0.00695877142857	-0.0268773714286	-0.0113893714286	0.0415577285714	-0.0215189714286	-0.00209587142857	-0.0411652714286	0.0145656285714	0.0252486285714	0.0333915285714	0.0104133285714	0.0667085285714	-0.0378328714286	0.0735718285714	-0.00685097142857	-0.000820171428571	0.00829902857143	-0.0512375714286	-0.0429160714286
G2	-0.0589533047619	-0.0053571047619	-0.0637044047619	0.0326467952381	0.000605495238095	0.0485622952381	-0.0789774047619	-0.0502696047619	-0.0349805047619	-0.0245769047619	-0.0717570047619	-0.0180345047619	0.0705841952381	-0.0769458047619	-0.0124240047619	0.0772180952381	0.0769053952381	0.0681100952381	0.0112275952381	0.104491595238	0.0056289952381
G3	0.042384752381	0.00693215238095	-0.038544547619	0.065695852381	-0.074152647619	-0.034667647619	-0.069070747619	0.100998352381	-0.00485474761905	-0.015144947619	-0.036210647619	0.012389552381	-0.00923904761905	-0.023999047619	0.035653852381	0.014007952381	0.012207052381	0.00434195238095	-0.105221847619	0.142580752381	-0.026086347619
G4	0.0229641619048	0.00545466190476	0.0271272619048	-0.0291206380952	-0.109415938095	0.0398872619048	0.0432389619048	-0.100021038095	-0.000514938095238	0.0119458619048	0.0565523619048	0.162123661905	0.109959261905	-0.0590523380952	-0.0143494380952	-0.00555743809524	0.0695623619048	-0.0607327380952	-0.00224503809524	-0.116488738095	-0.0513175380952
G5	0.029292352381	0.016235552381	0.00526265238095	-0.039687647619	-0.036821747619	0.037279752381	-0.046926547619	-0.035982347619	-0.022787347619	0.102387052381	-0.010519747619	0.060621652381	-0.030191647619	0.026128252381	0.013489352381	0.048675252381	-0.048820647619	-0.015372447619	0.00820405238095	-0.027079547619	-0.033386247619
G6	-0.0366417190476	-0.00422031904762	-0.0151691190476	-0.103179519048	-0.0610364190476	0.00237438095238	-0.0301428190476	0.0737000809524	-0.0890710190476	0.0589612809524	0.0234910809524	-0.0481691190476	0.0870982809524	-0.103752319048	0.110704480952	0.0791937809524	-0.0689931190476	-0.0407747190476	0.0430107809524	0.0897045809524	0.0329114809524
G7	0.00127285714286	-0.00849664285714	-0.0149593428571	0.00428835714286	-0.0309429428571	0.0480247571429	-0.0486316428571	0.0777820571429	-0.00543044285714	0.0161398571429	0.00402785714286	0.00220265714286	-0.00701504285714	-0.100574542857	-0.0798278428571	0.0455377571429	0.0737749571429	0.103126457143	-0.0127270428571	-0.0605230428571	-0.00704904285714
G8	0.0254182285714	-0.0549864714286	-0.0830344714286	-0.0295188714286	0.0805996285714	0.0562739285714	-0.0619333714286	0.101945528571	-0.0490676714286	-0.0657262714286	0.127891628571	-0.146319871429	-0.00220767142857	-0.00153947142857	0.0669411285714	-0.0833147714286	0.0198103285714	0.0656108285714	-0.0659854714286	-0.0349331714286	0.134076328571
G9	-0.123010233333	-0.0892673333333	-0.0455644333333	0.0374892666667	0.139686466667	0.0244361666667	0.00659336666667	0.0154362666667	-0.0447265333333	-0.0477946333333	-0.0114814333333	-0.00464783333333	0.00984556666667	-0.0957761333333	-0.0604282333333	0.00716026666667	0.0187346666667	0.105572466667	0.0744274666667	-0.0116037333333	0.0949185666667
G10	-0.0196161285714	-0.0163273285714	0.0447662714286	0.0197213714286	-0.0253463285714	0.00500867142857	0.0339478714286	-0.0446262285714	0.0383195714286	0.0709138714286	-0.0452502285714	-0.0116785285714	-0.0319814285714	0.0433400714286	-0.0513298285714	-0.0413214285714	-0.0104359285714	0.0395610714286	-0.0272669285714	0.0166706714286	0.0129308714286
G11	-0.00310848095238	0.0688728190476	0.0296083190476	0.00436491904762	-0.00540728095238	0.0372756190476	-0.0159082809524	0.0321324190476	-0.0209617809524	-0.0409147809524	-0.0256160809524	0.0123839190476	-0.0214938809524	-0.0580055809524	-0.0121808809524	0.0797960190476	-0.00954558095238	0.0127349190476	0.0638786190476	-0.0656757809524	-0.0622291809524
G12	0.00323216190476	0.00354126190476	-0.0158154380952	-0.0170611380952	-0.00643263809524	-0.0141374380952	-0.00886993809524	-0.00736683809524	0.0225358619048	0.0302143619048	-0.0473604380952	0.0224165619048	0.0317365619048	0.0691524619048	-0.0488960380952	-0.0447558380952	-0.00397883809524	0.0142125619048	-0.0459516380952	0.139532861905	-0.0759484380952
G13	0.00910341904762	-0.00845598095238	-0.0997131809524	-0.108746380952	-0.0462701809524	0.137527419048	0.0155051190476	0.119683919048	0.0167279190476	-0.138008680952	0.0671478190476	-0.0631085809524	0.102319919048	0.0912404190476	-0.00963598095238	-0.0685918809524	0.00309101904762	0.0488050190476	0.0876879190476	-0.0384800809524	-0.117828980952
G14	-0.0406801857143	-0.00198048571429	0.00723681428571	-0.0320058857143	0.0401099142857	-0.00512948571429	-0.0558848857143	0.0692794142857	-0.0591618857143	-0.00346868571429	0.0113816142857	-0.0113306857143	0.00351561428571	0.00471651428571	0.0195752142857	-0.0517821857143	-0.00824698571429	0.00193161428571	0.0257811142857	0.107455014286	-0.0213114857143
G15	-0.0294174761905	0.00688422380952	0.0330594238095	0.00549822380952	0.0233795238095	-0.0409550761905	-0.0239399761905	-0.0669348761905	-0.0505374761905	0.0792160238095	0.0139247238095	0.0194854238095	-0.000365676190476	0.0109378238095	0.0381150238095	-0.0446226761905	0.00221422380952	0.00186122380952	-0.00571847619048	-0.00996457619048	0.0378804238095
G16	-0.024800952381	0.055485347619	-0.032863652381	-0.025418552381	-0.027707952381	-0.038932052381	-0.023575652381	-0.034010752381	0.049347547619	0.069704747619	-0.021429852381	-0.00969035238095	-0.030209952381	0.075262447619	0.00385904761905	-0.00313515238095	0.028080847619	0.027588847619	-0.00223385238095	-0.027523452381	-0.00779665238095
G17	0.0037385952381	0.0094451952381	0.0801927952381	-0.0370716047619	0.0295333952381	-0.102540804762	-0.0349716047619	0.0234812952381	-0.0160459047619	0.0944408952381	-0.0725216047619	-0.0251898047619	-0.0075126047619	-0.0396163047619	-0.0589214047619	-0.0175003047619	0.0641363952381	-0.0435468047619	0.0973088952381	-0.0571070047619	0.110268295238
G18	0.0491781619048	-0.0408543380952	-0.0908194380952	-0.0226532380952	0.00952956190476	0.166374961905	-0.125829338095	-0.113999238095	-0.0150974380952	-0.00659903809524	-0.126748038095	-0.0526538380952	-0.0851973380952	0.0251063619048	0.191735161905	-0.0629521380952	0.164984161905	-0.0932709380952	0.0650535619048	0.0914185619048	0.0732938619048
G19	0.0386287809524	0.114461380952	0.00545148095238	0.0106556809524	0.153641480952	-0.135878819048	-0.0938289190476	0.176828580952	-0.162956119048	-0.168208119048	0.0778099809524	-0.103980319048	0.113490580952	0.234296880952	-0.125220219048	-0.0668486190476	0.0321660809524	-0.146082519048	-0.0614435190476	0.0167914809524	0.0902247809524
G20	-0.0985423428571	-0.0612908428571	0.109837557143	0.0264155571429	0.0715837571429	0.0550450571429	-0.0179606428571	-0.0210289428571	-0.00559634285714	0.0137316571429	0.00809985714286	0.0263956571429	-0.0138485428571	-0.0657527428571	0.0814175571429	-0.00566514285714	-0.0514475428571	0.0135378571429	-0.0336673428571	-0.00577794285714	-0.0254861428571
G21	-0.0346963809524	-0.0368214809524	0.229706419048	0.205197019048	-0.119591980952	0.0858496190476	-0.139070380952	-0.112396480952	-0.102815180952	0.0919909190476	-0.0905727809524	0.112218519048	0.115061819048	-0.0936944809524	-0.0943416809524	-0.0650400809524	0.0730379190476	-0.0709119809524	-0.0367965809524	-0.0637375809524	0.147424819048
G22	0.0275974952381	-0.0419605047619	-0.0963432047619	-0.157378004762	0.117648795238	0.156664395238	0.0461364952381	-0.103809704762	0.154418795238	0.100982095238	0.0737216952381	0.116982295238	-0.160779604762	-0.211766504762	0.207820995238	0.0814107952381	-0.119381204762	-0.127579404762	0.0726773952381	-0.170507104762	0.0334439952381
G23	0.0204646428571	-0.0128696571429	0.0413416428571	0.0466872428571	-0.00591625714286	-0.0701855571429	0.0319453428571	-0.0413295571429	-0.0241674571429	-0.0572059571429	-0.00924925714286	-0.0503349571429	0.0714892428571	0.0666546428571	-0.00103835714286	-0.128841557143	-0.0230969571429	0.120517542857	0.0861596428571	-0.0932382571429	0.0322138428571
G24	-0.140267042857	-0.0890217428571	-0.0561821428571	0.111788257143	0.0374378571429	-0.0847903428571	-0.0441923428571	-0.190239642857	0.0833000571429	0.00620635714286	0.205582457143	0.0908090571429	0.0167732571429	0.130122957143	0.0201861571429	-0.139862342857	0.130149857143	-0.000472442857143	-0.0579422428571	-0.0814557428571	0.0520697571429
G25	-0.0381993095238	-0.0621245095238	-0.0468374095238	0.0677966904762	-0.0254239095238	-0.0295402095238	0.0396131904762	-0.0545587095238	0.0947777904762	0.0204659904762	0.00340789047619	-0.0296655095238	0.121698590476	0.0807429904762	0.0763393904762	-0.102360209524	-0.0331197095238	-0.0456300095238	-0.0488824095238	0.0313203904762	-0.0198210095238
G26	-0.123381666667	-0.107713766667	0.0616879333333	-0.00791846666667	-0.0290296666667	0.0767457333333	0.228140333333	-0.0321076666667	0.0550774333333	0.0216303333333	-0.00697896666667	0.0402764333333	-0.0935591666667	0.0180687333333	-0.117542366667	0.0963540333333	-0.00741576666667	-0.0289620666667	-0.0542214666667	-0.0942236666667	0.105073733333
G27	0.140428871429	-0.0328922285714	0.113962571429	-0.128461228571	0.325408071429	0.215541471429	-0.157965328571	-0.197362628571	-0.138603628571	-0.180026628571	0.236387071429	-0.148984028571	-0.0994260285714	-0.197614128571	-0.0575874285714	0.165487871429	0.100527971429	0.0510903714286	0.0641202714286	0.158758871429	-0.232790128571
G28	0.00110007619048	-0.0174310238095	-0.0866077238095	-0.00809822380952	0.0609650761905	0.0108165761905	-0.0616662238095	0.0162083761905	0.0567787761905	0.0334644761905	0.00963157619048	0.10735467619	-0.0243121238095	-0.0156266238095	0.0272745761905	0.0847436761905	-0.0282791238095	-0.0996109238095	0.0149054761905	-0.0132681238095	-0.0683432238095
G29	-0.154420480952	0.0480160190476	0.143822819048	-0.142188180952	0.162358819048	-0.126457280952	-0.143932480952	-0.0462581809524	-0.0648023809524	0.0266553190476	-0.114612280952	0.211728919048	0.000144819047619	0.147791019048	-0.157963980952	0.163532719048	-0.174123680952	0.0959267190476	0.0929091190476	-0.148565280952	0.180437919048
G30	-0.00417129047619	0.00062800952381	0.00122520952381	0.00212690952381	-0.00435249047619	-0.00305879047619	0.0102436095238	-0.00424589047619	-0.00168179047619	-0.00224659047619	-0.00329479047619	-0.00336969047619	0.00906710952381	0.00495390952381	-0.00024659047619	-0.00093249047619	0.00180120952381	-0.00247099047619	0.00297900952381	0.00082360952381	-0.00377719047619
G31	-0.137051366667	0.234957833333	-0.0230156666667	-0.231919766667	0.182218933333	0.131195433333	0.145190033333	0.174754433333	-0.244423666667	0.0587868333333	-0.197925366667	-0.0745923666667	0.302129733333	-0.252908966667	-0.274069366667	0.185849933333	-0.136131966667	-0.0182804666667	0.209336733333	-0.235954166667	0.201853233333
G32	0.0694263190476	0.00942551904762	-0.0202338809524	0.106504319048	0.000780119047619	0.0636185190476	0.0841528190476	-0.0519120809524	-0.0945044809524	0.0897417190476	-0.00104648095238	-0.0367551809524	0.188601019048	-0.0284001809524	0.0239168190476	-0.105003080952	0.0284341190476	-0.103121380952	-0.0982354809524	-0.00677838095238	-0.118610680952
G33	0.0944057	-0.0089351	-0.0703079	-0.0635541	-0.0575627	-0.0064947	-0.0963617	0.0395332	0.0313091	-0.019195	0.121676	-0.0310262	0.0139153	-0.0362706	0.0134108	0.0128203	0.0987122	0.0676642	0.0376234	0.0189108	-0.160273
G34	0.0026446	0.139018	0.0676153	-0.0725787	0.0506153	-0.0538872	-0.1340555	-0.0878608	0.0384069	0.1303366	-0.0967553	0.0744148	0.0138451	-0.0781199	0.0718798	-0.0936225	-0.0821778	0.1047742	0.0596277	-0.0626267	0.0085061
G35	0.124053857143	0.0930980571429	-0.0924524428571	0.100110157143	0.0493022571429	-0.121692742857	0.0691378571429	-0.168076342857	0.0403701571429	-0.105681442857	-0.103081442857	-0.115908242857	-0.133768742857	-0.0839114428571	0.0519356571429	0.0997124571429	0.133062557143	0.0512401571429	0.0277245571429	-0.0449247428571	0.129749857143
G36	0.0861551190476	0.0963319190476	-0.111244280952	0.0136421190476	-0.169371780952	0.116103019048	-0.118189580952	0.0572506190476	-0.149384780952	-0.0461204809524	-0.168620580952	-0.130698880952	0.0950850190476	-0.102609680952	0.145665619048	-0.118565180952	0.162456119048	0.156378419048	0.0977966190476	-0.123604080952	0.211544719048
G37	0.140299	0.0033547	-0.0465336	-0.0615916	-0.0512153	0.038602	0.0486693	-0.0532989	0.036866	-0.023566	-0.0533772	-0.1194383	0.0859265	-0.0360955	0.0724087	0.0523995	0.0064367	0.0438427	-0.0550753	-0.0430973	0.0144839
G38	-0.0216789619048	0.0864236380952	-0.00991756190476	-0.0278952619048	-0.0218148619048	0.0152757380952	0.0151527380952	-0.0148989619048	0.0241121380952	-0.0176855619048	-0.0231026619048	-0.0171099619048	-0.0174461619048	-0.0242062619048	-0.000814261904762	-0.0285642619048	-0.0192543619048	0.0997406380952	0.0375220380952	-0.0292047619048	-0.00463306190476
G39	0.117167847619	0.031375647619	-0.114031752381	0.023857747619	-0.079182452381	0.037366747619	0.071917747619	0.114673347619	0.017314847619	-0.015734352381	-0.015129052381	-0.00637495238095	-0.082802952381	-0.045626452381	0.057857547619	-0.030617752381	-0.044177752381	-0.083053652381	0.017067347619	0.024755747619	0.00337654761905
G40	0.137348528571	-0.00832317142857	0.0385639285714	0.0232411285714	0.0203323285714	0.0825334285714	-0.0428803714286	-0.0742659714286	-0.0440696714286	-0.0661228714286	0.0724250285714	-0.0340911714286	0.0429213285714	-0.0432174714286	0.0446866285714	-0.0602230714286	-0.0784428714286	-0.0499155714286	0.0465594285714	-0.0376547714286	0.0305952285714
G41	-0.118046495238	-0.0700068952381	0.0388245047619	0.0981774047619	0.0848259047619	-0.0102265952381	-0.143709095238	-0.127569195238	0.0166897047619	0.185982404762	0.0617193047619	-0.0688186952381	-0.0702551952381	0.0727194047619	-0.0593577952381	0.0131235047619	-0.0023816952381	0.0561750047619	0.0711422047619	-0.0668410952381	0.0378334047619
G42	-0.0298922238095	-0.0129348238095	-0.0228845238095	-0.00481222380952	-0.0259353238095	0.00453287619048	-0.0182541238095	0.00971447619048	-0.0157250238095	0.0870989761905	-0.00675472380952	-0.00282282380952	0.0273767761905	0.0163844761905	-0.0233091238095	0.0129351761905	0.0169959761905	0.0255554761905	-0.0159165238095	-0.0324634238095	0.0111106761905
G43	0.0687489666667	0.146579266667	-0.207407733333	-0.193920533333	0.296697266667	-0.187552633333	-0.239652233333	0.182511166667	0.262499666667	0.0484183666667	0.141936966667	-0.206024233333	0.209302666667	-0.210828633333	0.166455366667	-0.174560633333	-0.187261133333	-0.158542633333	0.210540866667	0.0973243666667	-0.0652645333333
G44	0.0019320047619	0.0644848047619	0.0014280047619	-0.0021088952381	0.0036016047619	0.0177728047619	-0.0018320952381	-0.0097951952381	-0.0077773952381	0.0102212047619	0.0040099047619	-0.0183134952381	0.0040073047619	-0.0085320952381	-0.0159421952381	-0.0253742952381	0.000569704761905	0.0028906047619	-0.0010077952381	-0.0151016952381	-0.0051327952381
G45	-0.0921249	-0.0103207	0.1418649	0.0408132	0.0232799	-0.0502308	0.0982378	-0.0209164	-0.0413584	-0.0234194	0.1034478	-0.0296365	0.0217077	-0.0958591	-0.0954747	-0.0772796	0.0219977	0.1161986	-0.0804123	0.0979517	-0.0484665
G46	-0.0715236095238	0.00194019047619	0.194375990476	0.0588727904762	0.0691380904762	0.0309950904762	-0.119374309524	-0.103527609524	-0.0171484095238	-0.108758209524	-0.0211655095238	0.0780397904762	0.0114173904762	0.134299990476	0.0205789904762	0.112045390476	-0.0355023095238	-0.113170209524	-0.124373409524	-0.0633918095238	0.0662316904762
G47	0.1272206	0.1281583	-0.1611264	-0.1770619	-0.0033164	-0.0028678	0.1405193	0.1598736	0.1309269	0.1529712	0.106362	-0.1670145	-0.0652035	0.2156796	-0.1798369	-0.1292321	-0.161179	0.0936357	-0.1461585	0.1199682	-0.1823184
G48	0.0232237095238	-0.102958690476	0.0363468095238	0.0178029095238	0.0970588095238	-0.0647152904762	0.00227330952381	-0.0363844904762	-0.0642731904762	0.0506678095238	-0.0578483904762	-0.0246570904762	0.0157227095238	-0.0823101904762	0.00529720952381	0.0606504095238	-0.0685692904762	0.110670609524	0.0263153095238	0.0592395095238	-0.00355249047619
G49	0.157060785714	-0.121312214286	0.0566596857143	0.0879834857143	-0.0535884142857	-0.0551628142857	0.000719985714286	-0.0279851142857	0.0561892857143	-0.0651027142857	-0.121612014286	0.143227585714	-0.0837536142857	-0.157692814286	0.0706948857143	-0.122483514286	0.0342035857143	-0.0300193142857	0.115614485714	0.113097885714	0.00326088571429
G50	-0.0943173380952	-0.0694656380952	-0.129758438095	0.109275961905	0.0744252619048	-0.0923246380952	0.110345161905	-0.0259728380952	0.0119065619048	0.0232607619048	-0.132887738095	0.0998462619048	-0.0763224380952	0.0519169619048	-0.0109654380952	0.101414861905	-0.0731233380952	-0.0445942380952	0.122395061905	-0.0546098380952	0.0995550619048
G51	0.00433333333333	0.218329233333	-0.106787966667	0.144847033333	0.257709733333	0.0813180333333	-0.0925511666667	-0.140546566667	-0.142161466667	0.0183713333333	-0.159377266667	0.0732856333333	0.106535933333	-0.101020866667	-0.103919366667	0.0462334333333	-0.123585666667	-0.0788729666667	-0.0491065666667	-0.0162922666667	0.163258433333
G52	-0.0456506952381	-0.0371402952381	-0.0111509952381	0.102536104762	0.0303672047619	0.107242604762	0.0902258047619	0.0214464047619	-0.0346887952381	0.0671625047619	-0.120250895238	0.0467924047619	-0.149765395238	-0.0172287952381	-0.0120093952381	0.102461304762	-0.0546815952381	-0.108324495238	0.0514078047619	-0.0474467952381	0.0186960047619
G53	0.191855157143	-0.146842642857	-0.227808242857	-0.160832042857	-0.172179142857	0.0720415571429	-0.155868042857	0.262438357143	0.240895657143	-0.189184242857	0.201044157143	0.235932957143	-0.192527442857	0.169180457143	0.205186957143	-0.00156074285714	-0.0829234428571	0.0752015571429	-0.195149442857	0.0670296571429	-0.195931042857
G54	0.198103480952	0.0479524809524	0.0946994809524	-0.133879419048	-0.0514570190476	0.107942680952	-0.108440619048	-0.0994028190476	-0.0349417190476	-0.0939191190476	-0.0502789190476	-0.0748895190476	0.233276680952	0.0818052809524	-0.139543519048	0.199984580952	-0.0462464190476	-0.0466753190476	0.0591931809524	-0.0547452190476	-0.0885382190476
G55	-0.0141275428571	0.230614857143	-0.0137879428571	0.149180057143	0.158119657143	-0.194200942857	-0.268764342857	-0.336681142857	0.154454757143	0.136117057143	0.00244145714286	0.262354557143	0.165863457143	-0.0956225428571	-0.265078242857	-0.249534142857	0.123704457143	-0.227864042857	0.104083357143	-0.0621183428571	0.240845557143
G56	0.0921164714286	0.0417316714286	0.138253071429	0.0305990714286	-0.157396028571	-0.127655528571	-0.319315528571	0.0598062714286	-0.0625114285714	0.00292497142857	0.0823845714286	0.132261971429	-0.0745666285714	0.188418871429	-0.251665228571	-0.00814132857143	0.0823164714286	0.100721571429	0.0979496714286	-0.0854848285714	0.0372518714286
G57	0.089078552381	0.215083152381	-0.224466547619	0.149219952381	0.171532452381	-0.153799347619	-0.125310047619	-0.143418847619	0.085779752381	0.188627752381	0.144089752381	-0.189531547619	-0.216843547619	0.195973152381	-0.034251547619	0.075064352381	-0.088683247619	-0.203904147619	-0.039289347619	0.163588652381	-0.058539347619
G58	0.00056750952381	0.0418756095238	-0.0104944904762	-0.0135921904762	0.00113980952381	-0.0288259904762	-0.0240189904762	-0.00826329047619	0.0185572095238	0.00859580952381	0.0212911095238	-0.0260622904762	0.0216676095238	-0.00127009047619	-0.0169614904762	-0.0223627904762	0.0182524095238	-0.0333900904762	-0.0244481904762	0.0178688095238	0.0598740095238
G59	-0.0044856952381	-0.0034145952381	-0.0154990952381	0.0046329047619	-0.000284095238095	-0.0026760952381	0.0026533047619	0.000614804761905	0.0140655047619	-0.0227052952381	0.0050964047619	0.0164507047619	-0.0147767952381	0.0219953047619	-0.0026963952381	0.0108846047619	-0.0113581952381	0.0174719047619	0.0187424047619	-0.0174444952381	-0.0172670952381
G60	0.0558867428571	-0.110400057143	0.00582124285714	0.0358063428571	-0.138255557143	-0.00709255714286	-0.0357880571429	0.0730803428571	0.0535961428571	0.111620842857	-0.0936192571429	0.0993095428571	0.0864009428571	0.107406742857	-0.147039557143	0.0671481428571	-0.0743395571429	0.0668786428571	-0.0218489571429	-0.0229245571429	-0.111647557143
G61	0.0939731047619	-0.0585940952381	0.0516451047619	-0.0644396952381	-0.0690463952381	-0.0602618952381	0.0295230047619	-0.0310484952381	0.0111548047619	0.0621908047619	0.0438430047619	-0.0480945952381	0.0276907047619	0.0476354047619	0.0698650047619	-0.0381476952381	-0.0689362952381	-0.0757194952381	-0.0310285952381	0.106600004762	0.0011963047619
G62	0.0375779142857	0.0339569142857	-0.00392528571429	0.0225565142857	-0.0221239857143	-0.00162278571429	-0.0337459857143	-0.0489621857143	0.0209083142857	-0.0126757857143	0.0725876142857	0.00492981428571	-0.0398766857143	-0.0328929857143	0.00869061428571	0.0513997142857	-0.0393081857143	-0.00187768571429	0.00503641428571	0.0136394142857	-0.0342716857143
G63	-0.0466444761905	-0.0828556761905	-0.0357164761905	-0.10146467619	0.26986352381	-0.0666039761905	0.19351462381	-0.0806211761905	-0.0752526761905	-0.00892777619048	-0.0305580761905	0.00759522380952	-0.0921913761905	-0.11796257619	0.16727792381	0.26457592381	-0.0474573761905	-0.0200920761905	-0.0312033761905	-0.0894560761905	0.0241806238095
G64	-0.00209002380952	-0.00787952380952	-0.0570925238095	-0.0167954238095	-0.0189099238095	0.11425727619	0.0665423761905	-0.0566669238095	0.0338827761905	0.13728517619	-0.0681916238095	-0.0368402238095	-0.0274792238095	-0.0102260238095	0.00667737619048	-0.0220405238095	-0.00732142380952	0.0320647761905	0.0746500761905	-0.0995156238095	-0.0343108238095
G65	-0.0755438142857	-0.129660514286	-0.0766149142857	-0.0384014142857	-0.0202475142857	-0.135815514286	0.0254278857143	0.0756164857143	-0.0849692142857	0.0704117857143	-0.0208580142857	-0.0347584142857	-0.0943126142857	-0.0622559142857	0.0625654857143	0.123690485714	0.222725785714	-0.0589291142857	0.0133402857143	0.139287785714	0.0993009857143
G66	-0.0376009619048	-0.130194261905	0.00954693809524	0.00879843809524	-0.00293626190476	0.00643353809524	0.0824170380952	-0.0439767619048	0.0504785380952	-0.0665407619048	0.119717638095	0.0267103380952	-0.0280430619048	-0.0891827619048	0.0570446380952	0.122619538095	-0.0692560619048	0.0189509380952	-0.155614261905	0.0958074380952	0.0248201380952
G67	0.000956823809524	0.0138407238095	-0.0190211761905	-0.0165506761905	-0.0297839761905	0.0360748238095	-0.0216546761905	0.0283866238095	0.0603686238095	-0.0283929761905	0.00335662380952	-0.00242987619048	0.00268712380952	-0.0272386761905	0.0132834238095	0.0241773238095	-0.0103562761905	-0.00713727619048	-0.00122517619048	-0.0267734761905	0.00743212380952
G68	0.0137194714286	-0.00864612857143	-0.00127852857143	0.00150437142857	-0.00732432857143	0.0111279714286	-0.0141980285714	-0.00706272857143	-0.0175976285714	0.00338447142857	-0.00555492857143	0.00349477142857	-0.0117018285714	0.00185137142857	-0.0140711285714	0.0239515714286	0.00374057142857	-0.0112295285714	0.0203129714286	0.0320058714286	-0.0164286285714
G69	0.0606225809524	-0.0940216190476	0.197182080952	-0.0236488190476	0.0168760809524	0.122674780952	0.124264580952	0.0377875809524	0.0203756809524	0.0886953809524	-0.0729633190476	-0.0409949190476	-0.104910519048	-0.0787274190476	0.00912228095238	-0.0347866190476	0.0439214809524	-0.0623832190476	-0.133301019048	-0.00938891904762	-0.0663961190476
G70	-0.171019090476	-0.188177290476	0.245650509524	-0.151393390476	0.126469209524	0.163938809524	0.166109109524	-0.205186590476	0.249462409524	-0.134562990476	0.0851006095238	0.161810609524	-0.183479190476	-0.194866890476	-0.168881990476	-0.187861090476	-0.0299158904762	-0.195049490476	0.216538009524	0.233795809524	0.161518809524
G71	0.0396967428571	0.00212714285714	0.100281642857	-0.0594105571429	-0.0193294571429	0.0921018428571	0.0384679428571	-0.0711206571429	0.103698742857	-0.0715405571429	0.0190778428571	-0.00683515714286	0.0563739428571	-0.0181355571429	-0.0622512571429	0.0673686428571	-0.0202375571429	-0.0981337571429	0.0131117428571	-0.0699922571429	-0.0353194571429
G72	-0.050428047619	-0.026488547619	0.010653852381	0.011995952381	0.023856752381	0.012561652381	0.019768652381	0.013992052381	-0.00836994761905	0.018958152381	-0.00436064761905	0.028936652381	-0.032077447619	-0.058841347619	0.012877952381	0.00292155238095	0.073765152381	-0.043735747619	-0.029782347619	0.023580052381	0.000215652380952
G73	0.182423442857	0.127937542857	-0.157720157143	-0.128398157143	-0.141159257143	-0.132532057143	-0.0547763571429	0.119692642857	0.177525442857	0.0961755428571	-0.136627157143	0.193311742857	0.158711142857	0.158344542857	-0.109111257143	0.124668642857	0.0964369428571	-0.140109657143	-0.138493057143	-0.155467957143	-0.140832557143
G74	-0.00900668571429	0.0139595142857	-0.0159540857143	-0.00848418571429	-0.0108019857143	-0.00201558571429	-0.0129479857143	0.00367811428571	-0.00407398571429	0.00591511428571	0.0161252142857	-0.00897528571429	-0.00410298571429	-0.00823318571429	-0.0165832857143	0.00537151428571	-0.00826298571429	-0.000671485714286	0.0259479142857	0.0489936142857	-0.00987728571429
G75	0.019152452381	0.051972252381	0.010965552381	-0.067581947619	0.037572752381	0.063845452381	0.085386552381	-0.046969247619	0.00545075238095	-0.00308504761905	-0.016690847619	-0.00679484761905	-0.023528747619	0.042210552381	-0.057254847619	-0.079043247619	-0.063106047619	-0.022244347619	0.024174452381	0.015972552381	0.029595852381
G76	0.0214362428571	-0.0224935571429	0.0319895428571	-0.00958515714286	-0.0138902571429	-0.0149010571429	0.0120990428571	0.0300748428571	0.00935004285714	-0.0290413571429	-0.0288615571429	-0.0404466571429	-0.0180841571429	0.00951474285714	0.0252330428571	0.0104826428571	-0.00662075714286	0.00123894285714	0.0287992428571	0.0235690428571	-0.0198628571429
G77	0.0514106	0.0742963	-0.0541906	0.0650168	0.0237393	-0.0136663	-0.0534262	0.0035287	0.054217	-0.075795	0.0319462	-0.0444331	-0.0217037	0.0849441	-0.0028504	-0.0363685	-0.0367361	-0.0950828	0.0239567	0.0453545	-0.0241575
G78	-0.0688149714286	0.0388356285714	-0.0533570714286	0.0247981285714	-0.0486899714286	0.0260003285714	0.0380157285714	0.0119927285714	0.00295632857143	0.0104326285714	-0.0412515714286	-0.0477840714286	0.0395824285714	-0.0309620714286	-0.0338447714286	-0.0256155714286	-0.0272377714286	0.0656159285714	0.0504784285714	0.0450848285714	0.0237647285714
G79	0.0615196857143	-0.00616311428571	-0.0120382142857	-0.0173847142857	0.0142651857143	-0.0152880142857	0.00377768571429	-0.0377382142857	-0.0533220142857	-0.000986014285714	0.00964998571429	0.0985970857143	-0.00756991428571	-0.0298292142857	-0.0424146142857	0.0311889857143	0.00334588571429	0.0274033857143	0.00716138571429	0.0196412857143	-0.0538165142857
G80	0.103841404762	-0.0461278952381	-0.0332510952381	-0.0026430952381	-0.116125895238	0.0096299047619	0.0221740047619	-0.106498795238	0.0025144047619	-0.0122437952381	0.0244828047619	-0.149627195238	-0.0158495952381	-0.0812104952381	0.128816104762	-0.0108071952381	0.0783927047619	0.0715611047619	0.0223809047619	0.0851177047619	0.0254740047619
G81	0.00450192380952	-0.0295740761905	-0.0437426761905	0.00587012380952	-0.0106271761905	0.13145272381	-0.00225537619048	-0.00472887619048	-0.0456603761905	0.0319981238095	0.0843134238095	0.0859116238095	-0.0182374761905	-0.0388971761905	-0.0174338761905	-0.0121969761905	-0.11650837619	-0.0285035761905	0.0110022238095	0.0314907238095	-0.0181748761905
G82	0.00756637619048	0.0445694761905	-0.0338194238095	-0.0234707238095	-0.0690145238095	-0.0264999238095	0.0489386761905	0.0197958761905	-0.0401706238095	0.0577705761905	-0.00321092380952	0.0260357761905	0.0341718761905	0.00815057619048	-0.0379341238095	0.0123826761905	-0.0569398238095	0.00794697619048	-0.0335914238095	0.00269257619048	0.0546300761905
G83	-0.00659774285714	-0.0456101428571	0.00120445714286	-0.0663208428571	0.131877257143	0.0335695571429	0.0175735571429	-0.0612557428571	-0.0822051428571	0.0577692571429	0.00449605714286	-0.0827260428571	0.100836957143	-0.0469280428571	-0.0796916428571	0.0940773571429	-0.0187244428571	0.0176891571429	-0.00195744285714	0.00628735714286	0.0266362571429
G84	-0.0322148761905	-0.0230240761905	0.00680312380952	0.0105205238095	0.0125940238095	-0.0417188761905	-0.0226094761905	-0.0397271761905	-0.00871107619048	-0.0383807761905	0.0609889238095	-0.0218370761905	0.0344823238095	-0.0352416761905	-0.0238840761905	0.0259138238095	0.11218322381	0.0312346238095	0.00547922380952	0.0233527238095	-0.0362033761905
G85	-0.188214066667	0.323709933333	0.183230333333	0.292253533333	0.000597333333333	-0.220206266667	0.0625928333333	-0.198236166667	0.324407233333	-0.225115266667	0.326952133333	-0.130621266667	-0.0413465666667	-0.222983966667	0.146910933333	-0.0846044666667	-0.224321766667	-0.225155166667	-0.221221366667	0.0992026333333	0.222169433333
G86	0.152185804762	0.0631941047619	-0.256326895238	0.0301176047619	0.0647706047619	0.0779451047619	-0.0063892952381	0.0676421047619	-0.264194295238	-0.224804695238	-0.179774795238	0.224362804762	-0.0273623952381	0.148948604762	0.102087504762	0.0236997047619	0.142264404762	0.151866904762	-0.0465899952381	-0.0930390952381	-0.150603795238
G87	0.0557561	-0.0414184	0.0027711	-0.0349451	-0.0397423	-0.0382506	0.0274266	-0.0377282	0.1085512	-0.0398532	-0.0410868	-0.0414385	0.002381	-0.0358211	-0.0410463	-0.0132183	0.1945948	-0.0344537	-0.0006698	-0.0353825	0.083574
G88	-0.19383767619	-0.0163068761905	-0.0468492761905	0.15367472381	-0.0401468761905	-0.0504215761905	0.0241256238095	-0.0850884761905	-0.0348955761905	0.0596548238095	-0.00977317619048	0.0790914238095	0.0268600238095	-0.0410937761905	0.0407890238095	0.12054222381	0.0840216238095	-0.0651081761905	0.0629723238095	0.0605858238095	-0.12879617619
G89	0.27958597619	0.32720337619	0.0673873761905	-0.0736337238095	-0.0503456238095	0.19219617619	-0.0901158238095	-0.0736834238095	0.0557054761905	-0.0490644238095	-0.0231711238095	-0.0556199238095	0.00444047619048	-0.0861868238095	-0.0615292238095	-0.0881565238095	-0.0167087238095	-0.0554059238095	-0.0777290238095	-0.0813013238095	-0.0438672238095
G90	-0.076096952381	0.116009547619	-0.015288852381	-0.020088352381	-0.00585585238095	-0.096920052381	-0.112158852381	0.179904447619	0.00407324761905	0.037057147619	0.080738447619	0.029835747619	0.068238547619	0.015262047619	-0.084544352381	0.016577447619	-0.00774725238095	-0.032587752381	0.058310247619	-0.063218952381	-0.091499652381
G91	0.025868947619	-0.154902052381	-0.109255352381	-0.182020252381	-0.098476752381	0.080237447619	-0.00655365238095	0.115574647619	-0.033559852381	-0.038647852381	-0.141525352381	0.035998647619	0.134760547619	0.040289847619	0.138296647619	0.052291147619	0.121839647619	-0.123015752381	0.033221347619	0.135118447619	-0.025540452381
G92	-0.249848342857	-0.301412442857	0.246854757143	0.183277757143	0.332797057143	-0.294627742857	-0.269693842857	0.163192157143	-0.268220842857	-0.122662342857	0.250239257143	-0.236432642857	0.288950357143	-0.253247642857	0.250968557143	0.0570905571429	-0.157285842857	0.174922257143	0.233258657143	-0.236745342857	0.208625657143
G93	0.016506747619	0.026239347619	0.00249364761905	-0.013528452381	-0.00538605238095	0.00518974761905	-0.00187835238095	-0.00466865238095	-0.00462805238095	0.035584547619	-0.013806152381	0.00182094761905	-0.026361152381	-0.021043652381	0.013631847619	-0.00337535238095	-0.00922675238095	0.000272147619048	0.023951447619	-0.031020752381	0.00923294761905
G94	0.0274395952381	-0.0481690047619	-0.0769283047619	0.122152895238	0.0303311952381	0.0807727952381	0.0310830952381	0.0508605952381	-0.0104617047619	-0.0303893047619	0.0416640952381	-0.0974258047619	0.0235573952381	0.0412246952381	-0.0939491047619	-0.0046616047619	-0.0017558047619	-0.0113422047619	-0.0479970047619	0.0017954952381	-0.0278020047619
G95	0.0154771571429	0.000460157142857	0.0466397571429	-0.0108308428571	0.0389982571429	0.00579975714286	-0.0251394428571	0.0137986571429	-0.00812794285714	-0.00736354285714	-0.0344609428571	-0.00604074285714	-0.0159929428571	-0.0362904428571	0.0133177571429	0.00696875714286	0.0172488571429	0.0322615571429	-0.0280140428571	-0.0249076428571	0.00619785714286
G96	-0.0438650047619	-0.0396255047619	0.0320667952381	0.0522816952381	-0.0506938047619	0.0171383952381	0.0327430952381	0.0579604952381	-0.0671850047619	0.0872574952381	-0.0866601047619	0.137002395238	-0.0606966047619	-0.000439504761905	-0.0235639047619	-0.0422366047619	-0.0618656047619	0.0033412952381	0.0039632952381	0.0161347952381	0.0369418952381
G97	-0.0472124714286	-0.0633676714286	0.140205028571	-0.140980771429	-0.0366332714286	-0.0830381714286	0.0711177285714	0.0414070285714	-0.0123831714286	0.0800784285714	0.0188106285714	-0.00120367142857	-0.0321630714286	-0.0144141714286	0.0552890285714	-0.00945417142857	0.0163633285714	-0.0497869714286	0.0220047285714	0.0213007285714	0.0240609285714
G98	-0.142329719048	-0.0523942190476	0.0795675809524	0.100328580952	0.0991636809524	0.249203280952	-0.135257219048	-0.162618919048	-0.126273519048	0.176110480952	0.223630080952	0.0550072809524	-0.110814619048	-0.156925419048	-0.191421919048	0.0840396809524	-0.185671219048	0.0746266809524	0.123812180952	-0.140268519048	0.138485780952
G99	-0.00879265714286	0.0205566428571	0.00304854285714	0.000541042857143	0.0283411428571	-0.0225316571429	0.00882524285714	-0.00786285714286	-0.0177667571429	-0.00717535714286	-0.00598785714286	0.00490534285714	0.0150895428571	-0.00455325714286	0.00506654285714	-0.0137198571429	0.0104349428571	-0.00205375714286	0.0104161428571	-0.00930235714286	-0.00747875714286
G100	-0.019763747619	0.027073352381	0.00832085238095	-0.088213347619	0.040069952381	0.00212585238095	-0.020258047619	0.025192152381	-0.091842147619	-0.035200247619	-0.027896547619	-0.018767747619	0.027522852381	0.060636952381	0.068834152381	-0.051981847619	-0.046373647619	0.022680452381	0.029159052381	0.104554652381	-0.015872947619
