gene	t0_rep5	t1_rep5	t2_rep5	t3_rep5	t4_rep5	t5_rep5	t6_rep5	t7_rep5	t8_rep5	t9_rep5	t10_rep5	t11_rep5	t12_rep5	t13_rep5	t14_rep5	t15_rep5	t16_rep5	t17_rep5	t18_rep5	t19_rep5	t20_rep5
G1	-0.102664804762	0.0436352952381	0.0153176952381	0.0327257952381	0.0207520952381	-0.0047387047619	-0.0199550047619	-0.0776881047619	0.0563006952381	-0.0382821047619	-0.0191347047619	-0.0559389047619	-0.0086183047619	0.0620959952381	-0.0092954047619	0.0444970952381	-0.0476634047619	0.0078733952381	0.0474908952381	0.0365680952381	0.0167223952381
G2	-0.00506945238095	0.063162747619	-0.00846515238095	-0.058862052381	0.040897847619	0.027963347619	-0.062553452381	-0.012095752381	0.048151547619	0.099613547619	-0.022594952381	0.012895547619	-0.048961652381	-0.059057352381	0.026913947619	-0.065401452381	0.00447074761905	0.082017647619	-0.00803585238095	-0.090200552381	0.035210747619
G3	0.0352210619048	-0.0248288380952	0.0238374619048	-0.0670911380952	0.0336476619048	0.0136219619048	-0.0183162380952	0.0695803619048	0.0283041619048	-0.0751368380952	0.00913936190476	0.0442238619048	-0.0255893380952	-0.0163011380952	-0.0337365380952	-0.0660239380952	-0.0193159380952	0.0823598619048	-0.106359238095	0.0298884619048	0.0828749619048
G4	0.0626604428571	0.000321742857143	-0.0251836571429	-0.0503572571429	-0.0871049571429	0.00552964285714	-0.0136044571429	-0.0191395571429	-0.0667800571429	-0.0235680571429	0.0146085428571	-0.0476422571429	0.0900668428571	0.0924329428571	0.0104145428571	-0.00198355714286	0.0285210428571	0.0437985428571	0.0537176428571	-0.0724242571429	0.00571614285714
G5	0.035005652381	-0.028063547619	-0.015753047619	-0.00683424761905	0.029667352381	-0.014525347619	-0.010999047619	0.00568065238095	-0.010137247619	0.032186452381	-0.020875447619	0.045087352381	0.00576425238095	0.00845365238095	0.00562095238095	0.016254952381	-0.000656947619048	-0.015964247619	-0.030932847619	-0.023994647619	-0.00498464761905
G6	0.096647452381	-0.076568647619	0.022120552381	-0.118130047619	0.081771552381	0.064831052381	-0.034926847619	0.040758952381	0.00653975238095	-0.039127947619	-0.144370647619	0.00347185238095	-0.082862247619	0.067628752381	-0.00311454761905	0.020031852381	-0.021851247619	0.058266452381	0.022277052381	-0.059425447619	0.096032352381
G7	0.0401808142857	0.0989003142857	0.159955614286	0.152714814286	0.0706779142857	-0.174294285714	-0.0240706857143	-0.0827456857143	-0.0457428857143	-0.0169452857143	-0.144146185714	0.0398506142857	0.0256800142857	-0.0890098857143	0.00507231428571	0.0140594142857	-0.0196131857143	-0.0572049857143	-0.00548038571429	0.0699674142857	-0.0178057857143
G8	0.0294672190476	-0.150933880952	-0.156981080952	0.111815419048	0.157098519048	-0.110436180952	-0.0869374809524	0.160430519048	0.221577219048	0.159244319048	-0.0639906809524	0.103957619048	-0.0991366809524	-0.00245568095238	-0.0635676809524	-0.163522280952	-0.133040780952	0.0916234190476	-0.0783437809524	0.0140370190476	0.0600949190476
G9	0.278443314286	0.182795014286	-0.281336585714	-0.226226685714	0.122499914286	0.144088814286	0.127335414286	0.343679514286	0.252767614286	-0.266912185714	-0.227314385714	-0.228420385714	0.226062514286	0.289918314286	-0.255433485714	-0.205326685714	-0.284971985714	0.199321214286	-0.270117685714	-0.238615285714	0.317763714286
G10	0.0640281666667	-0.103369233333	-0.0254896333333	-0.0185283333333	-0.106404233333	-0.0511518333333	0.0156856666667	-0.0431712333333	-0.110833933333	0.121991266667	0.189676466667	-0.0739731333333	0.0114594666667	-0.0211994333333	-0.00952603333333	0.131922666667	0.170124566667	-0.0591354333333	0.0647924666667	-0.0870906333333	-0.0598076333333
G11	0.00760429047619	0.0895981904762	0.176009190476	-0.0883738095238	-0.0675553095238	0.101892590476	-0.0362843095238	-0.0874116095238	0.105624890476	0.139034290476	-0.103000509524	0.0579069904762	-0.139941809524	-0.0488960095238	-0.0984193095238	-0.162464709524	0.0387867904762	0.145665690476	-0.0627397095238	0.123716790476	-0.0907526095238
G12	-0.143988338095	0.0731381619048	0.183012761905	0.0334755619048	-0.0712046380952	0.0511853619048	0.117150361905	-0.0792139380952	0.180301161905	-0.169769938095	-0.0169750380952	-0.0747769380952	-0.145425838095	-0.171607638095	-0.0420174380952	-0.116165338095	0.107913861905	0.0640190619048	0.118215361905	0.171502361905	-0.0687689380952
G13	0.120595904762	-0.0522346952381	0.0510653047619	-0.0127704952381	-0.0129775952381	0.107152204762	-0.0593781952381	0.0969717047619	-0.0665207952381	0.0305517047619	0.0325824047619	0.0585638047619	-0.0118574952381	-0.0491560952381	0.0350182047619	-0.0933030952381	-0.119734495238	-0.0711226952381	-0.0626489952381	-0.0170830952381	0.0962865047619
G14	0.0470088666667	-0.00707093333333	0.0512890666667	0.0118325666667	0.0391948666667	-0.00293083333333	-0.0886183333333	-0.0207783333333	0.0121702666667	0.125999466667	-0.0202613333333	-0.00798843333333	-0.0420195333333	-0.0574534333333	-0.0437794333333	-0.0130712333333	-0.0427105333333	-0.0276441333333	0.114419666667	0.0427247666667	-0.0703130333333
G15	-0.0759135095238	-0.0810617095238	0.0702934904762	-0.0857629095238	-0.110909209524	0.0202786904762	0.192702190476	-0.0396838095238	-0.123823309524	-0.0869477095238	0.101293990476	0.100745890476	-0.0767882095238	0.00078189047619	0.107051190476	0.0908317904762	-0.0830829095238	-0.112201609524	0.0172375904762	-0.0219112095238	0.196869390476
G16	-0.10194697619	0.0785607238095	0.0409119238095	-0.0686811761905	-0.0487033761905	-0.0896767761905	0.0588283238095	-0.0999420761905	0.0127675238095	-0.0793206761905	0.23823992381	0.12427342381	0.0642555238095	-0.10819127619	0.0695831238095	0.0428038238095	0.0620668238095	-0.0739321761905	-0.0747033761905	-0.0717330761905	0.0245398238095
G17	-0.0944419952381	0.185991504762	0.0350417047619	0.0117760047619	0.0082349047619	0.216546804762	0.0286731047619	0.0417299047619	-0.100734295238	-0.128932395238	-0.0990474952381	-0.0660069952381	0.0650058047619	-0.0186514952381	-0.0268113952381	0.0488696047619	0.0338547047619	-0.0675315952381	-0.0497119952381	0.0582151047619	-0.0820694952381
G18	0.00866328095238	0.0535303809524	0.0214638809524	0.0713831809524	0.0646421809524	-0.0117160190476	-0.0441650190476	0.0453322809524	-0.00652791904762	0.0105442809524	-0.0142090190476	-0.0178901190476	0.00634648095238	-0.0115521190476	0.0119940809524	-0.0435582190476	-0.0281164190476	-0.0325508190476	-0.0515843190476	-0.0151938190476	-0.0168362190476
G19	0.132490609524	-0.0708852904762	0.0877173095238	-0.0430797904762	0.114075509524	0.0480785095238	-0.0703710904762	0.128481209524	0.0854018095238	-0.00254199047619	0.0499300095238	0.0165603095238	-0.0827455904762	-0.0921650904762	0.0451803095238	-0.111087690476	-0.0994160904762	0.203851909524	-0.0874270904762	-0.148720590476	-0.103327190476
G20	-0.0464289666667	-0.110438466667	-0.100787066667	0.191713033333	-0.169167866667	0.0842138333333	0.183141033333	0.109053633333	0.00876773333333	0.0855305333333	-0.0726082666667	0.0591373333333	-0.0348049666667	0.0235008333333	0.0752562333333	-0.0720506666667	0.121132533333	-0.127114066667	-0.121481966667	0.0984311333333	-0.184995566667
G21	0.10297412381	0.10457842381	-0.00811577619048	-0.00927647619048	-0.0981407761905	-0.0675644761905	-0.13768627619	-0.000748976190476	-0.0398915761905	-0.0485619761905	0.0829066238095	0.11510702381	-0.00480307619048	0.0130996238095	0.17364772381	-0.0563371761905	0.00482682380952	-0.0956083761905	-0.0225917761905	0.12751522381	-0.13532887619
G22	0.2191903	-0.1524726	-0.0652315	0.0932966	-0.054924	-0.1016451	-0.1293712	0.198887	0.076712	0.0491296	0.0655938	0.0338013	0.0610384	-0.0956258	0.1254442	-0.1496656	-0.1513631	0.0349449	0.0280472	-0.1466733	0.0608869
G23	-0.182457866667	0.250730133333	0.182169633333	0.212827133333	-0.194493966667	0.0684998333333	-0.169599266667	0.102518033333	-0.212738866667	0.163115933333	-0.207227266667	0.266565933333	-0.173650666667	0.155062633333	-0.109315466667	-0.194788266667	0.204839133333	0.126592833333	0.140791033333	-0.204326766667	-0.225113866667
G24	-0.174329142857	-0.0151484428571	0.215584657143	-0.0640655428571	0.0872105571429	0.102411457143	-0.0413584428571	-0.120129542857	-0.145722542857	0.125659957143	0.119585357143	0.206895257143	-0.105107742857	-0.00734914285714	0.00602495714286	-0.0343932428571	-0.0590028428571	0.00473905714286	0.191493457143	-0.119053542857	-0.173944542857
G25	0.0823344285714	0.0268017285714	0.112020428571	0.0360691285714	-0.0513679714286	0.157087928571	-0.0629180714286	0.00780842857143	-0.0950210714286	0.128067828571	0.0557817285714	-0.102265471429	-0.0624467714286	0.0708880285714	-0.0371315714286	-0.0801985714286	-0.133826571429	0.0426598285714	-0.000720871428571	-0.0607417714286	-0.0328807714286
G26	-0.0869516380952	0.0754926619048	0.0392590619048	0.0265104619048	-0.0570380380952	-0.00716783809524	0.0684637619048	-0.0363323380952	0.122394361905	0.0220652619048	-0.0837949380952	-0.140690338095	-0.0138262380952	-0.0724561380952	-0.0445860380952	0.0577229619048	0.0501599619048	-0.0550280380952	-0.103819638095	0.158449161905	0.0811735619048
G27	-0.135029633333	-0.0340272333333	-0.173917833333	0.0900974666667	-0.0640871333333	-0.000943533333333	0.186501466667	-0.118200433333	0.141592066667	-0.115372733333	0.120445566667	-0.0804385333333	0.0610908666667	0.241834466667	-0.0689380333333	0.107365066667	-0.167430733333	0.208551266667	-0.107059633333	-0.235868233333	0.143835466667
G28	0.0176332714286	-0.0200911285714	0.0117968714286	-0.0317993285714	-0.0134000285714	0.180991071429	-0.0151520285714	-0.0419770285714	-0.0544397285714	-0.107765128571	-0.00720162857143	0.0932982714286	-0.0511932285714	-0.0219943285714	-0.0162207285714	0.0530478714286	0.00420367142857	0.101127371429	-0.0392958285714	-0.0802777285714	0.0387094714286
G29	0.204185333333	0.180878033333	-0.154241866667	0.00606763333333	-0.109225766667	-0.0619384666667	-0.134382166667	-0.133653166667	0.181746233333	0.100710233333	0.137589633333	0.148914333333	0.112179833333	-0.000179366666667	0.111607733333	0.108911533333	-0.108339066667	-0.118253266667	-0.122161866667	-0.182240066667	-0.168175466667
G30	-0.00350325238095	-0.00384795238095	0.00355904761905	-0.00166915238095	0.011661947619	0.00259884761905	-0.00513335238095	-0.00431975238095	-0.00266055238095	0.000829247619048	0.000937547619048	0.000390147619048	-0.00418125238095	-0.00346535238095	0.000586747619048	0.000382847619048	0.015325447619	0.00134564761905	-0.00235945238095	-0.00171615238095	-0.00476125238095
G31	-0.17623917619	0.0620448238095	0.13111662381	0.0338595238095	-0.0671207761905	-0.0259152761905	-0.0529573761905	0.0553577238095	0.0926240238095	-0.000834576190476	-0.0809671761905	0.0599064238095	0.0876181238095	-0.00541077619048	-0.0870390761905	-0.0955189761905	-0.00437497619048	-0.12696767619	0.17830272381	0.10162442381	-0.0791085761905
G32	0.068896047619	0.056836447619	-0.074036152381	0.00353884761905	-0.093527252381	-0.00263705238095	-0.034546952381	0.092974147619	0.061989247619	0.070727947619	-0.064193452381	-0.051768552381	-0.00211715238095	0.016125947619	0.052669447619	0.081318047619	0.023767847619	-0.071725552381	-0.000445252380952	-0.072373952381	-0.061472652381
G33	0.151002790476	-0.0733751095238	-0.0649902095238	-0.0846634095238	0.0545564904762	0.0149168904762	-0.00884380952381	-0.0480166095238	-0.00355210952381	0.0761771904762	-0.00013400952381	-0.0179583095238	0.0569772904762	-0.00386780952381	0.0699299904762	-0.0867243095238	-0.0472741095238	-0.0225545095238	-0.0557024095238	0.0532502904762	0.0408457904762
G34	-0.177744195238	-0.0229899952381	0.143579404762	-0.157603295238	0.204411004762	0.0199773047619	0.158249804762	-0.143370795238	-0.161784095238	0.0404010047619	0.152790904762	-0.0967850952381	0.243365204762	-0.148521595238	-0.180373295238	0.0579259047619	-0.0847839952381	0.0640353047619	0.126669404762	0.204146004762	-0.241594895238
G35	-0.103603633333	0.191784266667	0.153836166667	0.0839913666667	-0.155145733333	-0.0734704333333	0.127746366667	-0.128600533333	-0.167639033333	0.124211066667	0.0781595666667	0.0788740666667	-0.0134259333333	-0.185109133333	0.166759766667	-0.0235752333333	0.105302566667	-0.104471033333	-0.0466181333333	-0.114745433333	0.00573906666667
G36	0.0423090190476	0.0587795190476	0.0941134190476	0.0526442190476	-0.152209880952	0.0850499190476	-0.000103380952381	-0.0800660809524	0.0674629190476	-0.144158280952	-0.0630558809524	0.0740699190476	-0.0921362809524	0.128214819048	-0.0390142809524	-0.191315480952	-0.00916438095238	0.0613267190476	-0.116682480952	0.0246389190476	0.199297019048
G37	-0.033343	0.0037483	0.0436269	-0.016804	-0.0125212	-0.0079178	-0.146336	0.0620257	-0.0232078	-0.049043	0.1517263	0.0215065	0.0493488	0.0395785	-0.0745892	-0.0422996	0.0004496	0.0529136	-0.0569748	0.0654209	-0.0273087
G38	-0.00560050952381	-0.00343560952381	-0.00356330952381	0.00017909047619	-0.00439200952381	0.00992949047619	0.0449038904762	-0.0143527095238	-0.00710750952381	0.00187179047619	0.0190543904762	-0.00436260952381	-0.0147022095238	0.00210739047619	0.0122113904762	-0.0122239095238	-0.00591990952381	-0.00903550952381	-0.00470280952381	-0.00253970952381	0.00168089047619
G39	-0.00378573809524	-0.0711844380952	0.0207957619048	-0.109032038095	-0.0365787380952	0.0677297619048	-0.0718102380952	-0.0831377380952	-0.0389141380952	0.0310351619048	0.0646817619048	0.173472561905	0.0551708619048	-0.0866229380952	0.0531129619048	0.0409196619048	-0.0531193380952	-0.0183490380952	-0.00802353809524	0.0714692619048	0.00217016190476
G40	0.0043192047619	-0.000611595238095	-0.0393228952381	0.0040668047619	0.0385519047619	0.0033137047619	-0.0371114952381	0.0025398047619	0.0116593047619	0.0355281047619	0.0088665047619	0.0618377047619	0.0498236047619	0.0050325047619	0.0255483047619	-0.105714795238	-0.0041748952381	-0.0578852952381	0.0086553047619	0.0230707047619	-0.0379924952381
G41	-0.237768061905	-0.268856961905	0.221992738095	-0.272316461905	0.204885838095	0.111284338095	0.272423438095	-0.252803461905	0.388956338095	0.285675038095	-0.266254361905	0.253116238095	-0.263454261905	0.133522538095	0.105605538095	-0.266111461905	0.225139738095	-0.247503361905	-0.264108061905	0.360243538095	-0.223668861905
G42	-0.0477501285714	-0.000261928571429	0.0553168714286	0.0641247714286	-0.0636966285714	0.0888396714286	-0.0502070285714	0.106501771429	-0.0657461285714	-0.0615976285714	0.0771437714286	-0.0127119285714	-0.0753857285714	-0.0656891285714	0.0619206714286	-0.0555884285714	0.0573236714286	-0.00213892857143	-0.0292083285714	0.0251927714286	-0.00638202857143
G43	0.00621717142857	-0.0380420285714	-0.0228031285714	0.0407082714286	-0.0683823285714	-0.0955408285714	0.100345671429	0.0320549714286	0.0224916714286	0.0445695714286	-0.0794043285714	0.0659901714286	-0.0522359285714	0.0527004714286	0.0813398714286	-0.00786482857143	0.0362195714286	-0.156394928571	0.0275936714286	-0.0295443285714	0.0399815714286
G44	-0.0238153285714	0.0110306714286	-0.00656782857143	-0.00392632857143	0.00722027142857	0.00742777142857	0.0267216714286	-0.0145291285714	0.00446047142857	0.000944071428571	0.0220688714286	-0.0113435285714	0.0407345714286	-0.00262072857143	0.00321387142857	-0.00375102857143	-0.00859462857143	-0.0125187285714	-0.0124307285714	-0.0246337285714	0.000909471428571
G45	0.0908761095238	-0.0144906904762	-0.0876719904762	-0.0894984904762	-0.0335854904762	0.104670109524	0.109956209524	-0.120831790476	-0.0918068904762	-0.0805974904762	0.148158709524	0.0854046095238	-0.0326306904762	0.131212709524	0.0390774095238	0.0856091095238	-0.0892730904762	-0.0787157904762	-0.0941634904762	0.105681609524	-0.0873806904762
G46	0.00765546666667	0.0881411666667	-0.0982220333333	-0.135847433333	-0.0393013333333	0.0254576666667	-0.0203534333333	-0.0911235333333	-0.0723141333333	0.0616262666667	-0.0111742333333	0.0661474666667	0.00314676666667	0.0596359666667	-0.0440451333333	0.0763684666667	0.112905266667	0.124635366667	-0.0760987333333	0.0105799666667	-0.0478198333333
G47	-0.0912426	-0.1000437	0.1890397	0.2215635	-0.1537988	-0.1573458	-0.1788029	-0.1704453	-0.1281334	0.0902469	-0.1649365	0.0513855	-0.1822247	0.2329203	0.1515387	0.1568334	0.1442055	-0.1401562	0.1182513	0.0006235	0.1105216
G48	0.168632414286	-0.106848985714	0.119739814286	-0.0937105857143	-0.107554985714	-0.111252285714	0.121648914286	0.0653479142857	0.173826914286	-0.114295885714	0.0615864142857	-0.000213085714286	-0.0992587857143	-0.0996729857143	0.0596446142857	-0.111088185714	0.128274414286	0.0404119142857	-0.0437322857143	0.0520308142857	-0.103516085714
G49	0.0797930047619	-0.0551723952381	0.0621489047619	-0.0658413952381	-0.0816816952381	0.0688936047619	0.0450651047619	-0.125638095238	-0.0872881952381	-0.164191395238	0.144789004762	-0.0341245952381	0.144643604762	0.0638318047619	-0.0171924952381	0.131176104762	0.0582874047619	-0.0846260952381	-0.0630293952381	0.0177940047619	-0.0376367952381
G50	0.0207531095238	0.182700209524	-0.00190139047619	0.265758609524	0.0276609095238	-0.0662660904762	0.00960820952381	-0.234411190476	-0.206142790476	0.223315309524	0.0623187095238	-0.0265337904762	-0.205159290476	0.155787709524	-0.0325662904762	0.104916809524	-0.134286790476	-0.175715190476	0.0727983095238	0.170127909524	-0.212762990476
G51	0.115310895238	-0.0070970047619	-0.0607643047619	0.000290895238095	-0.0994898047619	0.0130922952381	-0.0174565047619	-0.124730404762	-0.0139396047619	0.0372783952381	0.124230795238	-0.103789304762	-0.0733913047619	0.0439694952381	0.111737995238	0.201697795238	0.0958742952381	-0.121427404762	0.122135995238	-0.159040104762	-0.0844931047619
G52	-0.0848388190476	-0.100228819048	-0.0269782190476	0.130061180952	0.0283372809524	-0.103079419048	-0.00153171904762	0.0616210809524	0.0563735809524	-0.119045019048	-0.0362243190476	0.0610720809524	-0.0471965190476	0.0691136809524	0.0137552809524	-0.0326687190476	0.0244292809524	-0.128728819048	-0.0559600190476	0.232652580952	0.0590643809524
G53	-0.015454647619	-0.072891047619	0.035518252381	-0.00384954761905	0.00255435238095	-0.039936447619	-0.039818747619	-0.088673247619	-0.026854847619	-0.030304147619	-0.052917447619	0.027770752381	0.024784452381	0.040619652381	-0.014068147619	0.061241552381	-0.00935474761905	0.067455052381	0.025274752381	0.114767152381	-0.00586294761905
G54	0.0017038047619	0.0723775047619	0.0470149047619	-0.0330622952381	0.108009804762	0.0774641047619	0.0146855047619	-0.0109523952381	-0.0524315952381	0.000302004761905	-0.0170374952381	0.0110500047619	-0.0145022952381	-0.0403242952381	0.0364689047619	0.0613066047619	-0.0202682952381	-0.0780443952381	-0.0556374952381	-0.0805950952381	-0.0275274952381
G55	-0.232637780952	0.141967419048	0.0520838190476	0.144245219048	-0.104746280952	0.0708333190476	0.267904719048	0.131780319048	-0.167686380952	0.242279719048	0.162594719048	-0.142936680952	-0.283183280952	0.116410019048	-0.193244480952	-0.313371580952	0.161963919048	-0.181971080952	0.172093019048	-0.238122080952	0.193743419048
G56	0.0348780857143	-0.000961414285714	-0.0485242142857	0.0714713857143	-0.00383081428571	-0.0243106142857	0.0665293857143	-0.115998014286	-0.0480459142857	-0.0454752142857	-0.0591907142857	-0.0940047142857	0.108942485714	0.0319526857143	0.0300567857143	0.117653785714	0.0550158857143	-0.0251020142857	-0.0863796142857	0.0310943857143	0.00422838571429
G57	-0.0917012190476	0.0270303809524	0.0883755809524	-0.151118519048	0.0994369809524	0.0530065809524	-0.152386819048	-0.127663119048	0.142840180952	-0.0853914190476	0.288331180952	-0.111293519048	-0.128019219048	-0.154801119048	0.0619509809524	0.179539980952	0.0329092809524	0.0560158809524	-0.194072819048	0.127863780952	0.0391469809524
G58	-0.057211452381	-0.045659652381	-0.036498352381	0.064913147619	0.024277347619	0.094419547619	0.035482347619	0.077700947619	-0.054899352381	0.039145747619	-0.035825152381	-0.00405615238095	-0.022143652381	-0.031767552381	-0.066812552381	-0.048817652381	-0.032253452381	-0.045132352381	0.062680947619	-0.020068152381	0.102525447619
G59	0.0113349809524	0.00938248095238	-0.0287508190476	0.0135247809524	0.0363839809524	-0.0287113190476	-0.0281695190476	-0.0231583190476	-0.0285698190476	0.0780166809524	0.0312610809524	0.0251911809524	0.00427108095238	-0.0249168190476	-0.0287750190476	-0.0279842190476	0.0148535809524	0.0359812809524	-0.0286437190476	-0.0282351190476	0.0157135809524
G60	-0.0565948619048	-0.0553115619048	0.0323919380952	0.0441309380952	-0.0788721619048	-0.00861316190476	0.0386443380952	0.0503357380952	0.0354353380952	0.173718638095	-0.0360579619048	-0.00628816190476	-0.0924518619048	-0.0118614619048	0.0403562380952	0.00412483809524	-0.0999072619048	-0.0517357619048	0.0396596380952	0.0566563380952	-0.0177597619048
G61	-0.083312552381	0.132779447619	-0.044754852381	-0.067929752381	0.00574374761905	0.042757847619	0.078026047619	0.017325547619	0.075829547619	-0.074535952381	-0.062717252381	0.00736694761905	-0.031690252381	0.089987147619	0.087764247619	0.00918674761905	-0.012847952381	0.073950147619	-0.073715852381	-0.081157952381	-0.088055052381
G62	-0.0195022047619	-0.0323557047619	0.0434094952381	-0.0461780047619	-0.0178275047619	-0.0152215047619	-0.0109863047619	-0.0289983047619	-0.0213238047619	0.0193826952381	0.0514737952381	-0.0403599047619	-0.0158493047619	-0.0220633047619	0.0090452952381	0.0297223952381	0.0090828952381	0.0509202952381	0.0284448952381	-0.0113502047619	0.0405342952381
G63	0.0394688285714	0.0184467285714	0.0169292285714	-0.0127994714286	0.0158150285714	0.0172357285714	-0.00594767142857	-0.0688964714286	0.0120793285714	0.000957828571429	0.0135250285714	-0.0167097714286	-0.0290331714286	0.0226024285714	-0.0111849714286	-0.0336158714286	0.0185664285714	-0.0171275714286	-0.0392289714286	0.0331779285714	0.0257394285714
G64	-0.032658352381	0.00354374761905	0.016276347619	-0.047132752381	-0.150646752381	-0.055081452381	0.123580147619	0.040533447619	-0.058412352381	-0.075420752381	0.040978547619	0.111538947619	0.016687547619	0.150303847619	-0.085668252381	-0.073507152381	0.164732847619	-0.029391552381	-0.060643452381	0.046849647619	-0.046462252381
G65	0.113476014286	-0.0701838857143	0.00254891428571	-0.117621385714	0.00546101428571	0.0861798142857	-0.0619270857143	0.0271562142857	-0.0591626857143	0.0380490142857	-0.0171084857143	-0.0432077857143	0.141620414286	0.0373790142857	0.0648196142857	0.0878221142857	0.0594119142857	-0.0554597857143	-0.0706982857143	-0.0457236857143	-0.122830985714
G66	0.0450667809524	-0.000205319047619	0.0252687809524	-0.0410681190476	-0.0191344190476	-0.0238664190476	-0.0312686190476	-0.0306083190476	0.0430614809524	0.145785980952	-0.0182494190476	-0.0923743190476	0.0819775809524	-0.0303122190476	0.0318789809524	-0.0451473190476	0.0577448809524	0.0362586809524	-0.0407364190476	-0.0799875190476	-0.0140847190476
G67	0.0236820238095	-0.0119044761905	-0.00887827619048	0.00992022380952	-0.00978387619048	0.0184410238095	-0.0113565761905	-0.0111938761905	-0.0292881761905	0.00104472380952	0.0169864238095	-0.00840147619048	-0.00755637619048	0.00145522380952	0.000973523809524	-0.0214488761905	0.0219137238095	0.00263062380952	0.0145574238095	0.00436532380952	0.00384172380952
G68	-0.0302589285714	-0.00147582857143	0.0425997714286	-0.0292121285714	0.0291271714286	0.0164211714286	-0.0282255285714	-0.00659262857143	-0.0296496285714	0.0915274714286	0.0184611714286	0.0177529714286	0.0468066714286	-0.0111030285714	-0.0304159285714	0.0151220714286	-0.0307590285714	-0.0302530285714	0.0121308714286	-0.0310470285714	-0.0309566285714
G69	-0.0147999095238	0.00810899047619	0.0969542904762	-0.00800000952381	-0.0271252095238	0.0361700904762	-0.0162705095238	0.00046649047619	-0.0894634095238	-0.0255684095238	0.0317184904762	0.0169199904762	-0.0366551095238	0.0934796904762	-0.0510391095238	-0.0418844095238	0.0478486904762	0.0336308904762	0.0316677904762	-0.0576096095238	-0.0285497095238
G70	-0.0160783142857	-0.0271484142857	0.00442468571429	0.0369240857143	-0.0138168142857	0.0180039857143	0.0564149857143	0.0237479857143	-0.0118918142857	0.00614768571429	-0.0160645142857	-0.0213404142857	0.0110132857143	0.00567008571429	0.0203403857143	-0.0122348142857	-0.0123547142857	-0.00439201428571	-0.0193903142857	-0.0206304142857	-0.00734461428571
G71	-0.0458585333333	-0.0883845333333	-0.0684715333333	-0.0626092333333	0.0339674666667	-0.0412738333333	-0.0396982333333	-0.0585213333333	0.0247896666667	-0.0949827333333	-0.0291765333333	0.0950179666667	-0.0462635333333	-0.00441763333333	0.0180182666667	0.129916966667	0.139975366667	-0.00967923333333	0.0207356666667	0.0701902666667	0.0567252666667
G72	0.0146213285714	0.00509272857143	-0.0302582714286	0.0256916285714	-0.0485249714286	-0.0756122714286	-0.0176185714286	0.0692284285714	0.0699012285714	0.0314335285714	-0.00651587142857	-0.0941182714286	0.0380852285714	0.0147860285714	-0.0523460714286	-0.0221540714286	-0.00720277142857	-0.00879267142857	0.00628602857143	0.0673538285714	0.0206638285714
G73	-0.0499119761905	0.00633802380952	-0.0532406761905	-0.000934876190476	0.0598973238095	-0.0547767761905	0.0160889238095	-0.0358271761905	0.0785986238095	-0.0363554761905	-0.0375358761905	0.15416982381	-0.00583387619048	0.00687942380952	0.00602222380952	-0.0144263761905	-0.0179316761905	-0.0382843761905	-0.00617707619048	-0.0147892761905	0.0380311238095
G74	-0.00455140952381	0.0184790904762	-0.0118294095238	-0.00513500952381	-0.00339980952381	-0.0116975095238	-0.0192083095238	0.0106323904762	0.0411829904762	0.0140256904762	-0.00401140952381	0.0173971904762	-0.00997650952381	-0.0238175095238	0.0210086904762	0.0193658904762	-0.0141405095238	-0.0120412095238	0.00216739047619	-0.0244492095238	-1.50952380952e-06
G75	-0.0252675142857	0.0444471857143	0.0349689857143	-0.0408891142857	-0.0121661142857	-0.0211506142857	-0.0982457142857	0.0465368857143	-0.0105649142857	0.0435913857143	-0.0592621142857	0.0493815857143	0.0853635857143	0.0399203857143	-0.0394512142857	0.00302908571429	-0.0117807142857	-0.0366289142857	0.0916245857143	-0.0523259142857	-0.0311308142857
G76	-0.187003966667	0.214164633333	0.262253133333	0.0630600333333	-0.187736366667	-0.221501466667	-0.220997766667	-0.214945266667	0.208035333333	-0.210358066667	0.219060633333	0.250699533333	-0.206059666667	0.231460633333	0.375172133333	-0.224859666667	0.249594333333	-0.240735266667	-0.227972366667	0.244072233333	-0.175402766667
G77	0.0618211666667	0.144706866667	0.0117106666667	0.149052866667	0.107025966667	-0.0845443333333	-0.0271223333333	0.132281766667	-0.0339077333333	-0.0124985333333	-0.0479832333333	-0.0684436333333	0.0441976666667	-0.0785852333333	-0.132313733333	-0.0487211333333	0.00399046666667	0.0349837666667	-0.0149311333333	-0.0406837333333	-0.100036433333
G78	-0.0624643809524	0.0134115190476	0.102408719048	0.00334911904762	-0.0471335809524	0.00615561904762	0.0265036190476	-0.0154561809524	0.00197801904762	-0.0452567809524	0.000346419047619	-0.0313230809524	0.0478418190476	-0.0513830809524	0.0362879190476	0.0535779190476	-0.0771274809524	-0.0271833809524	0.00977051904762	0.0834889190476	-0.0277921809524
G79	0.00566145714286	-0.0228586428571	-0.0147501428571	-0.0440879428571	-0.0282955428571	-0.0258141428571	-0.0108348428571	0.0162446571429	0.0547203571429	-0.0216085428571	-0.0253120428571	0.0143030571429	0.00758925714286	0.0100636571429	0.0579938571429	0.0366368571429	0.000450357142857	0.0396616571429	0.0291120571429	-0.0515956428571	-0.0272797428571
G80	-0.155102895238	0.116607804762	-0.0110423952381	-0.0756611952381	0.151494404762	-0.0731509952381	0.115636104762	0.152423204762	-0.142097395238	-0.0313167952381	-0.103950695238	0.139196804762	-0.0392127952381	-0.0980616952381	0.225648904762	-0.0575604952381	-0.0742618952381	0.0034569047619	0.192186804762	-0.114175295238	-0.121056395238
G81	-0.0198562047619	-0.0335146047619	-0.0457701047619	0.0491726952381	0.0145712952381	-0.0282239047619	0.0094247952381	-0.0384185047619	-0.0073221047619	-0.0410383047619	0.107433295238	-0.0401936047619	0.0406166952381	0.131441995238	-0.0270544047619	0.110463795238	-0.0499624047619	-0.0318746047619	-0.0094710047619	-0.0492536047619	-0.0411712047619
G82	-0.0417244238095	0.00577147619048	-0.0354046238095	0.0493768761905	-0.0204394238095	-0.0116225238095	-0.0400330238095	-0.0991512238095	-0.0572969238095	-0.0292547238095	0.0831084761905	0.0443056761905	-0.0420741238095	0.0140926761905	0.0413244761905	0.0259323761905	0.0527693761905	-0.0336546238095	0.00652227619048	0.0671716761905	0.0202802761905
G83	-0.0262409809524	-0.00109698095238	0.0850465190476	0.0190750190476	-0.00850778095238	-0.0493231809524	0.0440516190476	-0.0211277809524	0.0277332190476	-0.120131980952	0.0819805190476	-0.0718183809524	0.0172301190476	0.0487696190476	-0.0159153809524	0.0680765190476	-0.0138119809524	-0.0161691809524	-0.0695859809524	0.0260248190476	-0.00425838095238
G84	0.0160036380952	0.0203902380952	-0.0222149619048	-0.0210749619048	-0.0138616619048	0.000442838095238	-0.00838086190476	0.0212450380952	-0.00981356190476	-0.00862166190476	-0.00294436190476	0.0210477380952	-0.00423496190476	-0.00565766190476	-0.00383306190476	0.0193063380952	-0.000349161904762	0.0220177380952	-0.00908586190476	-0.00469686190476	-0.00568396190476
G85	-0.048389952381	-0.116497152381	-0.121258452381	-0.065840452381	-0.019940652381	-0.00287385238095	0.093812147619	-0.054109452381	0.109710647619	0.011890647619	-0.017683752381	-0.144458052381	0.201765347619	-0.078049052381	0.00424264761905	0.057518147619	0.061875147619	0.00661834761905	0.184105947619	-0.118314552381	0.055876347619
G86	0.0767604380952	0.0963683380952	0.0352547380952	0.216969538095	-0.128343561905	-0.197799461905	-0.0938753619048	-0.0397816619048	-0.128267061905	-0.145662561905	-0.0653026619048	0.177766938095	-0.151006761905	-0.128972461905	0.0204517380952	-0.0187240619048	0.227631338095	-0.156035961905	0.212945938095	0.0644726380952	0.125149938095
G87	-0.00270416666667	0.00760583333333	-0.00588766666667	-0.00381556666667	-0.00707586666667	0.00563893333333	-0.00786316666667	-0.00835056666667	0.0396825333333	-0.00903596666667	-0.00901246666667	-0.00908276666667	0.0353622333333	-0.00727356666667	-0.00899786666667	-0.00573006666667	0.000232433333333	-0.00902196666667	-0.00334976666667	0.0116734333333	-0.00299396666667
G88	0.061949147619	0.00646304761905	-0.127260252381	0.014936347619	0.042817547619	-0.068689252381	-0.111303052381	0.024839347619	0.088378347619	-0.126832152381	-0.016909952381	-0.101669052381	0.070012947619	-0.060925252381	-0.023557652381	0.167702047619	-0.094978652381	0.100522947619	0.140246447619	0.030106047619	-0.015848952381
G89	0.00971128095238	-0.00394391904762	-0.0223193190476	-0.000546919047619	0.0125489809524	-0.0145200190476	-0.0161287190476	0.0191652809524	0.00881788095238	-0.0114956190476	-0.0192367190476	0.000675680952381	0.0359658809524	-0.0189630190476	0.0258904809524	-0.000436219047619	0.00378178095238	-0.00646501904762	0.0178653809524	-0.00172801904762	-0.0186391190476
G90	0.0849693952381	0.0993947952381	-0.0344669047619	0.0012488952381	0.0390265952381	-0.111752304762	-0.0889003047619	0.0023807952381	0.0487727952381	0.0254789952381	-0.0377026047619	-0.0377669047619	0.0262146952381	0.0547114952381	-0.0636787047619	0.140613395238	-0.0296697047619	-0.0167845047619	-0.0460060047619	-0.0314126047619	-0.0246713047619
G91	-0.0200273333333	-0.0375591333333	-0.0307949333333	-0.0155328333333	0.0138424666667	-0.0373255333333	0.0237899666667	-0.0596657333333	0.000838066666667	0.0590833666667	0.0205758666667	0.0400151666667	-0.0413169333333	-0.0105653333333	0.0293954666667	0.0987684666667	-0.0601975333333	-0.0144721333333	0.0197695666667	0.0144463666667	0.00693266666667
G92	-0.0363471333333	0.0294355666667	0.102977466667	-0.0702087333333	-0.0828252333333	-0.0803492333333	0.0755427666667	-0.0855914333333	-0.0146662333333	0.0934028666667	0.107521366667	-0.0194922333333	0.0293106666667	-0.0738953333333	-0.131643133333	-0.0389345333333	0.0251340666667	-0.00845963333333	0.100094666667	0.0286874666667	0.0503059666667
G93	0.000426957142857	-0.0263208428571	0.00385165714286	-0.00282634285714	0.0133461571429	-4.61428571429e-05	-0.0154967428571	0.00121485714286	-0.00452624285714	-0.0112938428571	-0.00370454285714	0.0144469571429	0.00490715714286	0.0532708571429	0.0157542571429	-0.0259440428571	-0.00842794285714	0.00326545714286	-0.00587404285714	-0.00865784285714	0.00263425714286
G94	0.0375327333333	0.0403827333333	-0.0120736666667	0.113408633333	-0.114000366667	0.0437257333333	-0.00181716666667	0.100465433333	-0.105280366667	-0.00997396666667	0.0613589333333	-0.0606751666667	0.0194649333333	-0.0695540666667	-0.0470582666667	-0.130973166667	0.0263935333333	0.0683488333333	0.0221554333333	0.0583007333333	-0.0401314666667
G95	0.052799547619	-0.042911152381	-0.043311552381	0.059232447619	-0.041584852381	0.00361554761905	0.018465647619	-0.000301252380952	-0.040850252381	0.00401464761905	-0.022573952381	0.027476447619	0.032042547619	-0.039082052381	-0.042491852381	0.069625847619	-0.041215952381	0.030389647619	0.023495047619	0.025520147619	-0.032354652381
G96	0.0163320285714	0.0487921285714	-0.0209150714286	-0.0363358714286	-0.0909834714286	0.0712128285714	0.0360101285714	-0.0242154714286	-0.0458701714286	0.00884642857143	-0.0496479714286	0.0769993285714	0.0468498285714	0.00115782857143	0.0182548285714	-0.0805926714286	0.139202328571	0.0241727285714	-0.0436358714286	0.00144912857143	-0.0970829714286
G97	0.0169013	0.1130983	-0.0097327	0.1409104	-0.10025	0.1210456	-0.070408	-0.0337217	0.0400888	0.0978692	-0.0386142	-0.0346387	0.0068229	-0.1040082	0.0480158	-0.0231665	-0.002186	0.0087485	-0.0288422	-0.0942582	-0.0536744
G98	-0.0320012380952	0.00321696190476	0.0361778619048	0.0435270619048	0.0714812619048	-0.0257184380952	-0.0433730380952	-0.0566345380952	-0.126614138095	0.0754914619048	-0.0772840380952	-0.0221829380952	0.0438681619048	0.0848284619048	0.110883661905	0.0201250619048	-0.0637675380952	-0.0635203380952	0.0433722619048	-0.0324575380952	0.0105815619048
G99	0.0317273857143	-0.00303311428571	6.06857142857e-05	-0.0134412142857	-0.0220762142857	-0.00142071428571	0.0228957857143	-0.00714631428571	0.000122785714286	-0.00252901428571	-0.0121742142857	0.0302729857143	-0.0162748142857	0.0154881857143	0.00917698571429	-0.00220701428571	-0.0157890142857	0.0114312857143	-0.00629741428571	-0.0130516142857	-0.00573541428571
G100	0.0507133714286	0.0708382714286	0.0250844714286	0.0579404714286	-0.0206076285714	-0.0533336285714	-0.0813456285714	-0.0327530285714	-0.0980805285714	0.103173471429	0.0198199714286	-0.0430829285714	-0.0288728285714	0.0422269714286	-0.0526965285714	-0.116294428571	0.0648468714286	-0.000570828571429	0.0229620714286	0.0296757714286	0.0403562714286
