row	hyper	r2	mse	sse	n	df	DW:Lag1	dual_gap	time
0	(0.001, 0.30000000000000004)	0.8855830495352075	0.0014553236541739304	0.2765114942930468	190	67	1.884253885491536	0.00022066918157798154	0.01
1	(0.001, 0.30000000000000004)	0.6816773554568518	0.0008362291834635669	0.1588835448580777	190	55	1.90701106267903	2.8589034771431262e-05	0.01
2	(0.001, 0.30000000000000004)	0.7106217023786263	0.0012358862090797614	0.23481837972515465	190	64	2.168477986144132	2.171785927729264e-05	0.015
3	(0.001, 0.30000000000000004)	0.8179777448151828	0.001872721321990803	0.3558170511782526	190	77	1.9646710206575049	0.00010739381159241557	0.013999999999999999
4	(0.001, 0.30000000000000004)	0.8372592270618786	0.0013795540814434378	0.2621152754742532	190	71	1.7262507620752612	0.00010540832667832456	0.009000000000000001
5	(0.001, 0.30000000000000004)	0.2354364373958511	0.0003791722052479237	0.0720427189971055	190	21	1.8542067014064292	5.356885943025302e-07	0.008
6	(0.001, 0.30000000000000004)	0.7222871478090835	0.001959137593930527	0.3722361428468001	190	80	1.877070903718369	0.00010981458344966331	0.008
7	(0.001, 0.30000000000000004)	0.7911943579988429	0.0013126626101900409	0.2494058959361077	190	76	2.1302342457252155	5.846955146873722e-05	0.006999999999999999
8	(0.001, 0.30000000000000004)	0.8942516683627516	0.0005217136692171858	0.0991255971512653	190	36	2.175506193828737	5.615581162995986e-05	0.006
9	(0.001, 0.30000000000000004)	0.90769399498994	0.0016462416705553616	0.3127859174055187	190	72	2.024237734528703	0.00021316386388231523	0.011000000000000001
10	(0.001, 0.30000000000000004)	0.3215714317845667	0.000197324147767382	0.03749158807580258	190	14	1.9702516783898265	1.5853818482111646e-06	0.005
11	(0.001, 0.30000000000000004)	0.7482392514808089	0.0013987267998337505	0.2657580919684125	190	61	2.123718497646142	8.371689422864703e-05	0.006
12	(0.001, 0.30000000000000004)	0.11932144701604586	0.00017399715516091443	0.03305945948057375	190	7	2.1476333909371763	8.864701139810194e-09	0.004
13	(0.001, 0.30000000000000004)	0.6511789485764738	0.0006686719029860407	0.12704766156734776	190	39	2.174314835447833	3.239576529667776e-05	0.005
14	(0.001, 0.30000000000000004)	0.7119088750117162	0.0004329609615033049	0.08226258268562793	190	25	1.8342880845555087	7.337833371590108e-06	0.004
15	(0.001, 0.30000000000000004)	0.9239316831204248	0.0011887527139970851	0.22586301565944614	190	79	2.0632402321816183	0.00016909142646115427	0.006999999999999999
16	(0.001, 0.30000000000000004)	0.7913003165926368	0.0015037988246243794	0.2857217766786321	190	68	1.7974482150133453	0.00011235987914315348	0.006
17	(0.001, 0.30000000000000004)	0.8342760955233177	0.0017417813388943828	0.33093845438993275	190	67	1.884114807429297	0.00011158332023958327	0.005
18	(0.001, 0.30000000000000004)	0.9088295022601534	0.00042055746593009665	0.07990591852671836	190	36	1.8728407247663728	5.087832738343012e-05	0.004
19	(0.001, 0.30000000000000004)	0.865114207732228	0.00034353755882142944	0.0652721361760716	190	31	2.0693717626076653	3.153702540920067e-05	0.004
20	(0.001, 0.30000000000000004)	0.9361419670269244	0.0010876730280251538	0.2066578753247792	190	54	2.105163136815061	0.00023968876173291465	0.005
21	(0.001, 0.30000000000000004)	0.7598680291530487	0.0013008603873345698	0.24716347359356836	190	61	2.1782076507303127	9.626036083476563e-05	0.005
22	(0.001, 0.30000000000000004)	0.9014811325299412	0.0014732308395850686	0.27991385952116304	190	65	2.010550529442175	0.0001894706229531584	0.005
23	(0.001, 0.30000000000000004)	0.9348613764529384	0.0013864587768700972	0.2634271676053185	190	74	1.8997302504217035	0.00028183713464541293	0.006999999999999999
24	(0.001, 0.30000000000000004)	0.7418912219897804	0.0010556705942732006	0.2005774129119081	190	48	1.6151987408656152	6.68465701765264e-05	0.005
25	(0.001, 0.30000000000000004)	0.8729136558338103	0.0019863831135506203	0.3774127915746178	190	78	1.9505387437255728	0.00022867728861830638	0.006
26	(0.001, 0.30000000000000004)	0.7973767857742591	0.00157129084830984	0.2985452611788696	190	67	1.815089453259176	0.0001109460761176129	0.008
27	(0.001, 0.30000000000000004)	0.8378513894577345	0.0014319478617265055	0.2720700937280361	190	63	2.0854446122904218	6.717945756956611e-05	0.005
28	(0.001, 0.30000000000000004)	0.8992988694689656	0.0019122293227790375	0.3633235713280172	190	75	1.847735119435208	0.00026627932098299834	0.006
29	(0.001, 0.30000000000000004)	0.7561256434877321	0.0020837614226407357	0.3959146703017399	190	78	1.9874089611769128	0.00015160534854091742	0.006999999999999999
30	(0.001, 0.30000000000000004)	0.8585175656578559	0.0011654932161296798	0.2214437110646392	190	55	1.9389833133850003	0.00012593203925015395	0.006
31	(0.001, 0.30000000000000004)	0.26078655662443306	0.00018435479487423768	0.035027411026105154	190	8	2.250343225159064	1.0163520199057974e-08	0.006
32	(0.001, 0.30000000000000004)	0.6231088890031107	0.0008309096220865957	0.1578728281964532	190	51	1.9298825945082811	1.6959735181398816e-05	0.006
33	(0.001, 0.30000000000000004)	0.8328985098171743	0.001109343747364093	0.21077531199917765	190	53	1.9389219900577668	5.385068174870722e-05	0.006999999999999999
34	(0.001, 0.30000000000000004)	0.7463084707760086	0.0015638944246363074	0.29713994068089844	190	65	2.1704556379337303	7.345263307406702e-05	0.008
35	(0.001, 0.30000000000000004)	0.9471008201069446	0.002520604061348363	0.47891477165618895	190	86	1.7517737820379424	0.0005045912813192999	0.012
36	(0.001, 0.30000000000000004)	0.9437679899432672	0.0028468861982447052	0.5409083776664939	190	82	2.06301358593524	0.000928019918069567	0.022000000000000002
37	(0.001, 0.30000000000000004)	0.6780174521894634	0.0005580019480831397	0.10602037013579653	190	37	2.1416116601029467	1.66665236343011e-05	0.004
38	(0.001, 0.30000000000000004)	0.9226180011695037	0.0008775267356297201	0.16673007976964682	190	50	2.2030937055993904	8.842793893856782e-05	0.006
39	(0.001, 0.30000000000000004)	0.7807980083631876	0.0011532560681002011	0.2191186529390382	190	64	1.9618810767109185	9.728849555817876e-05	0.005
40	(0.001, 0.30000000000000004)	0.8829311347128191	0.0009728950495515011	0.1848500594147852	190	41	2.005972591052961	9.671531014660006e-05	0.006
41	(0.001, 0.30000000000000004)	0.865097371326119	0.0017713749372222614	0.33656123807222965	190	73	1.9547933907278447	0.00017987498972243943	0.008
42	(0.001, 0.30000000000000004)	0.901820471089183	0.002527820776556697	0.4802859475457724	190	77	1.8441035555487637	0.00037983382347711586	0.01
43	(0.001, 0.30000000000000004)	0.9136213971350372	0.0012543493163986099	0.2383263701157359	190	73	2.310950618472658	0.00017008197037152173	0.01
44	(0.001, 0.30000000000000004)	0.8109911935433748	0.0012947844773406535	0.24600905069472415	190	63	1.664031119656652	7.399586408962655e-05	0.017
45	(0.001, 0.30000000000000004)	0.9087036938052188	0.002575291075409034	0.4893053043277165	190	83	2.1638069189747258	0.0003511036307968229	0.006999999999999999
46	(0.001, 0.30000000000000004)	0.8265267429217706	0.003149640130817281	0.5984316248552835	190	86	1.9418273173867484	0.000334776705739781	0.018000000000000002
47	(0.001, 0.30000000000000004)	0.8815130100693466	0.0019625413515833782	0.37288285680084177	190	73	2.090598928290121	0.00030691898660345496	0.009000000000000001
48	(0.001, 0.30000000000000004)	0.8822591757589747	0.0016810372256384494	0.3193970728713054	190	63	1.9888370493962897	0.0002071710561916129	0.006
49	(0.001, 0.30000000000000004)	0.8564907323506992	0.0011289338280605053	0.214497427331496	190	48	2.028364174229829	0.00013814836486816806	0.004
50	(0.001, 0.30000000000000004)	0.8816995611307217	0.002209232908506694	0.4197542526162719	190	74	1.7874196490450474	0.00025967451278202663	0.006999999999999999
51	(0.001, 0.30000000000000004)	0.8477144916259483	0.0019622955173418046	0.3728361482949428	190	90	2.0770790694535006	0.00023767893597226308	0.01
52	(0.001, 0.30000000000000004)	0.8618504496803712	0.0015325750705078806	0.2911892633964973	190	71	2.019454909208895	0.0001468810113712249	0.008
53	(0.001, 0.30000000000000004)	0.7363211138582932	0.0009165647013148695	0.1741472932498252	190	52	1.7065656776569107	2.515682267834052e-05	0.005
54	(0.001, 0.30000000000000004)	0.7143470005128473	0.0012565815116757154	0.2387504872183859	190	62	2.0161597970213383	6.877911042849072e-05	0.006
55	(0.001, 0.30000000000000004)	0.9147299332812472	0.0016066401722608105	0.305261632729554	190	76	1.9563674463553709	0.00030080155650114015	0.006
56	(0.001, 0.30000000000000004)	0.8388095241386492	0.001903458020565164	0.3616570239073812	190	63	2.2224802340165497	0.00014766484330169805	0.009000000000000001
57	(0.001, 0.30000000000000004)	0.8136763685091439	0.00143707979487675	0.2730451610265825	190	60	2.171296982118932	0.00014592168009502915	0.011000000000000001
58	(0.001, 0.30000000000000004)	0.8492809210686459	0.0007599680445674783	0.14439392846782084	190	47	1.9122507595428464	8.813098157023358e-05	0.006999999999999999
59	(0.001, 0.30000000000000004)	0.7744683323377599	0.0015148956827634964	0.2878301797250644	190	62	2.2188307608432245	0.00012136909156718056	0.005
60	(0.001, 0.30000000000000004)	0.8430723030157758	0.0008154466452109223	0.15493486259007522	190	62	1.9106374823465893	4.599621811657295e-05	0.005
61	(0.001, 0.30000000000000004)	0.8599943724264241	0.0020145921795912507	0.3827725141223376	190	77	1.9076861884740797	0.00016711318650441953	0.006999999999999999
62	(0.001, 0.30000000000000004)	0.8946941037907536	0.00184446424344066	0.3504482062537254	190	74	1.9916236122683209	0.00027782556018463017	0.006
63	(0.001, 0.30000000000000004)	0.8794680417606436	0.0013514040739726295	0.25676677405479964	190	79	1.9855317475202443	0.00017925187497241923	0.01
64	(0.001, 0.30000000000000004)	0.828984333100587	0.001140274591419698	0.2166521723697426	190	64	1.765224542589884	0.00011320314069604431	0.008
65	(0.001, 0.30000000000000004)	0.7877053494106592	0.0013489004163921164	0.2562910791145021	190	60	1.9689205672714265	8.280377053704324e-05	0.006
66	(0.001, 0.30000000000000004)	0.6846283225664398	0.0015363654957534756	0.29190944419316034	190	69	1.6992404530112175	8.435188328403953e-05	0.006
67	(0.001, 0.30000000000000004)	0.7736514576313414	0.0016430185867910738	0.31217353149030397	190	71	1.9774887781772723	0.00013700095473767604	0.008
68	(0.001, 0.30000000000000004)	0.889805225720826	0.0015086640199660324	0.2866461637935461	190	69	1.9915972562825432	0.00013800298495586505	0.009000000000000001
69	(0.001, 0.30000000000000004)	0.8081087979898223	0.0006285935131714017	0.11943276750256634	190	24	2.1385759074914654	3.49292664748313e-05	0.005
70	(0.001, 0.30000000000000004)	0.902168232051457	0.0019267570490672245	0.3660838393227728	190	78	1.8977624742952104	0.00019718167123933258	0.009000000000000001
71	(0.001, 0.30000000000000004)	0.9373583886371646	0.0018984903458524969	0.3607131657119744	190	74	2.082609766296613	0.000331002940005376	0.006
72	(0.001, 0.30000000000000004)	0.8769505508062729	0.0016965359270048506	0.3223418261309216	190	71	2.1092233187667357	0.00016126867040688886	0.006999999999999999
73	(0.001, 0.30000000000000004)	0.9417202984476069	0.0019059680845341532	0.3621339360614891	190	79	1.884140765125598	0.0005798954847919813	0.019
74	(0.001, 0.30000000000000004)	0.8261656694612329	0.001624564725913072	0.3086672979234837	190	71	1.9298817529334589	8.339311934818516e-05	0.006
75	(0.001, 0.30000000000000004)	0.9513918076011428	0.0018614230620384296	0.35367038178730165	190	91	1.8806555616924685	0.0007149472191692041	0.012
76	(0.001, 0.30000000000000004)	0.943915089201646	0.0014904806395428039	0.28319132151313275	190	67	2.185591762008839	0.000352216240160963	0.011000000000000001
77	(0.001, 0.30000000000000004)	0.7262669540428298	0.0008642414072924145	0.16420586738555876	190	46	1.806592967689872	4.2267420724134703e-05	0.013000000000000001
78	(0.001, 0.30000000000000004)	0.9092848893096616	0.0011707286305933568	0.2224384398127378	190	70	2.1279450130847017	0.00020615099593646047	0.006999999999999999
79	(0.001, 0.30000000000000004)	0.8632383011796352	0.0008551276567808282	0.16247425478835734	190	54	2.0412459011493618	0.00010146169305011445	0.006
80	(0.001, 0.30000000000000004)	0.8058267576255649	0.001263987818062665	0.24015768543190635	190	60	2.0285532929976746	0.00010268204198612961	0.005
81	(0.001, 0.30000000000000004)	0.6940781938869434	0.0006920042205767827	0.13148080190958872	190	50	1.9378809514252555	3.2021433353457425e-05	0.006999999999999999
82	(0.001, 0.30000000000000004)	0.8766028711731755	0.001968859047976641	0.37408321911556186	190	72	1.792174664923335	0.00027364628943726815	0.008
83	(0.001, 0.30000000000000004)	0.7571220121602193	0.0008602698431205706	0.16345127019290842	190	42	2.091735426403972	5.4421634056472934e-05	0.006999999999999999
84	(0.001, 0.30000000000000004)	0.8069284470711398	0.0014147295982987293	0.2687986236767585	190	70	2.1354435054432166	8.977002356991282e-05	0.006999999999999999
85	(0.001, 0.30000000000000004)	0.7635769113273371	0.000847894804805025	0.16110001291295475	190	52	1.934468264238029	5.882565841264231e-05	0.008
86	(0.001, 0.30000000000000004)	0.8408633716358942	0.0007432706818047533	0.14122142954290312	190	53	1.8652511069933642	8.662208082962919e-05	0.016
87	(0.001, 0.30000000000000004)	0.8720257481764863	0.0009568690452136883	0.1818051185906008	190	45	2.217648039225635	9.052104349099864e-05	0.006
88	(0.001, 0.30000000000000004)	0.9540792602177623	0.0016062392553476234	0.3051854585160485	190	75	2.1282725926292994	0.0006630418238751101	0.013999999999999999
89	(0.001, 0.30000000000000004)	0.9015581404251212	0.0017003213695551606	0.3230610602154805	190	70	1.850221947166586	0.00024194544537436968	0.009000000000000001
90	(0.001, 0.30000000000000004)	0.8499454722270696	0.001978963723801529	0.3760031075222905	190	82	2.0611592930998017	0.000208757203607024	0.011000000000000001
91	(0.001, 0.30000000000000004)	0.7245653500838758	0.0011618520586824878	0.2207518911496727	190	64	2.1215564082127827	6.027513211293022e-05	0.006999999999999999
92	(0.001, 0.30000000000000004)	0.905145560067962	0.0014557941833647932	0.2766008948393107	190	71	1.9905131886525955	0.00015389517156727542	0.009000000000000001
93	(0.001, 0.30000000000000004)	0.8531590423140205	0.0014109149699757988	0.26807384429540176	190	65	2.316900447125108	0.00018131269211357767	0.005
94	(0.001, 0.30000000000000004)	0.8304016019662476	0.0015377411979100055	0.2921708276029011	190	65	2.200056209076311	0.00012088958733230681	0.006
95	(0.001, 0.30000000000000004)	0.704585164042125	0.0013724778305605975	0.2607707878065136	190	68	1.9990462081846	6.305208338497348e-05	0.006
96	(0.001, 0.30000000000000004)	0.5099799313810427	0.0008686663132290028	0.1650465995135105	190	44	1.958923897796836	9.438744741518956e-06	0.005
97	(0.001, 0.30000000000000004)	0.8675103823365669	0.0019444818969681173	0.3694515604239422	190	75	2.2897450292822907	0.00011556050237987449	0.009000000000000001
98	(0.001, 0.30000000000000004)	0.8521009762008874	0.0018574026742959647	0.35290650811623336	190	72	1.9242867536818653	0.00014915465895287694	0.013999999999999999
99	(0.001, 0.30000000000000004)	0.8184151861885068	0.001626087823536714	0.3089566864719757	190	82	1.9803507637501925	0.0001492484504816982	0.012
