row	hyper	r2	mse	sse	n	df	DW:Lag1	dual_gap	time
0	(0.001, 0.30000000000000004)	0.8955547595022534	0.0013284887286786095	0.2524128584489358	190	50	2.1890766142541147	0.00015694226992468696	0.019
1	(0.001, 0.30000000000000004)	0.6177790330425466	0.0010040891924613354	0.19077694656765373	190	27	1.9209709311400656	2.4527197009377444e-05	0.009000000000000001
2	(0.001, 0.30000000000000004)	0.4256427686481185	0.0024529834723189523	0.4660668597406009	190	35	1.9590596588242133	7.345144029663464e-05	0.01
3	(0.001, 0.30000000000000004)	0.8036820521910364	0.002019801404932764	0.3837622669372252	190	55	2.144778286075453	0.00018482656518070684	0.015
4	(0.001, 0.30000000000000004)	0.7275833325456667	0.0023092770094114037	0.43876263178816666	190	47	1.8366517625009608	0.00011712196185220679	0.013999999999999999
5	(0.001, 0.30000000000000004)	0.3675299451976832	0.00031366269223692174	0.05959591152501512	190	22	1.819887342387136	1.7117654089252032e-06	0.01
6	(0.001, 0.30000000000000004)	0.5745320967642832	0.0030014821340240173	0.5702816054645632	190	51	1.9909488310854768	9.526574525586805e-05	0.016
7	(0.001, 0.30000000000000004)	0.7138152956354272	0.001799108287627512	0.3418305746492273	190	44	2.047313286269784	0.00011908635977470049	0.013000000000000001
8	(0.001, 0.30000000000000004)	0.8790510625897969	0.0005967064723125178	0.11337422973937834	190	29	2.0587384120095047	8.403245642234214e-05	0.008
9	(0.001, 0.30000000000000004)	0.8880934845851164	0.0019958091444056067	0.3792037374370653	190	51	2.1433794322062805	0.00027295288411666174	0.018000000000000002
10	(0.001, 0.30000000000000004)	0.4311826560905202	0.00016544320637541598	0.031434209211329035	190	15	2.031709479661543	9.476041084241491e-07	0.009000000000000001
11	(0.001, 0.30000000000000004)	0.6986483978113842	0.0016742425681258461	0.3181060879439108	190	47	2.2334306945751528	5.3230392194181235e-05	0.017
12	(0.001, 0.30000000000000004)	0.050153736688020256	0.00018766273698449037	0.035655920027053166	190	2	2.172404877893808	2.1102566834935166e-07	0.015
13	(0.001, 0.30000000000000004)	0.6569073865834655	0.000657690783791426	0.12496124892037094	190	27	2.1444104267340407	9.318564129029427e-06	0.015
14	(0.001, 0.30000000000000004)	0.8174847189606493	0.00027429512648491643	0.05211607403213411	190	26	1.7798387098099318	1.2417259282547501e-05	0.015
15	(0.001, 0.30000000000000004)	0.8899965207374587	0.00171907227459084	0.3266237321722596	190	48	2.1465004337118443	0.0002667457042279109	0.008
16	(0.001, 0.30000000000000004)	0.7346127346830464	0.0019122647966596427	0.363330311365332	190	50	1.863976154012133	0.00011488950462545945	0.013999999999999999
17	(0.001, 0.30000000000000004)	0.8254070784608256	0.00183499594461204	0.3486492294762876	190	48	1.8331185260374296	0.00011798368867360633	0.013000000000000001
18	(0.001, 0.30000000000000004)	0.91342652742846	0.00039935199592030666	0.07587687922485828	190	25	1.9634086129335109	7.088592884164914e-05	0.01
19	(0.001, 0.30000000000000004)	0.8998353714562776	0.0002551070160291986	0.04847033304554775	190	20	2.1316738278190037	4.5204302852021316e-05	0.009000000000000001
20	(0.001, 0.30000000000000004)	0.896379912965338	0.0017649271138173114	0.3353361516252891	190	36	1.8461298418106695	0.00020977854248027672	0.012
21	(0.001, 0.30000000000000004)	0.8014372447410816	0.0010756686075798123	0.2043770354401644	190	23	2.418804262602432	2.106155889497474e-05	0.012
22	(0.001, 0.30000000000000004)	0.905981139250212	0.0014059386665334652	0.2671283466413584	190	37	1.8658741124560416	0.00025880822976692697	0.015
23	(0.001, 0.30000000000000004)	0.9177647953925009	0.0017503550886886743	0.3325674668508481	190	47	2.208524105247432	0.0003735013204329008	0.013999999999999999
24	(0.001, 0.30000000000000004)	0.7233885708747578	0.0011313468453825381	0.21495590062268224	190	31	1.865703214986832	4.361512582581884e-05	0.013999999999999999
25	(0.001, 0.30000000000000004)	0.8131399287201647	0.0029206575468230227	0.5549249338963742	190	57	1.9059634749315852	0.00028805287963729054	0.012
26	(0.001, 0.30000000000000004)	0.7601466639780589	0.001860000855617573	0.3534001625673389	190	52	2.157602168065822	0.00014265151891329486	0.015
27	(0.001, 0.30000000000000004)	0.7929347929592387	0.0018286100600454255	0.3474359114086308	190	45	2.058926157715858	0.00014674283014654008	0.011000000000000001
28	(0.001, 0.30000000000000004)	0.9361161398770116	0.0012131004879021186	0.2304890927014025	190	34	2.0507699351941606	0.00023696727397801157	0.016
29	(0.001, 0.30000000000000004)	0.7450228880279429	0.0021786278688017482	0.4139392950723321	190	53	1.9999480551739013	0.00015839966506275838	0.012
30	(0.001, 0.30000000000000004)	0.8624469646726691	0.0011331239123604472	0.2152935433484849	190	43	1.9502089321853164	0.00010383964750135256	0.012
31	(0.001, 0.30000000000000004)	0.3593792854766221	0.000159766440229824	0.030355623643666563	190	14	2.1740565766661657	2.891606445565298e-06	0.013000000000000001
32	(0.001, 0.30000000000000004)	0.5878617561868875	0.0009086168986803539	0.17263721074926724	190	35	1.98545995089746	2.0072807200705034e-05	0.01
33	(0.001, 0.30000000000000004)	0.8732474297926491	0.0008414776616773986	0.15988075571870575	190	36	1.994533178675423	0.00011223115167283138	0.013999999999999999
34	(0.001, 0.30000000000000004)	0.5781551409739514	0.0026004842381230644	0.4940920052433822	190	54	1.9774042253180173	9.663339020571372e-05	0.018000000000000002
35	(0.001, 0.30000000000000004)	0.9279615095492112	0.003432577063968844	0.6521896421540803	190	85	1.986940487651051	0.0008976068719424023	0.026000000000000002
36	(0.001, 0.30000000000000004)	0.9439022921389472	0.002840086813572345	0.5396164945787456	190	61	2.1980745654676648	0.0007167130084272387	0.013999999999999999
37	(0.001, 0.30000000000000004)	0.7087051821568946	0.0005048195218289313	0.09591570914749696	190	26	1.9377693318136235	1.0690440800043e-05	0.008
38	(0.001, 0.30000000000000004)	0.9016814195752788	0.0011149515938563696	0.21184080283271026	190	40	2.152186584287647	0.00014732985002807733	0.009000000000000001
39	(0.001, 0.30000000000000004)	0.5207312025413775	0.002521508334814873	0.4790865836148258	190	48	2.039691171654125	5.526562204194452e-05	0.009000000000000001
40	(0.001, 0.30000000000000004)	0.87416538307295	0.0010457423976069065	0.19869105554531225	190	31	2.1285760229375383	0.0001170301981043842	0.009000000000000001
41	(0.001, 0.30000000000000004)	0.8186558097893899	0.0023811882444966423	0.45242576645436205	190	54	1.8463382184930248	0.00021158313363800477	0.024
42	(0.001, 0.30000000000000004)	0.8859420261864105	0.0029366418757198307	0.5579619563867679	190	61	1.9216076224357947	0.00038879973810845847	0.011000000000000001
43	(0.001, 0.30000000000000004)	0.9037157703017252	0.0013981941556846693	0.26565688958008715	190	39	1.9737237941217056	0.00017661330855800458	0.01
44	(0.001, 0.30000000000000004)	0.7640575248680161	0.0016162985210762255	0.3070967190044829	190	56	1.7944416030821018	9.191588118506733e-05	0.015
45	(0.001, 0.30000000000000004)	0.8585147710773895	0.003991022885079569	0.7582943481651181	190	71	2.1013303815636664	0.00047428299160301446	0.012
46	(0.001, 0.30000000000000004)	0.8950259899076546	0.0019059442386013922	0.3621294053342645	190	41	1.9541766044648197	0.0003296679954306603	0.018000000000000002
47	(0.001, 0.30000000000000004)	0.9156848412132356	0.0013965413905880234	0.2653428642117244	190	51	2.1036335943515674	0.000307930249825783	0.011000000000000001
48	(0.001, 0.30000000000000004)	0.8729513593641167	0.0018139289898164703	0.3446465080651294	190	53	1.82116557165207	0.0001548994565901407	0.019
49	(0.001, 0.30000000000000004)	0.8584263159386513	0.001113707314642447	0.21160438978206492	190	37	2.1743094942385413	0.00012784499149634532	0.013000000000000001
50	(0.001, 0.30000000000000004)	0.873523995270735	0.0023619096805980017	0.4487628393136203	190	56	1.8452147121558613	0.00032470683916008264	0.032
51	(0.001, 0.30000000000000004)	0.7943966696011334	0.00264932952517882	0.5033726097839758	190	63	2.3466672221059817	0.0002058427235340776	0.026000000000000002
52	(0.001, 0.30000000000000004)	0.855397495423948	0.0016041615273703225	0.3047906902003613	190	50	2.1301921218925304	0.00010309673686093036	0.013999999999999999
53	(0.001, 0.30000000000000004)	0.6324192434774458	0.0012777342594284364	0.2427695092914029	190	30	2.063655023881371	6.563109271587321e-05	0.013000000000000001
54	(0.001, 0.30000000000000004)	0.5910977844484803	0.001798752210086234	0.3417629199163845	190	37	2.101747837316305	6.879643475560249e-05	0.023
55	(0.001, 0.30000000000000004)	0.8799859856153299	0.002261278126832902	0.4296428440982514	190	62	2.0327117057443256	0.00027443275819810653	0.022000000000000002
56	(0.001, 0.30000000000000004)	0.8298286273305167	0.0020095111851206942	0.3818071251729319	190	43	2.041497890791109	0.00011625533200132487	0.013999999999999999
57	(0.001, 0.30000000000000004)	0.8307658989492658	0.0013052713994363922	0.2480015658929145	190	44	1.807864776416855	0.00010852261612367964	0.012
58	(0.001, 0.30000000000000004)	0.8380980724133957	0.0008163551170302503	0.15510747223574756	190	29	2.0122965656025142	2.458084561784979e-05	0.013000000000000001
59	(0.001, 0.30000000000000004)	0.8442485396740779	0.0010461821937361269	0.19877461680986414	190	39	2.161263989920176	7.78325022766646e-05	0.015
60	(0.001, 0.30000000000000004)	0.8073042887063435	0.0010013087194973686	0.19024865670450006	190	36	2.043661248155756	5.7868667945049086e-05	0.012
61	(0.001, 0.30000000000000004)	0.8323263513808495	0.0024127174534763172	0.4584163161605002	190	47	2.0609877869185818	0.00022491121286161159	0.016
62	(0.001, 0.30000000000000004)	0.8900881580034329	0.0019251387604217265	0.3657763644801281	190	55	1.983295478424908	0.00021734542710133417	0.012
63	(0.001, 0.30000000000000004)	0.8586315520016621	0.0015850227553488878	0.3011543235162887	190	54	2.0167742430446918	0.00020496996476943033	0.012
64	(0.001, 0.30000000000000004)	0.6390790999222334	0.0024064984181423983	0.4572346994470557	190	54	1.87391313224962	7.842552420389559e-05	0.019
65	(0.001, 0.30000000000000004)	0.7616116810460254	0.0015146971523180642	0.2877924589404322	190	41	2.043994815318727	0.00011998007334457217	0.01
66	(0.001, 0.30000000000000004)	0.5970319269865167	0.0019631003275448248	0.3729890622335167	190	41	1.860470183681552	7.40966635126572e-05	0.012
67	(0.001, 0.30000000000000004)	0.6815138433358736	0.002311827014916396	0.4392471328341153	190	43	2.0197642177562054	0.00010824128481762284	0.016
68	(0.001, 0.30000000000000004)	0.9028065034557792	0.0013306650171946608	0.25282635326698555	190	38	1.8628902945349144	0.00018737509398020213	0.017
69	(0.001, 0.30000000000000004)	0.7712941909233575	0.0007491900957635856	0.14234611819508125	190	17	2.1212391704683013	3.2647122884310604e-05	0.013000000000000001
70	(0.001, 0.30000000000000004)	0.9064112859451352	0.0018431918210165949	0.35020644599315304	190	46	1.9325992932444676	0.00019309673594741786	0.013000000000000001
71	(0.001, 0.30000000000000004)	0.9367582995278378	0.001916677352155848	0.3641686969096111	190	49	1.7752673140487203	0.000458873384548808	0.018000000000000002
72	(0.001, 0.30000000000000004)	0.8813862347774726	0.0016353792353878721	0.3107220547236957	190	39	1.8824946826636333	7.946017343796187e-05	0.011000000000000001
73	(0.001, 0.30000000000000004)	0.9473867660907122	0.0017206530229926175	0.3269240743685973	190	48	2.0688846655738504	0.00024830221354954496	0.018000000000000002
74	(0.001, 0.30000000000000004)	0.8210609768734433	0.0016722705127334933	0.3177313974193637	190	41	1.8053307661780345	0.00011805165928757688	0.01
75	(0.001, 0.30000000000000004)	0.9378075913652224	0.002381622891190139	0.4525083493261264	190	63	1.8014779260222504	0.0006831765764508946	0.018000000000000002
76	(0.001, 0.30000000000000004)	0.9612945213258386	0.0010286147519337381	0.1954368028674102	190	40	1.7425392053175783	0.00019579799259755728	0.013000000000000001
77	(0.001, 0.30000000000000004)	0.7630338750599008	0.0007481593483999919	0.14215027619599846	190	28	2.0548118914331384	1.765517558277585e-05	0.01
78	(0.001, 0.30000000000000004)	0.9031524830204698	0.001249870722385483	0.23747543725324174	190	33	2.044964541138932	0.00017427757833898827	0.012
79	(0.001, 0.30000000000000004)	0.816964033642707	0.0011444660191250824	0.21744854363376565	190	35	2.1290870434723685	0.00011518915299546516	0.011000000000000001
80	(0.001, 0.30000000000000004)	0.755418996559817	0.001592121577090358	0.30250309964716804	190	44	1.953241034032788	0.00010687693784849904	0.013999999999999999
81	(0.001, 0.30000000000000004)	0.6817644164473016	0.0007198583512376295	0.1367730867351496	190	35	1.9502401103159157	2.5690615928580802e-05	0.02
82	(0.001, 0.30000000000000004)	0.8564126250550219	0.002291003891446941	0.4352907393749187	190	51	1.8440996218137085	0.00013185248407532324	0.017
83	(0.001, 0.30000000000000004)	0.7246384187340408	0.0009753261974212547	0.1853119775100384	190	32	2.1872068261357938	4.34693903054173e-05	0.013000000000000001
84	(0.001, 0.30000000000000004)	0.7549871232251151	0.0017953290553656468	0.3411125205194729	190	46	1.9467433194478625	0.00010207880805623848	0.02
85	(0.001, 0.30000000000000004)	0.7292697020538288	0.000970932299466306	0.18447713689859813	190	29	1.9698404824154467	5.342746873113202e-05	0.024
86	(0.001, 0.30000000000000004)	0.8382268751838583	0.0007555848205145222	0.14356111589775924	190	32	1.931947626395526	6.717462587163547e-05	0.015
87	(0.001, 0.30000000000000004)	0.8941327777189078	0.000791573824109837	0.150399026580869	190	35	2.0620653247045704	0.00010806421941039755	0.015
88	(0.001, 0.30000000000000004)	0.9331445301314366	0.0023385050120454287	0.4443159522886315	190	55	2.061247945891863	0.0005783249031706128	0.017
89	(0.001, 0.30000000000000004)	0.8615357875052616	0.0023916010977459213	0.4544042085717251	190	54	1.7844452519999092	0.00031815197103479687	0.011000000000000001
90	(0.001, 0.30000000000000004)	0.7947618770115946	0.002706741383704125	0.5142808629037838	190	50	2.037811850386121	0.000149250107601695	0.015
91	(0.001, 0.30000000000000004)	0.6980338991399211	0.0012737683368575622	0.24201598400293686	190	34	1.9075824166559292	2.771293440984035e-05	0.011000000000000001
92	(0.001, 0.30000000000000004)	0.8820745869837893	0.0018098797532608245	0.34387715311955663	190	57	1.980782619988316	0.0001687065457574577	0.015
93	(0.001, 0.30000000000000004)	0.8461269610096896	0.0014784824180415134	0.2809116594278876	190	41	2.1360691392674083	0.00014158568607952618	0.015
94	(0.001, 0.30000000000000004)	0.8466565912534547	0.0013903579266744506	0.2641680060681456	190	47	2.127568148236028	0.00015392476583114822	0.011000000000000001
95	(0.001, 0.30000000000000004)	0.5880953418333879	0.001913681856245468	0.3635995526866389	190	44	2.0099427916174823	8.414294707193015e-05	0.013999999999999999
96	(0.001, 0.30000000000000004)	0.4094921905864197	0.0010468025180721849	0.1988924784337151	190	30	1.9646403814724127	1.8628304185253075e-05	0.012
97	(0.001, 0.30000000000000004)	0.8173009485291023	0.0026813799031473588	0.5094621815979982	190	56	2.0810189193819184	0.00021154221235553103	0.015
98	(0.001, 0.30000000000000004)	0.8199915377241435	0.0022606518328424988	0.4295238482400748	190	50	2.06690139779382	0.00022957435115383842	0.013000000000000001
99	(0.001, 0.30000000000000004)	0.7395336671273636	0.002332470009111782	0.4431693017312386	190	57	1.9882020482097336	0.00015837788518602292	0.02
