gene	t0_rep10	t1_rep10	t2_rep10	t3_rep10	t4_rep10	t5_rep10	t6_rep10	t7_rep10	t8_rep10	t9_rep10	t10_rep10	t11_rep10	t12_rep10	t13_rep10	t14_rep10	t15_rep10	t16_rep10	t17_rep10	t18_rep10	t19_rep10	t20_rep10
G1	-0.061172552381	-0.056700552381	-0.062858552381	-0.074914452381	-0.051373652381	0.017013847619	0.00739384761905	-0.090024352381	-0.107700752381	0.160387047619	0.014283747619	-0.060552052381	-0.021978352381	0.172958347619	0.108898747619	0.179792047619	-0.010567452381	0.00652634761905	0.025292747619	-0.042695452381	-0.052008552381
G2	0.0163134666667	-0.0730601333333	-0.0178292333333	0.0175448666667	-0.0497657333333	-0.0835886333333	-0.0694607333333	-0.0133200333333	-0.00762263333333	0.00667236666667	0.00904946666667	-0.0184380333333	0.0447355666667	0.0969599666667	0.0298013666667	0.106564166667	0.0152014666667	-0.0288558333333	0.0256770666667	0.0248664666667	-0.0314452333333
G3	-0.0437997857143	0.216806214286	-0.0131877857143	0.0123309142857	-0.150425385714	0.0711129142857	0.0324649142857	0.0355511142857	0.0879085142857	-0.111547785714	-0.0895047857143	-0.0253147857143	-0.0968464857143	0.109060814286	0.0546476142857	-0.0536115857143	-0.0143919857143	-0.0672017857143	-0.00109338571429	-0.0489150857143	0.0959576142857
G4	-0.00343336666667	0.0430367333333	-0.0463395666667	0.0292807333333	-0.0909829666667	0.0672257333333	-0.0697274666667	-0.0169353666667	-0.0917613666667	0.0733530333333	0.110929933333	0.125305233333	-0.0912912666667	-0.0411389666667	-0.0225293666667	0.0380340333333	-0.0261175666667	0.0703955333333	0.00372723333333	0.0632794333333	-0.124310366667
G5	0.0779246428571	-0.0153368571429	0.0219263428571	-0.0276465571429	-0.00893245714286	-0.00604985714286	0.0904823428571	-0.0718118571429	0.0302480428571	-0.0757506571429	-0.0426656571429	0.0537627428571	0.0884766428571	0.0242937428571	0.0526495428571	-0.0711074571429	0.0158017428571	-0.0426009571429	-0.0971695571429	0.0254076428571	-0.0219015571429
G6	-0.000653338095238	0.000520961904762	-0.0170693380952	-0.0187167380952	0.0111978619048	-0.0252855380952	0.0132417619048	0.00318426190476	0.0249864619048	-0.0196321380952	-0.0110194380952	-0.00183903809524	0.0310008619048	-0.0248311380952	0.0237249619048	0.0212113619048	-0.0164917380952	0.0132086619048	-0.0103125380952	0.0165013619048	-0.0129275380952
G7	0.0383003952381	0.102253295238	0.0824783952381	0.0226543952381	-0.410450304762	-0.505954104762	0.161593095238	-0.0116082047619	0.137596995238	0.0319913952381	0.0445824952381	0.132535495238	0.158668495238	0.0291733952381	0.0963223952381	0.0470923952381	0.210757995238	0.110480395238	-0.337324104762	-0.0019156047619	-0.139228704762
G8	0.165577447619	-0.084352752381	-0.037951752381	-0.063872352381	0.180956447619	-0.078893452381	-0.00397995238095	-0.099207152381	-0.013053852381	-0.00128005238095	-0.096510552381	-0.052993152381	0.163556147619	0.087940147619	-0.00780595238095	-0.046580452381	0.024676647619	0.016925947619	0.127575147619	-0.124606652381	-0.056119852381
G9	-0.0259182952381	-0.0256262952381	0.0305494047619	-0.0158611952381	0.0364127047619	-0.0153084952381	0.0328747047619	0.0434770047619	-0.0177939952381	0.0013327047619	-0.0131920952381	-0.0155042952381	-0.0189565952381	-0.0131153952381	-0.0233327952381	-0.0081744952381	-0.0202163952381	0.0203612047619	-0.0088664952381	0.0314084047619	0.0254507047619
G10	0.155259804762	-0.0881463952381	-0.0963038952381	-0.0096368952381	0.0310301047619	0.0378297047619	-0.0704189952381	-0.0398787952381	0.0663533047619	-0.0307740952381	0.0160743047619	-0.0079413952381	0.0112946047619	0.0217160047619	0.0256607047619	-0.0084781952381	-0.0245334952381	-3.28952380952e-05	-0.0579804952381	-0.0136698952381	0.0825769047619
G11	0.00184036190476	0.00938186190476	-0.00165263809524	-0.00300603809524	-0.00573143809524	-0.00382203809524	0.00843546190476	-0.0117396380952	-0.00222663809524	0.0175925619048	0.0101212619048	0.00412546190476	0.00737406190476	0.00134246190476	0.00653566190476	-0.000619638095238	-0.00671073809524	-0.00441383809524	-0.0113815380952	-0.00368373809524	-0.0117612380952
G12	0.0308301047619	-0.0169553952381	-0.0142476952381	-0.0048061952381	-0.0736707952381	-0.0532461952381	0.0356176047619	0.0367717047619	0.0456003047619	-0.0072976952381	0.0340568047619	-0.0804823952381	-0.0338922952381	0.0046863047619	0.0474509047619	-0.0249837952381	0.0563703047619	0.0075010047619	-0.0411251952381	0.101969104762	-0.0501464952381
G13	-0.00803752380952	-0.0104281238095	0.00687677619048	-0.0146321238095	-0.0120397238095	-0.0125057238095	-0.0106330238095	-0.00193962380952	-0.0138762238095	-0.00276602380952	0.00687007619048	0.0155341761905	0.0217733761905	-0.00439352380952	0.00420027619048	0.00790307619048	0.0139040761905	0.0157170761905	-0.00709752380952	0.0114370761905	-0.00586682380952
G14	-0.0129185380952	0.0218942619048	-0.00445343809524	-0.00406913809524	-0.0105726380952	-0.00511233809524	0.00966896190476	0.0169521619048	-0.00266423809524	0.00485186190476	-0.0114697380952	0.000692061904762	-0.00292913809524	0.0111317619048	0.00260536190476	-0.0113536380952	-0.0130966380952	0.0144092619048	0.000631061904762	-0.00137893809524	-0.00281833809524
G15	-0.00231856666667	0.00708143333333	-0.00608096666667	-0.00220476666667	-0.00675446666667	-0.00306856666667	-0.00428256666667	-0.00456276666667	-0.00674146666667	-0.00422956666667	0.0120695333333	0.000632333333333	-0.00202076666667	0.0225906333333	0.00485663333333	0.0124508333333	-0.00311896666667	-0.00615636666667	-0.00619416666667	0.00333913333333	-0.00528656666667
G16	-0.0120333095238	0.0254337904762	0.0279222904762	0.0166673904762	0.0500309904762	-0.0194019095238	0.0125585904762	-0.0310079095238	-0.0184677095238	0.00993359047619	-0.00501600952381	-0.0390946095238	0.0469860904762	0.0349386904762	-0.0195000095238	-0.0227070095238	-0.0382809095238	-0.0100882095238	0.0366337904762	-0.0112830095238	-0.0342246095238
G17	-0.0200140428571	0.0288237571429	0.0597216571429	0.0179873571429	-0.0593872428571	0.0203198571429	0.00696115714286	-0.0243361428571	-0.0891133428571	0.0595328571429	-0.0591496428571	0.0162494571429	0.0344249571429	0.0492936571429	0.0209768571429	-0.0337277428571	-0.00243474285714	0.0824144571429	0.0638981571429	-0.0869555428571	-0.0854857428571
G18	-0.0285144904762	0.0951235095238	0.0352543095238	-0.00366559047619	0.0311373095238	0.123758309524	-0.0636235904762	0.0537056095238	0.0556100095238	-0.0494285904762	-0.0643081904762	-0.0656891904762	0.0156063095238	0.0609559095238	-0.195964690476	0.00391680952381	-0.0101862904762	0.00747510952381	-0.0312935904762	0.0717997095238	-0.0416686904762
G19	-0.00432800952381	0.00371269047619	0.0277542904762	0.0498051904762	-0.0222691095238	-0.00159930952381	-0.0172413095238	-0.0148995095238	0.00544419047619	-0.0225333095238	-0.0119405095238	0.0228475904762	-0.00583600952381	0.00064919047619	-0.0153476095238	0.00586309047619	0.0110038904762	-0.00333330952381	-0.00550210952381	-0.0171596095238	0.0149095904762
G20	0.0117779571429	-0.00145054285714	0.00720925714286	0.00565905714286	-0.000136042857143	-0.00139384285714	-0.00362864285714	0.000335557142857	0.00103115714286	1.68571428571e-05	-0.00425184285714	-0.00214924285714	-0.00342874285714	-0.00357504285714	-0.00196274285714	-0.00326054285714	0.00411065714286	0.00165915714286	-0.00264484285714	-0.000622542857143	-0.00329504285714
G21	0.00721191428571	0.00169171428571	-0.00831948571429	0.00704311428571	-0.000789485714286	0.0156589142857	0.0231165142857	-0.00990878571429	-0.00769978571429	-0.00661878571429	0.00316571428571	0.0133154142857	-0.0199197857143	0.0107413142857	-0.00507178571429	-0.0231606857143	-0.0156694857143	0.00383881428571	-0.00521318571429	0.0240889142857	-0.00750108571429
G22	-0.171812566667	0.0586934333333	-0.0439211666667	-0.122895366667	-0.179284566667	0.160382333333	0.162834933333	0.123705533333	-0.121378466667	0.124896733333	0.130298333333	-0.153845766667	0.0808235333333	0.178124333333	-0.0646183666667	-0.120446166667	-0.152788166667	0.164626133333	-0.113346166667	-0.00411426666667	0.0640657333333
G23	0.174747457143	-0.246739642857	-0.278371042857	-0.100168142857	0.0241116571429	-0.0255063428571	0.193656257143	0.165106257143	0.205966057143	-0.262352542857	-0.0615259428571	-0.208302142857	-0.221306242857	0.0388606571429	-0.0434555428571	0.112526857143	0.0941830571429	0.274740757143	-0.146541942857	0.0532060571429	0.257164457143
G24	0.198753190476	0.105970590476	-0.276179709524	0.224919990476	0.185996390476	0.0591864904762	0.116435990476	-0.124355109524	-0.330250109524	0.00285689047619	-0.131096009524	0.180327690476	-0.128768409524	0.0733455904762	-0.245658009524	-0.279104109524	0.269194190476	0.202358090476	-0.201474209524	0.0645424904762	0.0329980904762
G25	-0.0410169190476	-0.0717461190476	0.0427307809524	0.0467118809524	0.0201115809524	-0.0543966190476	-0.0400056190476	-0.0694822190476	-0.0351079190476	0.0507179809524	-0.0257240190476	0.0120403809524	-0.0529627190476	0.0319404809524	0.0251986809524	-0.0736254190476	0.197699680952	-0.0722778190476	0.0189607809524	0.0361566809524	0.0540764809524
G26	0.00955823809524	0.0465456380952	0.0222394380952	0.0289724380952	-0.0538100619048	-0.0688429619048	-0.0422661619048	0.0658723380952	-0.0462497619048	0.0484694380952	-0.0868858619048	0.0625376380952	-0.00577996190476	-0.0393534619048	-0.00358546190476	-0.0644294619048	0.000398838095238	0.00522643809524	0.0938278380952	0.0565703380952	-0.0290154619048
G27	-0.0260774285714	-0.119131128571	-0.0102693285714	0.117014671429	-0.131325028571	0.101623771429	0.0911781714286	-0.0196030285714	-0.114386428571	-0.0738598285714	-0.0263421285714	0.202603771429	-0.102220728571	-0.115309628571	0.0977833714286	-0.0980854285714	-0.0391774285714	0.0168240714286	0.107886371429	0.0424149714286	0.0984583714286
G28	0.0029943047619	-0.0119958952381	-0.0588995952381	-0.0523283952381	-0.103066295238	0.0431546047619	0.0269727047619	-0.0722087952381	0.260573604762	0.0576966047619	0.0273591047619	-0.0578986952381	0.184605604762	-0.110527095238	0.0290887047619	-0.0660776952381	0.0066320047619	0.107712904762	-0.106419795238	-0.0753998952381	-0.0319679952381
G29	0.197135714286	0.350484814286	-0.0884488857143	-0.126248885714	-0.207831885714	0.262186914286	-0.129184085714	-0.153813185714	-0.0457122857143	0.0525260142857	-0.219921385714	0.161767014286	-0.170887485714	-0.163191285714	0.290956614286	0.150014114286	-0.180111185714	0.170675414286	-0.0818687857143	0.124814914286	-0.193342185714
G30	0.0631593047619	-0.119677695238	0.186786704762	0.105952504762	0.105934704762	-0.0670440952381	0.0536378047619	-0.0494070952381	-0.0665507952381	0.0764475047619	-0.0629710952381	-0.0439374952381	-0.0396214952381	0.124330304762	-0.0888250952381	0.0509926047619	-0.0609010952381	0.113047904762	-0.0994169952381	-0.137342095238	-0.0445942952381
G31	-0.0178781095238	0.0394135904762	-0.0180749095238	0.0235944904762	-0.0446308095238	-0.0739459095238	0.114378090476	0.0200243904762	-0.0196456095238	-0.0329665095238	0.0580375904762	0.0794181904762	0.0493659904762	-0.0805019095238	-0.0393496095238	-0.0583662095238	0.0446088904762	-0.0155719095238	0.0247485904762	-0.0260528095238	-0.0266055095238
G32	-0.0156195619048	0.00213913809524	-0.00525406190476	0.00709843809524	0.00240533809524	0.0148874380952	-0.00943446190476	0.0316626380952	-0.00275726190476	-0.00692946190476	-0.00966596190476	-0.0120187619048	-0.00159556190476	0.0309446380952	-0.00604796190476	-0.00426876190476	-0.000606661904762	-0.00352616190476	-0.00698406190476	-0.0111713619048	0.00674243809524
G33	0.0545104714286	-0.0481404285714	-0.00284642857143	-0.0491911285714	0.0102416714286	0.0415638714286	-0.00651692857143	0.0232355714286	0.0120966714286	-0.00809512857143	-0.0472747285714	-0.00971412857143	-0.0146984285714	0.0231638714286	-0.00847402857143	-0.0207239285714	0.0402214714286	0.0385724714286	-0.00399212857143	0.0257820714286	-0.0497207285714
G34	-0.0150279666667	-0.0137695666667	-0.0216653666667	0.0165784333333	0.0637205333333	-0.0212366666667	-0.0126121666667	0.0200819333333	0.00168713333333	0.0394491333333	-0.0472147666667	-0.0131401666667	0.0137782333333	0.00831873333333	0.0429004333333	-0.0276977666667	-0.00378886666667	-0.0241360666667	-0.0151701666667	-0.00737126666667	0.0163162333333
G35	0.039072452381	-0.104397747619	-0.041117647619	-0.095616847619	0.079721852381	-0.029124847619	-0.012056847619	0.024599452381	-0.043648147619	0.149381652381	-0.014818247619	0.049754452381	0.050013652381	-0.053627247619	-0.103177147619	0.086194852381	0.117075552381	0.039908452381	-0.010765347619	-0.144011547619	0.016639252381
G36	0.179057071429	0.0510351714286	0.152906171429	-0.178971228571	0.155063471429	-0.286414028571	-0.246178728571	0.133500371429	0.206354571429	-0.178136928571	0.312619671429	-0.204643528571	0.336743171429	-0.241304228571	0.306049271429	0.199075771429	-0.225570228571	-0.253599528571	0.214358671429	-0.200456028571	-0.231488928571
G37	0.20203577619	-0.36077692381	0.27992047619	-0.36543182381	-0.36207952381	0.23302197619	-0.20398732381	-0.15778312381	-0.37001672381	0.24387657619	-0.36940062381	-0.36468032381	0.28700777619	-0.27051962381	0.24262787619	0.14251887619	0.28237537619	0.38051547619	0.29829797619	0.0242353761905	0.20824247619
G38	-0.0234170619048	0.0425977380952	0.0335422380952	-0.00207666190476	0.0135388380952	-0.00260516190476	0.00525163809524	-0.000204961904762	-0.0436779619048	0.0183796380952	-0.0313295619048	-0.0178684619048	-0.0335884619048	0.0513674380952	-0.0173380619048	-0.0100708619048	-0.0460388619048	0.0980154380952	-0.0232874619048	0.0222952380952	-0.0334846619048
G39	0.0410266761905	-0.0139916238095	-0.00264762380952	0.00140347619048	-0.000231523809524	0.00576777619048	0.0218984761905	-0.0144821238095	0.00917277619048	-0.00644432380952	-0.0210371238095	0.00313557619048	0.0100203761905	0.00456597619048	-0.0155506238095	-0.0179732238095	-0.0223633238095	0.00683097619048	0.00110837619048	-0.0193394238095	0.0291304761905
G40	0.0641835952381	-0.0134902047619	-0.136065104762	-0.0159895047619	-0.0361797047619	0.144299495238	-0.0227466047619	0.0294774952381	-0.0237138047619	0.0210321952381	0.0413360952381	0.0439384952381	0.0602333952381	0.0542421952381	-0.0363016047619	0.0458117952381	-0.147726704762	0.0157483952381	-0.0471442047619	-0.0265781047619	-0.0143676047619
G41	0.171609385714	-0.107887514286	-0.147595414286	0.197549685714	-0.189951814286	0.146324985714	0.125328585714	-0.100123914286	0.149762985714	0.107406385714	-0.169467314286	0.269634185714	-0.160034614286	-0.177993914286	0.197450185714	-0.132048314286	0.212776485714	-0.161402914286	0.0958634857143	-0.165542714286	-0.161657914286
G42	0.0274356952381	0.0040074952381	0.123011995238	0.0121131952381	-0.0012946047619	-0.0743735047619	-0.0252274047619	0.0145161952381	0.0064975952381	0.0621633952381	-0.0900752047619	-0.0106057047619	0.0713150952381	0.0466350952381	-0.0828755047619	-0.0757891047619	0.0065845952381	0.0333098952381	0.0879087952381	-0.0916212047619	-0.0436368047619
G43	0.0169642904762	-0.0904038095238	-0.0450146095238	0.0731480904762	0.0457588904762	-0.0651429095238	0.0152908904762	0.274397690476	0.0109100904762	-0.0101226095238	-0.0157071095238	-0.0355160095238	0.0177394904762	-0.0447089095238	-0.0172985095238	-0.0247141095238	0.00259949047619	-0.0803607095238	0.0225528904762	-0.00775110952381	-0.0426214095238
G44	0.022998047619	-0.00909295238095	0.031849647619	-0.046883752381	0.013040147619	-0.00144815238095	-0.035542652381	-0.079618652381	0.028308047619	0.073581247619	-0.111319252381	-0.041574752381	-0.043356952381	-0.044855752381	0.017175547619	0.064920547619	0.00943834761905	0.00103844761905	0.024603447619	0.117114147619	0.00962524761905
G45	0.0539489285714	-0.0890358714286	0.00554242857143	-0.0562130714286	0.0882813285714	0.0526370285714	-0.110316271429	0.0160081285714	0.0809454285714	-0.0542363714286	-0.0201571714286	0.0553068285714	0.0251218285714	-0.0457798714286	0.0814399285714	-0.0192568714286	-0.00477837142857	0.0333187285714	-0.0938956714286	-0.0282273714286	0.0293463285714
G46	-0.313501442857	-0.204564242857	0.239469457143	0.297140357143	0.227583657143	-0.303094042857	0.352737557143	0.220305757143	-0.309501442857	0.230799657143	-0.305358742857	-0.283459142857	0.288020757143	-0.300483542857	0.282232257143	0.135533457143	0.238467557143	-0.314046742857	-0.294596542857	0.426740857143	-0.310425442857
G47	0.196692357143	-0.344615742857	0.215828657143	-0.0537481428571	0.227866657143	-0.352673542857	-0.272700642857	0.157697457143	0.269370657143	-0.237980642857	0.190085957143	0.106488257143	0.261821157143	0.186921057143	0.135819757143	-0.120556342857	0.163647757143	-0.334985742857	0.264153957143	-0.312350742857	-0.346782142857
G48	-0.115442604762	0.0183868952381	0.0886671952381	-0.148164404762	0.0322787952381	-0.121688604762	0.0932130952381	0.0501573952381	0.0867177952381	0.116221195238	-0.0263832047619	0.194785895238	-0.104846904762	0.0956157952381	0.0783913952381	0.117844095238	-0.223859404762	0.168612595238	0.0817515952381	-0.313714704762	-0.168543904762
G49	0.198339585714	-0.174986414286	-0.171309614286	0.163344585714	-0.204341714286	-0.177382314286	-0.0694922142857	-0.0190914142857	0.0138231857143	0.228722685714	0.289375485714	-0.165354914286	-0.181802614286	0.0115024857143	0.134764385714	0.143232885714	0.281689485714	-0.157177014286	-0.130666014286	0.174531785714	-0.187722314286
G50	0.0676524238095	-0.0893992761905	-0.0293516761905	-0.00223477619048	0.0126150238095	0.0154503238095	-0.0297008761905	0.0181054238095	0.0688596238095	-0.0395125761905	0.0628135238095	0.0505905238095	0.0143350238095	0.0468463238095	0.0126652238095	-0.0435395761905	0.0486329238095	0.0132783238095	-0.10115147619	-0.0548322761905	-0.0421221761905
G51	0.217681047619	-0.294067052381	0.113417847619	-0.037470752381	0.144442047619	-0.288412352381	-0.101626352381	0.037945547619	-0.144899352381	-0.137781752381	0.195553147619	0.204813547619	-0.183236352381	0.176850447619	-0.226007252381	0.132267947619	-0.239381352381	0.236792047619	-0.064222452381	0.134066947619	0.123274447619
G52	0.0305136857143	-0.00305491428571	0.195300685714	-0.123009714286	0.0954185857143	0.0483043857143	-0.0388190142857	0.0303602857143	0.235286885714	0.0860988857143	-0.0240296142857	0.0190406857143	-0.166084914286	-0.117213414286	0.0745802857143	0.0315173857143	-0.233787414286	-0.166446614286	-0.0780032142857	0.0179670857143	0.0860599857143
G53	-0.174647519048	0.189206280952	-0.181258519048	-0.143666319048	0.204551880952	-0.175983319048	0.101948580952	-0.149297019048	-0.170048119048	0.0710789809524	0.125522380952	-0.178949319048	-0.157120019048	0.152578680952	-0.126358519048	-0.183316319048	0.198579780952	-0.0723528190476	0.271106080952	0.238671280952	0.159753880952
G54	-0.0468270619048	-0.0507619619048	0.0114645380952	-0.0179882619048	-0.0607532619048	0.0137420380952	0.0120336380952	0.0541897380952	0.0498899380952	-0.0203214619048	-0.0205593619048	-0.0176997619048	-0.0833601619048	-0.0675918619048	0.0346184380952	0.0933171380952	0.0566177380952	0.00703153809524	0.0372865380952	0.0681223380952	-0.0524504619048
G55	0.012590147619	-0.093120252381	0.058816647619	0.012858147619	0.082212247619	0.093248447619	0.125504047619	-0.00149385238095	-0.063230652381	0.00883744761905	0.082181247619	-0.070652052381	-0.00264935238095	-0.012978852381	-0.059173752381	0.112559547619	-0.043473552381	-0.035140352381	-0.050835752381	-0.094100752381	-0.061958752381
G56	-0.0161015190476	-0.0697847190476	-0.0296202190476	0.0431642809524	0.0586615809524	0.0182444809524	-0.0889631190476	-0.0885737190476	-0.00490061904762	0.316233880952	-0.0933779190476	-0.0935617190476	0.00142518095238	-0.00291781904762	0.0701438809524	0.0383725809524	-0.00393421904762	-0.0390262190476	-0.0667097190476	0.104993680952	-0.0537680190476
G57	-0.195284647619	-0.024442547619	-0.164360447619	-0.254967147619	0.133643452381	0.103453252381	0.163021452381	0.257746652381	-0.200306747619	0.147829552381	-0.197768847619	0.181594452381	0.231975152381	0.131864852381	-0.073423647619	-0.241693047619	-0.155783647619	0.184184152381	0.212719752381	-0.198517947619	-0.041484047619
G58	-0.137031566667	-0.195419466667	0.0807936333333	-0.205698266667	0.184873133333	-0.226291666667	-0.212761866667	0.184687833333	0.191036133333	-0.134854866667	-0.116015366667	-0.180095566667	-0.177784066667	0.220159533333	0.125587433333	0.154067133333	0.194618933333	0.0937397333333	-0.0398040666667	0.196329833333	-0.000136566666667
G59	0.0357508857143	0.0190964857143	-0.0380662142857	-0.0490738142857	-0.0326239142857	0.0367569857143	0.0214930857143	-0.0137311142857	0.0324622857143	0.0373555857143	-0.0215707142857	-0.00126811428571	-0.0327610142857	-0.0460253142857	-0.00852581428571	-0.0152048142857	0.0349197857143	-0.0366213142857	-0.0204556142857	0.0711164857143	0.0269761857143
G60	0.0495728952381	-0.0378865047619	0.0528421952381	0.0082204952381	-0.0557127047619	0.0432145952381	-0.0799466047619	-0.110708104762	-0.0331106047619	-0.0223255047619	0.0603250952381	-0.0329073047619	-0.0712419047619	0.0398067952381	0.0378648952381	0.0188957952381	-0.0448593047619	-0.0551440047619	0.125263795238	0.0895578952381	0.0182780952381
G61	-0.112942538095	-0.124457438095	0.0850023619048	0.0585840619048	-0.129712038095	0.116659161905	-0.122476138095	0.106686461905	-0.133150138095	0.106797361905	-0.0649788380952	-0.120657838095	-0.106075638095	-0.128529138095	0.128862761905	0.0990487619048	0.0939697619048	0.114463961905	-0.0627883380952	0.109160061905	0.0865333619048
G62	-0.12071262381	0.0461715761905	0.11056247619	-0.0513133238095	-0.0477829238095	-0.10624802381	0.10808677619	0.0682328761905	0.0892616761905	0.14339907619	-0.0797585238095	0.0482470761905	-0.0231972238095	0.0849752761905	-0.000880923809524	0.16193557619	-0.0797843238095	-0.12022972381	-0.12801372381	-0.14329582381	0.0403447761905
G63	0.0713953333333	0.00786213333333	0.0546963333333	0.0121175333333	-0.0324718666667	0.0559884333333	-0.0371878666667	-0.0423212666667	-0.0109431666667	-0.0243977666667	0.0163857333333	-0.0508505666667	0.0209683333333	0.0654994333333	0.0183531333333	-0.111140566667	0.0373615333333	-0.0201099666667	-0.00848626666667	-0.0206115666667	-0.00210706666667
G64	-0.104287790476	0.123154409524	-0.0974229904762	0.102082609524	0.0599458095238	-0.0528744904762	0.0125244095238	0.0106243095238	-0.0182194904762	-0.121220190476	-0.129517590476	-0.0786239904762	-0.00426769047619	0.00716610952381	0.0605007095238	0.00791750952381	0.131819309524	0.0184068095238	-0.0518283904762	0.0953127095238	0.0288079095238
G65	0.112155952381	-0.125902647619	-0.025683347619	-0.062957547619	0.095422352381	-0.00752744761905	-0.013499247619	-0.076085247619	-0.109657347619	0.083840752381	0.051055452381	0.00584775238095	0.092631952381	0.101984952381	0.086867652381	-0.041160347619	0.096273152381	-0.099195247619	-0.072059447619	-0.029918547619	-0.062433547619
G66	-0.131366328571	-0.00882062857143	0.000902971428571	0.152720171429	0.150170671429	-0.132568728571	0.0987794714286	-0.118463528571	-0.00942042857143	-0.114110228571	0.00813047142857	-0.107019728571	0.120653471429	-0.108650428571	0.229303371429	0.0960390714286	-0.0640698285714	0.120649171429	-0.128724828571	-0.0186273285714	-0.0355068285714
G67	0.0524390619048	0.0759009619048	-0.130268638095	-0.0209054380952	0.101240161905	0.147996561905	-0.0299892380952	-0.173469938095	-0.0358291380952	0.0770195619048	0.208377561905	0.0438329619048	-0.0133986380952	-0.0286261380952	-0.0899131380952	-0.0106782380952	-0.0967255380952	0.0352869619048	-0.0327642380952	0.0907361619048	-0.170261638095
G68	-0.161564757143	-0.0181511571429	-0.0662335571429	-0.151299657143	0.0366290428571	0.209118342857	-0.150403957143	0.257492842857	0.00458454285714	-0.180046857143	0.215783642857	-0.153837357143	-0.0341646571429	0.0133339428571	0.0517640428571	0.103338442857	0.203670942857	-0.0920247571429	0.131113742857	-0.0840762571429	-0.135026557143
G69	-0.0609577904762	0.0603640095238	-0.133839690476	0.159763609524	-0.0325942904762	0.0541359095238	-0.115787190476	-0.183885290476	0.0333602095238	0.144870209524	0.00375460952381	0.00407080952381	0.0322600095238	-0.0551835904762	0.171323709524	-0.0463858904762	0.0908582095238	0.0502371095238	-0.0424279904762	-0.198909390476	0.0649727095238
G70	-0.0678953380952	-0.0557366380952	-0.0517986380952	-0.0570926380952	-0.0206252380952	0.0730278619048	0.101618461905	-0.0660482380952	-0.0549958380952	-0.0656183380952	0.0128237619048	-0.0616402380952	0.347758361905	-0.0533823380952	0.0139700619048	0.233454161905	-0.0543550380952	-0.0669818380952	-0.0325976380952	-0.0186445380952	-0.0552401380952
G71	-0.148417233333	0.277308066667	0.246377466667	-0.0931247333333	-0.186167933333	0.229745066667	-0.171906433333	-0.173511533333	-0.190311933333	0.283449766667	-0.0334828333333	-0.200369233333	0.119671166667	-0.197124433333	-0.138702333333	-0.0737050333333	-0.122359033333	0.354561966667	-0.149285633333	0.226722666667	0.140632166667
G72	-0.197934452381	0.105265147619	-0.183206552381	0.300098947619	-0.180341152381	-0.190757952381	0.359978447619	-0.189645452381	-0.166637952381	0.351457647619	0.392829047619	-0.200834952381	-0.119165752381	0.482776247619	-0.211716952381	-0.213227052381	-0.201317752381	-0.197906152381	-0.128714452381	0.014574647619	0.374426447619
G73	0.0585521952381	-0.0559165047619	-0.0712585047619	-0.0260147047619	0.0409483952381	-0.0590903047619	-0.0184892047619	0.0106419952381	-0.0542796047619	-0.0305652047619	0.0441322952381	0.0026033952381	-0.0365500047619	-0.0691587047619	-0.0425634047619	0.142032595238	-0.0730364047619	-0.0524771047619	-0.0350063047619	0.342903795238	-0.0174087047619
G74	0.323671014286	0.264154114286	0.00263281428571	0.265149414286	-0.168093485714	0.239265214286	-0.186991185714	0.254851614286	-0.244477385714	-0.201859785714	-0.133266585714	-0.238329385714	-0.179656485714	-0.117205785714	0.0407564142857	0.272357814286	0.248098814286	-0.244693285714	-0.265906585714	-0.209156485714	0.278699214286
G75	0.209834152381	0.133916952381	0.00929035238095	0.027430452381	-0.030337747619	0.101652752381	-0.011456247619	-0.196558247619	-0.081665747619	0.024939052381	-0.095660747619	0.154332652381	-0.103996947619	-0.015508847619	-0.102154847619	-0.047897947619	0.168315552381	-0.125384147619	-0.023130847619	-0.033915047619	0.037955452381
G76	0.255256180952	0.300623080952	0.204460280952	0.153306980952	-0.112011519048	-0.276709019048	0.207987180952	-0.247265719048	0.0145980809524	0.124780380952	-0.371818919048	0.228997180952	-0.0518006190476	-0.377364319048	0.108649180952	0.123720080952	-0.341791719048	0.190728580952	-0.295600219048	-0.00166681904762	0.162921680952
G77	-0.161760733333	-0.193073533333	0.284082766667	-0.122047633333	0.196755266667	-0.182171533333	0.175911466667	0.388893366667	-0.172246833333	0.171365566667	-0.129189033333	0.312012866667	-0.182191333333	0.0567163666667	-0.123675533333	0.0869983666667	-0.179612033333	0.336810466667	-0.183276033333	-0.189000133333	-0.191302133333
G78	-0.0536108285714	-0.0444702285714	0.0136783714286	0.0322970714286	-0.0288379285714	0.000163771428571	0.0381606714286	0.0137390714286	-0.0197849285714	-0.0218520285714	0.0679773714286	0.0665283714286	0.0577174714286	0.0411969714286	-0.0476697285714	-0.0471906285714	-0.0349926285714	-0.0449195285714	0.0346351714286	0.0129249714286	-0.0356908285714
G79	0.0597319238095	0.0744520238095	0.0409425238095	-0.0436111761905	-0.0433475761905	-0.0335613761905	0.0323811238095	-0.0697385761905	-0.00391547619048	-0.0408373761905	-0.00260897619048	-0.0448434761905	0.0440144238095	0.0466045238095	0.0290945238095	-0.00616127619048	-0.0556881761905	0.0747565238095	-0.0535849761905	0.0624917238095	-0.0665708761905
G80	-0.0107297	-0.0058511	0.0095283	-0.0019317	0.0101888	-0.013846	-0.0034524	0.0098943	-0.0223649	-0.0121606	-0.0087621	0.0005852	-0.0027034	-0.0116032	0.0419362	0.0211629	-0.0028524	0.0072381	0.0035172	-0.0046033	-0.0031902
G81	0.0715485857143	-0.0645301142857	0.0242464857143	-0.0745699142857	0.0127304857143	-0.0915769142857	-0.0377895142857	-0.0267474142857	0.0170492857143	0.00481288571429	-0.0494967142857	0.00144278571429	0.0794634857143	0.00820118571429	0.122239585714	0.0408089857143	-0.000732914285714	-0.0225606142857	0.0566014857143	-0.0756959142857	0.00455478571429
G82	-0.0175343095238	0.0171694904762	-0.0505607095238	-0.00571360952381	0.0141355904762	0.0261331904762	-0.0172133095238	0.0376809904762	-0.0332836095238	0.0142072904762	-0.0176221095238	0.0340845904762	-0.0454763095238	0.0354136904762	-0.0347564095238	0.0805283904762	-0.0150812095238	0.0160410904762	-0.0383400095238	-0.0197430095238	0.0199302904762
G83	0.0819729047619	0.0313995047619	0.0075205047619	0.0720110047619	-0.0822488952381	0.0754358047619	0.0200732047619	-0.121735095238	0.0671675047619	-0.0714577952381	-0.0040686952381	-0.0122809952381	-0.0412324952381	-0.0537018952381	0.0442527047619	-0.0522551952381	0.0569550047619	0.0073788047619	0.0235865047619	0.0075089047619	-0.0562812952381
G84	0.0349888571429	0.0774374571429	-0.103952242857	-0.0929751428571	0.104758257143	-0.106399142857	0.0200746571429	0.0983735571429	0.103588857143	-0.0522748428571	0.174910857143	0.0881638571429	0.0614833571429	0.0667875571429	0.151793957143	-0.0884308428571	-0.108792742857	-0.0960459428571	-0.0838241428571	-0.140429742857	-0.109236442857
G85	-0.00882557142857	0.110453428571	0.0115224285714	-0.0483443714286	0.0721555285714	-0.0537917714286	0.0780686285714	-0.0352197714286	0.00156682857143	-0.0515529714286	-0.0410237714286	0.0141323285714	-0.0835036714286	-0.0505679714286	0.0564268285714	-0.00356117142857	0.0581445285714	0.00432652857143	-0.0513083714286	0.0320482285714	-0.0111458714286
G86	0.0312298285714	0.0548938285714	0.00381362857143	0.0312024285714	-0.0468345714286	-0.00787777142857	0.00282992857143	0.0214169285714	0.0127276285714	0.00527632857143	-0.0383728714286	-0.0118540714286	-0.0427724714286	-0.0212459714286	-0.0384901714286	0.0548437285714	0.0220798285714	0.00151262857143	-0.0469852714286	-0.0111137714286	0.0237202285714
G87	0.0629163571429	0.0750950571429	-0.0611923428571	-0.00373014285714	-0.0426270428571	-0.0381213428571	0.0201523571429	0.0200305571429	0.0628690571429	0.0541918571429	0.0382091571429	-0.0568726428571	-0.0339610428571	0.0384117571429	-0.0150002428571	0.0317702571429	-0.0507713428571	0.0488680571429	-0.0572108428571	-0.0552694428571	-0.0377580428571
G88	-0.0128913619048	0.0198227380952	-0.00531036190476	0.0157252380952	-0.0330032619048	0.0518974380952	-0.0255675619048	-0.00194056190476	0.0133431380952	-0.0415863619048	-0.00943006190476	0.0334190380952	-0.0239333619048	-0.0214630619048	0.00317823809524	-0.0327127619048	0.0182739380952	0.0509934380952	0.0110167380952	0.0130088380952	-0.0228400619048
G89	0.22637047619	0.21244467619	-0.0760090238095	0.0962399761905	0.16701317619	0.16432707619	-0.33162632381	-0.35000392381	-0.13565672381	-0.30707112381	0.19553737619	0.16358597619	-0.34735472381	0.24242147619	0.0378845761905	0.19599737619	-0.0118572238095	-0.25100592381	-0.29056592381	0.23305127619	0.16627747619
G90	0.0450740095238	0.110511409524	-0.115535990476	-0.197572790476	0.0187685095238	0.0511306095238	0.181058309524	-0.0915202904762	0.109443109524	0.0582870095238	-0.0393125904762	-0.0185324904762	0.113599409524	0.0260831095238	0.00238100952381	-0.0327337904762	-0.152822390476	-0.0664355904762	-0.0539757904762	0.0850840095238	-0.0329787904762
G91	-0.000445666666667	0.101662133333	0.0584041333333	0.0557554333333	0.0431056333333	0.0410749333333	-0.0680527666667	-0.0840863666667	-0.0749662666667	-0.0580661666667	0.132284733333	0.00552313333333	0.00872393333333	0.00711153333333	-0.0119540666667	-0.0660427666667	-0.0632268666667	-0.0779436666667	0.0155602333333	-0.0150226666667	0.0506014333333
G92	-0.0405372571429	-0.00395985714286	-0.0540250571429	0.0187092428571	-0.00521975714286	-0.0264230571429	-0.0110638571429	0.00181274285714	-0.0300383571429	0.0637844428571	0.0161852428571	0.0393522428571	-0.0460188571429	0.0248316428571	0.00273764285714	-0.0282530571429	0.0206031428571	0.0656787428571	-0.000655257142857	-0.0251606571429	0.0176599428571
G93	0.0362574	-0.0187161	-0.0234007	0.0072305	-0.0200989	0.052256	0.0506735	-0.0096854	-0.054953	-0.0002099	-0.054322	0.0376279	0.043903	-0.0218372	0.0905152	-0.0605747	0.0410263	-0.0419528	-0.0411062	-0.0821776	0.0695447
G94	-0.0723849761905	-0.00390577619048	-0.0891787761905	-0.0354690761905	-0.00321957619048	-0.0218687761905	0.00442452380952	0.0377275238095	0.0393866238095	0.00687922380952	-0.00357117619048	-0.0234611761905	-0.0487001761905	0.0486362238095	0.0467005238095	0.0330616238095	0.0550515238095	-0.0156858761905	0.0493102238095	0.0327892238095	-0.0365218761905
G95	0.0192003619048	-0.0862979380952	0.0210020619048	-0.0560462380952	-0.0663929380952	-0.0810413380952	0.00910366190476	0.155497061905	-0.0359381380952	-0.0532776380952	0.0428319619048	-0.0101309380952	-0.0765070380952	-0.0514768380952	-0.0543952380952	0.0933367619048	0.00309376190476	0.00867556190476	-0.0531795380952	0.139010261905	0.132932361905
G96	0.00836416666667	0.0593506666667	-0.0861069333333	-0.109279833333	-0.0902780333333	-0.0413760333333	0.204819966667	0.0487557666667	-0.0203059333333	-0.0495779333333	0.110763466667	0.0444587666667	0.0315481666667	-0.0307493333333	-0.0985736333333	-0.0412039333333	0.0222235666667	0.00882386666667	0.0347160666667	-0.0425810333333	0.0362081666667
G97	-0.0335974857143	0.00977691428571	0.0378481142857	-0.0459241857143	0.00230421428571	0.000661314285714	0.0983299142857	-0.0415413857143	0.0577242142857	-0.0180231857143	-0.0289079857143	-0.0357268857143	-0.0726730857143	0.00933281428571	0.0562414142857	0.0255159142857	0.00482941428571	0.0111317142857	-0.0102269857143	0.0255780142857	-0.0526527857143
G98	-0.014961947619	0.112665652381	-0.081028347619	-0.00979534761905	0.00415145238095	0.040940952381	-0.085716447619	-0.045222247619	0.044539752381	0.015319552381	-0.039791947619	0.051827052381	-0.105891747619	0.084999952381	-0.031062847619	0.043926852381	0.127229752381	0.046358752381	-0.095785347619	-0.089916547619	0.027213052381
G99	0.0264394238095	-0.0539048761905	-0.14098707619	0.0485638238095	-0.0441606761905	0.0180622238095	0.14427452381	0.0527075238095	0.0285988238095	0.000524023809524	0.0137283238095	0.0399935238095	-0.00644267619048	-0.0326686761905	0.0630326238095	-0.0451425761905	-0.0854395761905	-0.0590706761905	-0.0481666761905	0.00325042380952	0.0768082238095
G100	0.0387554142857	-0.00821338571429	-0.0483857857143	-0.00513488571429	0.102578314286	0.119742114286	-0.119258685714	0.0683001142857	-0.0319607857143	-0.0677481857143	-0.0528767857143	-0.0520352857143	0.0868899142857	-0.0268720857143	-0.0348539857143	-0.00497808571429	0.0636831142857	-0.0259546857143	-0.0595464857143	0.0635632142857	-0.00569308571429
