row	hyper	r2	mse	sse	n	df	DW:Lag1	dual_gap	time
0	(0.001, 0.30000000000000004)	0.8685818405146708	0.0017065783055069774	0.3242498780463257	190	64	2.102794046194809	0.00011381669792587255	0.006
1	(0.001, 0.30000000000000004)	0.6321832234084525	0.0009865778881570978	0.18744979874984846	190	59	2.0555297441886067	4.30426936908479e-05	0.005
2	(0.001, 0.30000000000000004)	0.7170415966467626	0.0012774261517094776	0.2427109688248007	190	66	2.134332900402573	7.884887240816596e-05	0.006
3	(0.001, 0.30000000000000004)	0.8048346321720197	0.0015905164679887785	0.3021981289178679	190	75	1.7489704493007272	0.00014476296824961207	0.006
4	(0.001, 0.30000000000000004)	0.7889620330019345	0.0016769136090234887	0.31861358571446285	190	80	2.108275217142737	7.525999111546167e-05	0.006
5	(0.001, 0.30000000000000004)	0.14638525481881193	0.0003309965328846549	0.06288934124808443	190	12	2.0931740980866285	6.495263864259028e-08	0.003
6	(0.001, 0.30000000000000004)	0.7771653944083621	0.002161000381766507	0.4105900725356363	190	80	1.9518817387896508	0.0001641867492441218	0.006
7	(0.001, 0.30000000000000004)	0.7668144565282953	0.0016727308071367592	0.31781885335598425	190	71	1.8374910677524092	0.0001042611335849708	0.006999999999999999
8	(0.001, 0.30000000000000004)	0.8674424103671877	0.0006061292623339785	0.11516455984345593	190	41	2.117554456236114	6.399927555510165e-05	0.004
9	(0.001, 0.30000000000000004)	0.9042517123675098	0.0015632109895005663	0.2970100880051076	190	76	2.002557262401629	0.00016645878640736409	0.008
10	(0.001, 0.30000000000000004)	0.15120921405345578	0.0002001959773160117	0.03803723569004222	190	9	2.127786415877752	1.1153924758811051e-07	0.004
11	(0.001, 0.30000000000000004)	0.730810066308144	0.001378191363424854	0.26185635905072224	190	55	1.8862200693797744	4.884059872639624e-05	0.004
12	(0.001, 0.30000000000000004)	0.2260055190461475	0.0001962510806199948	0.037287705317799014	190	16	2.1554990818895874	4.8778266821536416e-08	0.004
13	(0.001, 0.30000000000000004)	0.5525817558185984	0.0005010267369471166	0.09519508001995217	190	26	2.1559250047097622	7.293680803349689e-07	0.004
14	(0.001, 0.30000000000000004)	0.7313010144061143	0.00033991580265497584	0.0645840025044454	190	24	2.1695278028702925	1.7283344674101638e-05	0.01
15	(0.001, 0.30000000000000004)	0.8869632841738933	0.0013103916114867436	0.2489744061824813	190	55	2.036239184399215	0.0002041824179336571	0.006999999999999999
16	(0.001, 0.30000000000000004)	0.7402248213716596	0.0016466613277609074	0.3128656522745724	190	66	1.934844952395831	0.00011640082812286455	0.006
17	(0.001, 0.30000000000000004)	0.8844630107552691	0.001603254686762306	0.3046183904848381	190	78	1.890901174849156	0.00025391002237340476	0.006999999999999999
18	(0.001, 0.30000000000000004)	0.8893550259672176	0.0005049824352390744	0.09594666269542416	190	40	1.944951261481504	2.37612060688952e-05	0.006
19	(0.001, 0.30000000000000004)	0.8633226523168072	0.0003362731169251044	0.06389189221576982	190	30	2.103801929739156	9.69027811335843e-06	0.004
20	(0.001, 0.30000000000000004)	0.9512909848836066	0.0008812398283762328	0.1674355673914842	190	57	1.8600726294258685	0.00017733428670482776	0.005
21	(0.001, 0.30000000000000004)	0.8534314555974166	0.0012096450121554475	0.2298325523095351	190	66	2.1537745131423915	8.702502138674406e-05	0.006
22	(0.001, 0.30000000000000004)	0.9228575960606008	0.001517111448905881	0.2882511752921174	190	68	2.0127996416492717	0.0002583266845990196	0.005
23	(0.001, 0.30000000000000004)	0.9139965903553916	0.0017496786566849134	0.3324389447701336	190	68	2.104909226713751	0.00017245432063195398	0.006999999999999999
24	(0.001, 0.30000000000000004)	0.7270850534293636	0.0012022176575838845	0.2284213549409381	190	56	2.247850968804068	5.099195872287909e-05	0.006
25	(0.001, 0.30000000000000004)	0.9038411361910128	0.0014629188340825018	0.2779545784756753	190	68	1.901069877022244	0.00025547111148604973	0.005
26	(0.001, 0.30000000000000004)	0.8027694900882051	0.0015587959402572301	0.2961712286488737	190	74	2.239831872042377	0.00014118018067532656	0.006
27	(0.001, 0.30000000000000004)	0.8629420002995253	0.0013482452113215515	0.2561665901510948	190	69	2.113570274924759	0.00014152065269051886	0.005
28	(0.001, 0.30000000000000004)	0.9109770980206128	0.002064674014545723	0.3922880627636873	190	78	1.9391393996825412	0.000415767704927017	0.006999999999999999
29	(0.001, 0.30000000000000004)	0.8069645287326336	0.0014615772157140804	0.2776996709856753	190	66	2.148642468574556	0.00011141205260412068	0.006
30	(0.001, 0.30000000000000004)	0.8093722875538762	0.0012674050778758302	0.24080696479640776	190	63	1.880771710869504	9.217794122143295e-05	0.005
31	(0.001, 0.30000000000000004)	0.20732909800499888	0.00016344126132624752	0.031053839651987027	190	9	1.9910734145488649	1.308341751014852e-07	0.004
32	(0.001, 0.30000000000000004)	0.5149640276552083	0.0006813548248934626	0.12945741672975788	190	43	2.127351033893445	5.552204313724607e-06	0.005
33	(0.001, 0.30000000000000004)	0.8351760897528138	0.0009731475016135773	0.18489802530657967	190	55	1.8975518149430752	3.752365946257941e-05	0.005
34	(0.001, 0.30000000000000004)	0.7240371705682844	0.0014709067898257698	0.2794722900668963	190	73	1.9671315011397212	6.800383709476554e-05	0.006
35	(0.001, 0.30000000000000004)	0.929407092583095	0.00276437369289778	0.5252310016505781	190	90	1.6110716523624946	0.0006135307489436581	0.006999999999999999
36	(0.001, 0.30000000000000004)	0.9612830137659552	0.002037749655965027	0.3871724346333551	190	80	1.8745819398045656	0.0009023604745144742	0.013999999999999999
37	(0.001, 0.30000000000000004)	0.6272858895400563	0.0006025354103817164	0.11448172797252612	190	40	1.94787368709508	6.101762272933686e-06	0.004
38	(0.001, 0.30000000000000004)	0.8958651889554681	0.001188679025529225	0.22584901485055275	190	59	1.7093183695759617	0.0001665925196427387	0.008
39	(0.001, 0.30000000000000004)	0.6892597737975987	0.0015439296462283752	0.2933466327833913	190	69	1.9604865599600547	6.780709933856821e-05	0.006
40	(0.001, 0.30000000000000004)	0.9046041060098348	0.000961165256195352	0.18262139867711685	190	52	2.0093825494281594	8.979357525201737e-05	0.006
41	(0.001, 0.30000000000000004)	0.8879026996398065	0.0016354862300029937	0.3107423837005688	190	69	1.8625032197417508	0.00011561850362573622	0.009000000000000001
42	(0.001, 0.30000000000000004)	0.8979743401580519	0.0023971428549091844	0.455457142432745	190	76	1.6960321450388447	0.000371483824708585	0.01
43	(0.001, 0.30000000000000004)	0.884345954037057	0.0016193765694895266	0.30768154820301	190	72	2.1009909158211397	0.00021408616720663964	0.008
44	(0.001, 0.30000000000000004)	0.7951353215360991	0.0014349272837438482	0.27263618391133115	190	62	2.319899406849201	0.00012899462970067388	0.005
45	(0.001, 0.30000000000000004)	0.9415874891395803	0.0020057819133171115	0.3810985635302512	190	84	2.019570701478173	0.0005113745526819091	0.012
46	(0.001, 0.30000000000000004)	0.8962678985681194	0.002511173076530981	0.4771228845408864	190	77	2.291424267449589	0.00033511443117401063	0.006
47	(0.001, 0.30000000000000004)	0.8937413812066529	0.0020762242075122507	0.3944825994273277	190	74	2.0194154683367134	0.0001998234368157936	0.006999999999999999
48	(0.001, 0.30000000000000004)	0.8863847154645796	0.0017119214046875512	0.3252650668906347	190	63	2.1271869121245603	0.0001990153054544086	0.006
49	(0.001, 0.30000000000000004)	0.8734878389616543	0.0011144471955794627	0.21174496716009794	190	54	1.8320176293501784	0.00010824807749440502	0.005
50	(0.001, 0.30000000000000004)	0.9119156989719116	0.001996498772507323	0.3793347667763914	190	76	2.26423419754128	0.0002980451693957997	0.006999999999999999
51	(0.001, 0.30000000000000004)	0.8794575794959255	0.0018272418183866684	0.34717594549346703	190	79	2.0299523056197457	0.00027377388905680533	0.005
52	(0.001, 0.30000000000000004)	0.8511587318984384	0.0017209997370607989	0.3269899500415518	190	70	1.9731260320283333	0.00015152567090842561	0.011000000000000001
53	(0.001, 0.30000000000000004)	0.697068708808565	0.0010023798023481504	0.1904521624461486	190	54	1.8915145471791543	4.712154444455608e-05	0.005
54	(0.001, 0.30000000000000004)	0.641433046658408	0.0014145887471806574	0.2687718619643249	190	59	1.9645982709848004	4.069480236656986e-05	0.006
55	(0.001, 0.30000000000000004)	0.9196417298943969	0.0015018587271533052	0.285353158159128	190	79	1.948350035469993	0.0002768523950802959	0.005
56	(0.001, 0.30000000000000004)	0.8725088555983435	0.0018550835594459735	0.3524658762947349	190	69	2.092865348678152	0.00011664426544599758	0.006
57	(0.001, 0.30000000000000004)	0.8702026336096631	0.001231047386719326	0.233899003476672	190	73	1.8209311464591451	0.00014066929348213741	0.006
58	(0.001, 0.30000000000000004)	0.8130921252848005	0.0007861175567993562	0.1493623357918777	190	47	2.0940311773582208	5.290618288963933e-05	0.004
59	(0.001, 0.30000000000000004)	0.8301341096616741	0.0011468419923438599	0.2178999785453334	190	59	2.1862657783570003	5.83287127674248e-05	0.005
60	(0.001, 0.30000000000000004)	0.8343826825058416	0.0009438359057155145	0.17932882208594772	190	54	1.964229280305921	5.639937761825475e-05	0.005
61	(0.001, 0.30000000000000004)	0.8946079570298869	0.0015373251277627149	0.29209177427491584	190	66	1.8754939989874235	0.00021091117595595232	0.006999999999999999
62	(0.001, 0.30000000000000004)	0.8790512937333753	0.0018317318902887235	0.34802905915485743	190	78	2.1889233832047768	9.603630542281971e-05	0.008
63	(0.001, 0.30000000000000004)	0.8481334796391171	0.0015320854806938975	0.2910962413318405	190	75	2.473088114139812	0.00016874914527259532	0.01
64	(0.001, 0.30000000000000004)	0.8401443427566754	0.0012415642643876714	0.2358972102336576	190	75	2.028315226162221	7.775507460694442e-05	0.006999999999999999
65	(0.001, 0.30000000000000004)	0.8944351481149987	0.0009764514781716936	0.18552578085262175	190	57	2.0304219896139317	0.00014700063421158038	0.006
66	(0.001, 0.30000000000000004)	0.5754364532866887	0.0014772457380100186	0.2806766902219036	190	64	1.9942772894689071	5.9349162251087766e-05	0.006
67	(0.001, 0.30000000000000004)	0.8079426719587363	0.0013916433447446962	0.2644122355014923	190	71	2.2835850763551013	9.557802906540179e-05	0.005
68	(0.001, 0.30000000000000004)	0.8875872349237314	0.0017069207341152619	0.32431493948189977	190	67	2.1366663632791125	0.00017809059310691655	0.006999999999999999
69	(0.001, 0.30000000000000004)	0.8875209726658104	0.0006810114173051602	0.12939216928798042	190	38	1.850994204640816	5.658741651887178e-05	0.005
70	(0.001, 0.30000000000000004)	0.9218718160452228	0.0016842784108670038	0.3200128980647308	190	58	1.7619312917020586	0.00036070205270111183	0.005
71	(0.001, 0.30000000000000004)	0.9240214584720864	0.002292204963327009	0.4355189430321318	190	78	1.885849527880224	0.0005533811643633202	0.01
72	(0.001, 0.30000000000000004)	0.9061797134506496	0.0015996344867784402	0.3039305524879036	190	63	2.0256413291100497	0.00023284343030960386	0.005
73	(0.001, 0.30000000000000004)	0.9391663052651156	0.0020692612422653065	0.39315963603040827	190	76	2.036826061631161	0.0004188586830113916	0.009000000000000001
74	(0.001, 0.30000000000000004)	0.8252904405237061	0.0016807097928974815	0.3193348606505215	190	75	2.1206065131969405	0.00014810419496680272	0.006999999999999999
75	(0.001, 0.30000000000000004)	0.9318732619206088	0.0025442095003487164	0.4833998050662561	190	78	2.1064769334325693	0.0005908673566468182	0.008
76	(0.001, 0.30000000000000004)	0.9177954035779058	0.0018843816032298184	0.35803250461366554	190	68	1.8933093549640392	0.00037389386116681855	0.006999999999999999
77	(0.001, 0.30000000000000004)	0.7457131784137028	0.0008957169465964289	0.1701862198533215	190	51	1.9772424362157972	4.641452510967259e-05	0.004
78	(0.001, 0.30000000000000004)	0.900408688495568	0.001122861410070133	0.21334366791332526	190	66	1.9812553539959072	0.0001399526075206714	0.006
79	(0.001, 0.30000000000000004)	0.8591245473650116	0.0009825781997130929	0.1866898579454877	190	48	2.19346195606859	0.00011385722870915771	0.006
80	(0.001, 0.30000000000000004)	0.7979685630966828	0.0012378442311348824	0.2351904039156277	190	67	1.997723288520703	9.26100561936538e-05	0.005
81	(0.001, 0.30000000000000004)	0.6227197090553098	0.0007619575571999285	0.14477193586798642	190	41	1.9592148574329669	1.7630100496213167e-05	0.004
82	(0.001, 0.30000000000000004)	0.8881146105359236	0.001981365048775389	0.37645935926732377	190	75	2.073651312417581	0.00026978738232075195	0.01
83	(0.001, 0.30000000000000004)	0.7883817664468694	0.000869247783344079	0.165157078835375	190	48	1.7469534421270796	6.40435627922431e-05	0.005
84	(0.001, 0.30000000000000004)	0.8500620797678149	0.001199821324442994	0.22796605164416886	190	74	1.8339262495657565	7.649346469806861e-05	0.008
85	(0.001, 0.30000000000000004)	0.7712228297321418	0.0008338559205525096	0.15843262490497684	190	49	1.9965081545064285	4.550132768346704e-05	0.004
86	(0.001, 0.30000000000000004)	0.8762926356292304	0.0007346382352528362	0.1395812646980389	190	52	1.9307853083739488	8.05399844407695e-05	0.005
87	(0.001, 0.30000000000000004)	0.8968896482498858	0.0009051397590835488	0.17197655422587427	190	50	1.922726130315372	0.00016077286748458763	0.006999999999999999
88	(0.001, 0.30000000000000004)	0.9510885191219536	0.0020269972974921247	0.3851294865235037	190	80	2.0693466177288844	0.0005802381515245814	0.013000000000000001
89	(0.001, 0.30000000000000004)	0.8586826434907311	0.001993866188343805	0.3788345757853229	190	80	1.7048088846006983	0.00023290658778080117	0.006999999999999999
90	(0.001, 0.30000000000000004)	0.861733557039218	0.0015613355611732045	0.2966537566229088	190	77	1.7821178016442347	0.00016002978877466267	0.006999999999999999
91	(0.001, 0.30000000000000004)	0.6975384427980711	0.0012306904699383222	0.23383118928828125	190	65	2.1038187980299043	5.47724208259659e-05	0.006
92	(0.001, 0.30000000000000004)	0.8816713394847537	0.0015587559396140905	0.2961636285266772	190	74	2.184623518418664	0.00016610718549403547	0.006
93	(0.001, 0.30000000000000004)	0.8176704118783888	0.0016516929781375865	0.3138216658461414	190	66	2.045905415735711	0.00010543408398228095	0.008
94	(0.001, 0.30000000000000004)	0.8393563138359189	0.0013001921643911315	0.247036511234315	190	57	1.854577930884974	0.00014657926456626558	0.005
95	(0.001, 0.30000000000000004)	0.6510476754757956	0.001490579802748934	0.2832101625222975	190	67	1.7674401853875767	2.583225494112717e-05	0.005
96	(0.001, 0.30000000000000004)	0.5594883473980475	0.0007142702975778009	0.13571135653978214	190	45	1.9358409296600696	2.2059494106191346e-05	0.004
97	(0.001, 0.30000000000000004)	0.8431953507020341	0.0021981148145770514	0.4176418147696397	190	79	1.8723656507436184	0.00018451254586465682	0.006
98	(0.001, 0.30000000000000004)	0.8269744105712071	0.0021358885393985873	0.4058188224857315	190	79	1.8392737939250852	0.0001940170511896544	0.006
99	(0.001, 0.30000000000000004)	0.8181075892155802	0.0014677017042076287	0.27886332379944945	190	76	2.0402742586465465	0.00011117178288255757	0.006999999999999999
