row	hyper	r2	mse	sse	n	df	DW:Lag1	dual_gap	time
0	(0.001, 0.30000000000000004)	0.870950911258049	0.001910739362853545	0.3630404789421735	190	76	2.1941966535880404	0.00022885513307635552	0.008
1	(0.001, 0.30000000000000004)	0.6551006095752887	0.0009147631425436364	0.1738049970832909	190	57	1.8259146303628704	2.953055900684065e-05	0.012
2	(0.001, 0.30000000000000004)	0.7126559891760148	0.0014940054986312765	0.28386104473994256	190	66	2.0721547732592103	4.883275255007646e-05	0.021
3	(0.001, 0.30000000000000004)	0.7987786308633176	0.0016380979529793491	0.3112386110660763	190	74	1.8925092437490303	9.297019876808309e-05	0.019
4	(0.001, 0.30000000000000004)	0.7737093367816397	0.0017404643024219132	0.3306882174601635	190	75	1.9172407138655234	0.00012674986523319998	0.008
5	(0.001, 0.30000000000000004)	0.12281831087404847	0.00031509530812779194	0.05986810854428048	190	13	1.9067298124196181	9.95191035829679e-08	0.004
6	(0.001, 0.30000000000000004)	0.7372156721769408	0.0022561452974947647	0.4286676065240054	190	82	2.099607565268595	0.00014321452796201006	0.013000000000000001
7	(0.001, 0.30000000000000004)	0.7968846578475507	0.001339405502360949	0.2544870454485803	190	63	2.0219582903457334	0.0001195587442864854	0.006
8	(0.001, 0.30000000000000004)	0.8556938143236701	0.0005691102342092513	0.10813094449975776	190	34	2.0451571121877703	1.7274122439833728e-05	0.009000000000000001
9	(0.001, 0.30000000000000004)	0.905143784570037	0.0016190709496226624	0.3076234804283059	190	69	1.7856511973198614	0.00018679203907701056	0.042
10	(0.001, 0.30000000000000004)	0.13052681378052378	0.00021602537092906012	0.04104482047652143	190	6	2.1885170486361925	1.3185246850594412e-07	0.243
11	(0.001, 0.30000000000000004)	0.7231904472000075	0.001398260952238884	0.26566958092538795	190	56	1.6828236537819226	8.75381032870437e-05	0.01
12	(0.001, 0.30000000000000004)	0.07280944386433175	0.00020312849478439082	0.03859441400903425	190	7	1.9865036278509836	1.0000302752555255e-08	0.012
13	(0.001, 0.30000000000000004)	0.6651718850438211	0.0006138906856336912	0.11663923027040135	190	37	1.8794446406553011	1.493483761558223e-05	0.021
14	(0.001, 0.30000000000000004)	0.4730402407270561	0.000465433062877944	0.08843228194680935	190	26	1.8509410271946247	5.806150648324238e-07	0.018000000000000002
15	(0.001, 0.30000000000000004)	0.9216850871453416	0.0012701790490297973	0.24133401931566145	190	62	1.7825274830023143	0.00011545796893630557	0.026000000000000002
16	(0.001, 0.30000000000000004)	0.7542129068244068	0.0015944642136180038	0.3029482005874207	190	62	2.1731005732491098	9.846277410352487e-05	0.015
17	(0.001, 0.30000000000000004)	0.8680204910467997	0.0017890075691181875	0.3399114381324557	190	80	1.8509278232030733	0.00021946481202439472	0.048
18	(0.001, 0.30000000000000004)	0.8619820105899687	0.0005924551188777694	0.11256647258677617	190	42	1.7705334254933118	1.9430356261104786e-05	0.012
19	(0.001, 0.30000000000000004)	0.7978202813326063	0.00048162164501533916	0.09150811255291444	190	34	2.026822248821216	2.611991660166069e-05	0.012
20	(0.001, 0.30000000000000004)	0.8950175636137441	0.0014727842246449428	0.27982900268253913	190	48	1.9544825911966217	0.0001385156525861575	0.011000000000000001
21	(0.001, 0.30000000000000004)	0.7905622963175974	0.0014384753303303592	0.27331031276276824	190	60	1.8543688325462997	0.0001089180944810475	0.01
22	(0.001, 0.30000000000000004)	0.9074661264116024	0.0017097227778904332	0.3248473277991823	190	66	1.9207392219944728	0.00014538110452561034	0.012
23	(0.001, 0.30000000000000004)	0.9160208305521048	0.001703076542182716	0.3235845430147161	190	76	1.77993587980998	0.0003262328363172751	0.018000000000000002
24	(0.001, 0.30000000000000004)	0.7741656968624273	0.0011764226414298267	0.22352030187166708	190	52	1.960506263046161	3.419207770868904e-05	0.013000000000000001
25	(0.001, 0.30000000000000004)	0.8607913204328969	0.0021935327032146885	0.4167712136107909	190	77	1.9300438524696117	0.000226322058439421	0.02
26	(0.001, 0.30000000000000004)	0.7770617065188627	0.001988461741541165	0.37780773089282144	190	72	2.1922425113661603	8.937164374883677e-05	0.015
27	(0.001, 0.30000000000000004)	0.83606912333139	0.0014227739121827794	0.2703270433147281	190	61	1.9621227530497682	9.987418215740008e-05	0.012
28	(0.001, 0.30000000000000004)	0.9047220406012092	0.0020568845217353838	0.3908080591297229	190	71	2.1121332059402866	0.00032958107479152954	0.015
29	(0.001, 0.30000000000000004)	0.8166038489188568	0.0015381014307960063	0.2922392718512412	190	80	2.0526508950970355	0.00013773853956661197	0.013999999999999999
30	(0.001, 0.30000000000000004)	0.8558097864652918	0.0010092603105496657	0.19175945900443644	190	53	1.7127263490359963	0.0001326695186234239	0.009000000000000001
31	(0.001, 0.30000000000000004)	0.21739880748605853	0.00021794199446959186	0.04140897894922245	190	12	2.0555515455453555	1.6709429294381464e-07	0.006999999999999999
32	(0.001, 0.30000000000000004)	0.6294770812605555	0.0007037010392536426	0.1337031974581921	190	47	2.017639126228175	2.7098661293495363e-05	0.01
33	(0.001, 0.30000000000000004)	0.8375972842315317	0.0008785590642928115	0.1669262222156342	190	48	1.8344694389744507	6.364222012908427e-05	0.019
34	(0.001, 0.30000000000000004)	0.7005204168502126	0.0016935933632265415	0.3217827390130429	190	75	1.84912354496904	7.302688802807156e-05	0.015
35	(0.001, 0.30000000000000004)	0.9377376480502321	0.0030295182192134713	0.5756084616505595	190	87	1.6982262165446205	0.000359192556094734	0.017
36	(0.001, 0.30000000000000004)	0.944100300263958	0.0030326347959119524	0.5762006112232709	190	95	1.8281467596439351	0.0009932077886487534	0.063
37	(0.001, 0.30000000000000004)	0.616106762787918	0.000587063136548053	0.11154199594413007	190	39	1.865910258412216	9.698444570938047e-06	0.013000000000000001
38	(0.001, 0.30000000000000004)	0.8693170370368832	0.001551459678540951	0.2947773389227807	190	59	1.7897850608381156	0.00015839376153514717	0.012
39	(0.001, 0.30000000000000004)	0.6612828031437394	0.001610842910740068	0.30606015304061296	190	70	2.3398889339530937	8.431797112107288e-05	0.012
40	(0.001, 0.30000000000000004)	0.8912108361495017	0.0011143744626236787	0.21173114789849895	190	43	1.903489737526944	0.0001312760027048221	0.015
41	(0.001, 0.30000000000000004)	0.8766036479033565	0.0018168592102634933	0.3452032499500638	190	72	1.9217685665152944	0.0001595882384157199	0.013999999999999999
42	(0.001, 0.30000000000000004)	0.8895805899093218	0.0026104995922037453	0.4959949225187117	190	82	1.9576661769840518	0.000359220871874566	0.016
43	(0.001, 0.30000000000000004)	0.8901245795085497	0.0014868883356192995	0.2825087837676669	190	69	1.9134827213354768	0.00023046317216268705	0.016
44	(0.001, 0.30000000000000004)	0.7914193576124343	0.0014134088910307198	0.2685476892958368	190	74	1.8575142951870407	5.913136896318338e-05	0.023
45	(0.001, 0.30000000000000004)	0.919578808363098	0.0026905362426869685	0.511201886110524	190	81	1.8773784838189589	0.0005576715421572453	0.015
46	(0.001, 0.30000000000000004)	0.8922799669225481	0.0024428086239520674	0.4641336385508928	190	72	1.8345557048510432	0.00019329799861184105	0.024
47	(0.001, 0.30000000000000004)	0.8930758035802081	0.0020071153260409905	0.3813519119477882	190	80	2.025482987802276	0.00034165580936035283	0.015
48	(0.001, 0.30000000000000004)	0.8650116211736694	0.0018852713493050773	0.3582015563679647	190	73	1.864078168456532	0.00018194659264847424	0.023
49	(0.001, 0.30000000000000004)	0.8905910084634541	0.000991328346756347	0.18835238588370595	190	59	1.929443663360574	0.00013649859810699327	0.016
50	(0.001, 0.30000000000000004)	0.8788520416746208	0.0022555665711436177	0.4285576485172874	190	77	1.7983349243412308	0.00019313815703203566	0.009000000000000001
51	(0.001, 0.30000000000000004)	0.8579735918800842	0.002154073040566078	0.4092738777075549	190	76	1.8177760381261572	0.0002515705325460416	0.01
52	(0.001, 0.30000000000000004)	0.8523226470294496	0.0016094354909003748	0.3057927432710712	190	76	1.9193096394102205	0.00011972017946343394	0.02
53	(0.001, 0.30000000000000004)	0.6283065285133502	0.0009811530194117064	0.18641907368822425	190	59	1.977130622293623	4.0639019219634864e-05	0.008
54	(0.001, 0.30000000000000004)	0.6898239280955839	0.0014680620841913054	0.27893179599634804	190	71	1.8665403457255891	7.069997413611251e-05	0.023
55	(0.001, 0.30000000000000004)	0.8925233255771806	0.001951169490987068	0.3707222032875429	190	74	1.881358185149216	0.00029671792515695294	0.006
56	(0.001, 0.30000000000000004)	0.8587391839001867	0.002058331396386546	0.3910829653134438	190	75	1.8976211092478352	0.0002751581944940296	0.013999999999999999
57	(0.001, 0.30000000000000004)	0.7988562119428932	0.0018922130478251113	0.3595204790867712	190	70	1.713477423675113	8.206353436290836e-05	0.032
58	(0.001, 0.30000000000000004)	0.7993680229927815	0.0009034084243758024	0.17164760063140244	190	53	2.058832871584133	3.0972927360845004e-05	0.048
59	(0.001, 0.30000000000000004)	0.8023411366503208	0.0012339435182464786	0.23444926846683095	190	66	2.03875436326037	7.269464288356398e-05	0.03
60	(0.001, 0.30000000000000004)	0.8111047477998534	0.0009129480391888741	0.17346012744588607	190	49	2.0972255620533544	5.1268961862444014e-05	0.009000000000000001
61	(0.001, 0.30000000000000004)	0.8312605999169749	0.002320986476994951	0.4409874306290407	190	68	2.062875781118968	0.0001659031415115475	0.017
62	(0.001, 0.30000000000000004)	0.8552515240827109	0.0021408173262596475	0.40675529198933297	190	85	2.0776963003716507	0.00019932879868922448	0.015
63	(0.001, 0.30000000000000004)	0.8243968541234383	0.0017392326468032774	0.33045420289262273	190	67	1.990458750814427	0.00012756241283073955	0.012
64	(0.001, 0.30000000000000004)	0.8138448686992583	0.0014077972371859693	0.2674814750653341	190	73	1.7979627413930586	0.00010490426912229678	0.012
65	(0.001, 0.30000000000000004)	0.8394206252810602	0.0011722641218543913	0.22273018315233434	190	67	1.936806467430576	0.0001182816906208084	0.011000000000000001
66	(0.001, 0.30000000000000004)	0.6242559271118746	0.0016956572893486732	0.3221748849762479	190	68	2.0377988297404706	6.944459363650289e-05	0.012
67	(0.001, 0.30000000000000004)	0.7791558686434047	0.0014708866434384562	0.2794684622533067	190	65	1.9021740788494859	0.00011752133184295131	0.011000000000000001
68	(0.001, 0.30000000000000004)	0.8787028317344461	0.0018910690447937184	0.3593031185108065	190	71	2.0537902334330083	0.0002432460148950044	0.011000000000000001
69	(0.001, 0.30000000000000004)	0.8339581179814521	0.0010415422037161393	0.1978930187060665	190	45	1.74891032102191	4.473789060993605e-05	0.01
70	(0.001, 0.30000000000000004)	0.8993823697686469	0.002236999332176135	0.4250298731134657	190	86	1.7732870362804936	0.00025989718660651695	0.015
71	(0.001, 0.30000000000000004)	0.93953872711835	0.0020528253142973077	0.3900368097164886	190	66	1.9452816913197173	0.0006370138410493054	0.037000000000000005
72	(0.001, 0.30000000000000004)	0.8916277004697372	0.001765258024847942	0.335399024721109	190	70	1.834560997420124	0.0002969290093426946	0.013999999999999999
73	(0.001, 0.30000000000000004)	0.9433228233532738	0.0020737928659600247	0.3940206445324046	190	75	2.0102778204937324	0.0006710976794680468	0.027000000000000003
74	(0.001, 0.30000000000000004)	0.8286891458679669	0.0018422323600218	0.3500241484041419	190	67	2.0915439442574573	8.470110688857391e-05	0.01
75	(0.001, 0.30000000000000004)	0.9333059441647672	0.002372899442475204	0.4508508940702887	190	89	2.210778838270255	0.0004838331390744077	0.032
76	(0.001, 0.30000000000000004)	0.9242157137028548	0.0018915029017757313	0.3593855513373889	190	66	1.9409095756686208	0.00045389967563430616	0.031
77	(0.001, 0.30000000000000004)	0.680378823687604	0.0011081606056057472	0.2105505150650919	190	48	2.4407822956802567	5.474729857049554e-05	0.013000000000000001
78	(0.001, 0.30000000000000004)	0.8611170317094174	0.0016142825742635574	0.3067136891100759	190	57	1.8447064821047692	0.00012656279243911106	0.01
79	(0.001, 0.30000000000000004)	0.7936423953013472	0.0012498097668412625	0.23746385569983985	190	46	2.0025613046296598	0.00010799653588872138	0.013999999999999999
80	(0.001, 0.30000000000000004)	0.7512263608738693	0.0014627420954624135	0.2779209981378586	190	65	1.8582920729193275	0.00010691086414577056	0.017
81	(0.001, 0.30000000000000004)	0.5757547297253441	0.0007041636753393035	0.13379109831446767	190	40	2.1488548324990644	1.1313459280765105e-05	0.009000000000000001
82	(0.001, 0.30000000000000004)	0.850943315505782	0.0024124393666518176	0.4583634796638453	190	81	1.7886571258660595	0.00022482670372064859	0.018000000000000002
83	(0.001, 0.30000000000000004)	0.7680054788428302	0.0008786212823074125	0.16693804363840836	190	49	1.9753814209933729	5.609629956934704e-05	0.013999999999999999
84	(0.001, 0.30000000000000004)	0.813278331296249	0.0013007841905903726	0.24714899621217085	190	63	1.826690482901252	6.452856723260235e-05	0.02
85	(0.001, 0.30000000000000004)	0.7107610936739608	0.0008987711160674703	0.17076651205281934	190	47	2.0221450762039352	3.57155135786158e-05	0.008
86	(0.001, 0.30000000000000004)	0.8239995511574207	0.0008162497686188109	0.15508745603757407	190	45	2.311236321493632	8.155304769216776e-05	0.016
87	(0.001, 0.30000000000000004)	0.918099976395394	0.0007748064367541004	0.14721322298327907	190	45	2.03908892340497	6.761420565057352e-05	0.01
88	(0.001, 0.30000000000000004)	0.9438955548054516	0.0019616420550669887	0.3727119904627279	190	69	2.080927635970141	0.0005566464231490653	0.10800000000000001
89	(0.001, 0.30000000000000004)	0.8663470956727575	0.0021966913590290684	0.41737135821552296	190	83	1.7313884879436114	0.00014301326408777681	0.022000000000000002
90	(0.001, 0.30000000000000004)	0.8469410916036949	0.0016731557290935088	0.3178995885277667	190	76	2.1048444452450954	0.00015265074051795668	0.022000000000000002
91	(0.001, 0.30000000000000004)	0.659018232478518	0.0013931053901172909	0.2646900241222853	190	62	2.276551909797328	5.9600252511227136e-05	0.01
92	(0.001, 0.30000000000000004)	0.8593268455580504	0.0014532912375558886	0.2761253351356189	190	77	2.0128454725466502	0.0001952593569081173	0.013999999999999999
93	(0.001, 0.30000000000000004)	0.8312998356102685	0.0014890245012488025	0.28291465523727244	190	63	1.7589443330304269	6.724410812991577e-05	0.02
94	(0.001, 0.30000000000000004)	0.8411805036499637	0.0012944190482516798	0.24593961916781915	190	72	1.9478379475057632	0.00012415023388312463	0.021
95	(0.001, 0.30000000000000004)	0.6397321390444415	0.001520400914922941	0.2888761738353588	190	70	1.8857081524548367	7.371445300058399e-05	0.02
96	(0.001, 0.30000000000000004)	0.5979476753032787	0.0007847417269317564	0.1491009281170337	190	51	1.7864841024027538	8.33166008931685e-06	0.006999999999999999
97	(0.001, 0.30000000000000004)	0.8210120659065017	0.002244931832200001	0.4265370481180002	190	81	2.158778831891384	9.878869048751682e-05	0.015
98	(0.001, 0.30000000000000004)	0.8348516963365804	0.0019514070714060207	0.3707673435671439	190	71	1.868081546633492	0.0002127668706345953	0.011000000000000001
99	(0.001, 0.30000000000000004)	0.7868426811303312	0.0017221475415182279	0.3272080328884633	190	78	2.1081165893771128	9.040969452972504e-05	0.037000000000000005
