row	hyper	r2	mse	sse	n	df	DW:Lag1	dual_gap	time
0	(0.001, 0.30000000000000004)	0.8938381785111991	0.0015749133554666555	0.29923353753866455	190	52	2.1102611713598893	0.0002678651600483417	0.023
1	(0.001, 0.30000000000000004)	0.5516368177713099	0.0009390555282861935	0.17842055037437676	190	30	1.9594199404731132	3.3934623881598514e-05	0.009
2	(0.001, 0.30000000000000004)	0.5562966110156877	0.002180476939109965	0.4142906184308933	190	41	1.9621974439632817	9.319461894463643e-05	0.014
3	(0.001, 0.30000000000000004)	0.7631247999276616	0.0020527320125703357	0.3900190823883638	190	57	2.2020148486320354	0.00011979108495524526	0.013
4	(0.001, 0.30000000000000004)	0.7411986268319941	0.002123008111600949	0.4033715412041803	190	45	1.8968721607100498	0.00010516749184302787	0.011
5	(0.001, 0.30000000000000004)	0.4334560764001901	0.0002471488178692367	0.04695827539515497	190	14	1.9922599146579627	3.230441962501218e-06	0.008
6	(0.001, 0.30000000000000004)	0.649529741348541	0.0029158344220295922	0.5540085401856225	190	59	1.9211860196706072	0.00014206098560665126	0.038
7	(0.001, 0.30000000000000004)	0.707737216068198	0.0018878454161993126	0.3586906290778694	190	47	2.1813207480049837	9.954698323738631e-05	0.015
8	(0.001, 0.30000000000000004)	0.8416739130955558	0.0007331727313496908	0.13930281895644125	190	24	1.8018574577770758	2.5249171765273637e-05	0.009
9	(0.001, 0.30000000000000004)	0.9008882129765312	0.0019191584988180025	0.36464011477542047	190	52	2.148419342156739	0.000348364690898606	0.014
10	(0.001, 0.30000000000000004)	0.5439353595840212	0.00016085713775581298	0.030562856173604463	190	9	1.9545436590444576	3.270954170055129e-07	0.014
11	(0.001, 0.30000000000000004)	0.6916608445041401	0.0017055430042604903	0.32405317080949314	190	53	1.9813047563830377	0.00010418683512147808	0.031
12	(0.001, 0.30000000000000004)	0.15812515204399413	0.0002125834958612214	0.04039086421363207	190	7	1.9801806065091858	1.688436187530229e-07	0.007
13	(0.001, 0.30000000000000004)	0.7744046466273689	0.0003206061502993517	0.06091516855687683	190	21	1.9164264647470388	1.0002201743151973e-05	0.011
14	(0.001, 0.30000000000000004)	0.7966169402693983	0.0002697521716958465	0.051252912622210836	190	25	1.9630170134871123	5.583954727800267e-06	0.009
15	(0.001, 0.30000000000000004)	0.9183348600527723	0.0011356391901540717	0.2157714461292736	190	36	1.803861119601905	0.00020385459729638233	0.011
16	(0.001, 0.30000000000000004)	0.7390211860125233	0.001704112745377068	0.3237814216216429	190	53	2.0134505164497756	7.925792945462362e-05	0.014
17	(0.001, 0.30000000000000004)	0.8227237105503716	0.0024850508350641926	0.4721596586621966	190	56	1.9770024814173925	0.00021334301171832548	0.009
18	(0.001, 0.30000000000000004)	0.8195047596113125	0.0005784786758174942	0.1099109484053239	190	23	1.9304136057164942	1.7434410929537125e-05	0.011
19	(0.001, 0.30000000000000004)	0.7574745127267499	0.00043821553677735953	0.08326095198769831	190	20	2.034385904722972	1.3707051974370943e-05	0.008
20	(0.001, 0.30000000000000004)	0.830908548716869	0.002177557900018926	0.4137360010035959	190	43	1.9526849722494632	0.00024012563522335384	0.013
21	(0.001, 0.30000000000000004)	0.8431318283159593	0.0011021364930645895	0.209405933682272	190	39	2.217381319564438	2.9326671398238746e-05	0.014
22	(0.001, 0.30000000000000004)	0.9083965108537368	0.0016012453467959683	0.30423661589123396	190	40	1.9999211420295882	0.00028372353020117425	0.01
23	(0.001, 0.30000000000000004)	0.9062634212231753	0.0018355147219835406	0.3487477971768727	190	47	1.9253076835969396	0.00018824286134289103	0.012
24	(0.001, 0.30000000000000004)	0.7368279913789845	0.0010932499100947373	0.20771748291800007	190	34	2.0683128747699437	6.074233034322751e-05	0.011
25	(0.001, 0.30000000000000004)	0.7692352111308063	0.0026532990965059144	0.5041268283361238	190	65	1.9605824780875685	0.0002132347310072058	0.017
26	(0.001, 0.30000000000000004)	0.8069786193727992	0.0015805614655441484	0.3003066784533882	190	47	2.0200115299004735	9.579096332645864e-05	0.015
27	(0.001, 0.30000000000000004)	0.8421251028485337	0.0015842045013307853	0.3009988552528492	190	56	2.103121965603352	0.00011253788256543329	0.012
28	(0.001, 0.30000000000000004)	0.9425327184280206	0.0012621588273454014	0.23981017719562625	190	41	1.9739599820787919	0.00041166777133361254	0.014
29	(0.001, 0.30000000000000004)	0.7584406081012409	0.0017989302836883983	0.34179675390079567	190	49	1.9227802766956572	0.00012929323177590657	0.03
30	(0.001, 0.30000000000000004)	0.8447258747798904	0.0015126718137281865	0.28740764460835544	190	44	1.8393301488742684	0.0001175275146049759	0.019
31	(0.001, 0.30000000000000004)	0.40089293846600405	0.0001786775664829717	0.03394873763176462	190	11	2.168947319432666	3.2208702095623543e-06	0.016
32	(0.001, 0.30000000000000004)	0.6057250006938553	0.0008684318136733984	0.1650020445979457	190	35	1.99843693061732	3.908472757141457e-05	0.011
33	(0.001, 0.30000000000000004)	0.8461321449059518	0.0007099382369213827	0.1348882650150627	190	35	1.9503396289105388	4.739245152263205e-05	0.01
34	(0.001, 0.30000000000000004)	0.5035810404339397	0.0024294565734283833	0.46159674895139285	190	42	1.813047805289033	8.640872214910056e-05	0.009
35	(0.001, 0.30000000000000004)	0.90941785049584	0.003763223331759873	0.7150124330343759	190	63	2.0270320413057132	0.0007690032712914796	0.009
36	(0.001, 0.30000000000000004)	0.9487275753595638	0.0027258471879623943	0.5179109657128549	190	56	2.3228257373541226	0.000859642029854335	0.015
37	(0.001, 0.30000000000000004)	0.607771030684104	0.0005082334639329638	0.09656435814726312	190	23	2.1037097814375896	7.864749560590467e-06	0.01
38	(0.001, 0.30000000000000004)	0.8781478614714668	0.0011472923360035196	0.2179855438406687	190	32	1.8360290177497403	0.00010299308843592092	0.01
39	(0.001, 0.30000000000000004)	0.4070288839421976	0.0022279790537525833	0.42331602021299086	190	39	2.095717567172497	4.158794782144204e-05	0.009
40	(0.001, 0.30000000000000004)	0.8812679528926091	0.00140900093601967	0.2677101778437373	190	40	1.9422271092180878	0.00019583510360254852	0.013
41	(0.001, 0.30000000000000004)	0.8185943287899629	0.0025338650059030443	0.4814343511215784	190	50	2.262763426032404	0.0001735358396564024	0.011
42	(0.001, 0.30000000000000004)	0.8870421136903586	0.0027559206401595493	0.5236249216303144	190	63	2.1530461101127676	0.00043233583101531803	0.024
43	(0.001, 0.30000000000000004)	0.8916859422106559	0.0013152372774612809	0.24989508271764335	190	50	1.9781250434802302	0.00014461759945663677	0.016
44	(0.001, 0.30000000000000004)	0.7001198844411175	0.0018655977443979253	0.3544635714356058	190	49	2.2499819415516558	0.00010452799719701256	0.032
45	(0.001, 0.30000000000000004)	0.89738089751365	0.0033401950099113094	0.6346370518831488	190	65	2.0986772873340307	0.00046449747525501017	0.017
46	(0.001, 0.30000000000000004)	0.9097524758325116	0.0021030966273802355	0.3995883592022447	190	48	1.7927104578175894	0.000389319902394325	0.018
47	(0.001, 0.30000000000000004)	0.9138739539803731	0.0015563855385384647	0.2957132523223083	190	47	1.695782573068684	0.00012722386783592388	0.013
48	(0.001, 0.30000000000000004)	0.8805564731991719	0.0016395622481671702	0.3115168271517623	190	51	2.0661070989182355	0.00016308492103467298	0.016
49	(0.001, 0.30000000000000004)	0.8376741036573443	0.0012330177171316758	0.23427336625501838	190	40	2.0041016762831103	0.00012703795048343847	0.016
50	(0.001, 0.30000000000000004)	0.9118516678395373	0.0022749922646242214	0.4322485302786021	190	55	1.8981238228722064	0.00044474901821706103	0.014
51	(0.001, 0.30000000000000004)	0.8405237963067108	0.0022984499303217525	0.43670548676113297	190	51	1.836384879355095	0.00013954570801189004	0.014
52	(0.001, 0.30000000000000004)	0.8351955119128542	0.0016980428725765788	0.32262814578954996	190	41	2.0178401430553503	0.00010681766332926168	0.013
53	(0.001, 0.30000000000000004)	0.6166312906989555	0.0009838912357416749	0.18693933479091823	190	36	2.134932165097547	2.0254634135158378e-05	0.01
54	(0.001, 0.30000000000000004)	0.6022871670303909	0.0014559306790242188	0.27662682901460156	190	42	1.74245284559736	6.420652591621057e-05	0.018
55	(0.001, 0.30000000000000004)	0.878376508784352	0.0023621577160532563	0.4488099660501187	190	52	2.057594069768908	0.0003208165639304039	0.017
56	(0.001, 0.30000000000000004)	0.8796455613761762	0.001839304931665785	0.34946793701649914	190	44	2.0230015273407966	0.00015761901822558544	0.011
57	(0.001, 0.30000000000000004)	0.8695984143195387	0.0012186187264588034	0.23153755802717263	190	39	1.9775041252767362	0.00017370130454161248	0.012
58	(0.001, 0.30000000000000004)	0.8391329236447624	0.0007525956378678041	0.14299317119488278	190	29	1.8561739938809927	7.875121559061671e-05	0.014
59	(0.001, 0.30000000000000004)	0.8052067364170901	0.0011908912080205798	0.22626932952391016	190	43	2.053196437945411	9.94088012763461e-05	0.012
60	(0.001, 0.30000000000000004)	0.8470053622411748	0.0007166864552635577	0.13617042650007596	190	36	1.8419041255951583	5.1211478643148345e-05	0.017
61	(0.001, 0.30000000000000004)	0.8297396897670773	0.0022032480652832745	0.41861713240382215	190	45	2.0243304334348236	0.0002206079940716421	0.019
62	(0.001, 0.30000000000000004)	0.8772202954526482	0.0018909709128074595	0.3592844734334173	190	46	1.9591711330796784	0.0002676391723583915	0.012
63	(0.001, 0.30000000000000004)	0.8842256141017781	0.0013194575460170718	0.25069693374324364	190	47	1.9012401601878912	0.00016462305223380325	0.018
64	(0.001, 0.30000000000000004)	0.667048009145334	0.0025895456172525823	0.4920136672779906	190	49	1.7903790215296151	0.00014371493932158197	0.012
65	(0.001, 0.30000000000000004)	0.7801946465705066	0.0017060835693914619	0.32415587818437774	190	58	2.0519221325282095	0.0001422584948379546	0.015
66	(0.001, 0.30000000000000004)	0.6293254041544314	0.0016234695256453584	0.3084592098726181	190	42	2.086709479316855	6.0888544922033105e-05	0.01
67	(0.001, 0.30000000000000004)	0.757030864130309	0.0016918483908757351	0.3214511942663897	190	45	2.0241371912462074	6.446294901518712e-05	0.013
68	(0.001, 0.30000000000000004)	0.9024582252927391	0.0013544681471146641	0.2573489479517862	190	34	1.9055110732822065	0.0001934895754091004	0.012
69	(0.001, 0.30000000000000004)	0.7737980918524061	0.0013952205177852855	0.26509189837920427	190	32	2.0371569625955814	0.00011562940777110065	0.019
70	(0.001, 0.30000000000000004)	0.890519023732934	0.002469377342190785	0.4691816950162491	190	51	2.0972571845322596	0.00033499651265200825	0.014
71	(0.001, 0.30000000000000004)	0.9432737056161431	0.0017812510189402454	0.3384376935986466	190	52	2.3838143551439592	0.0004622059616908314	0.017
72	(0.001, 0.30000000000000004)	0.9006287586763758	0.0014145304269299254	0.26876078111668583	190	51	1.9093301549437518	0.00018859106555002558	0.014
73	(0.001, 0.30000000000000004)	0.9543478732037834	0.0015726408688095828	0.2988017650738207	190	38	2.2133157702408894	0.0003109875939555917	0.014
74	(0.001, 0.30000000000000004)	0.826752216918535	0.0017610965438293316	0.334608343327573	190	52	2.0550140831644104	0.00018524446781376103	0.024
75	(0.001, 0.30000000000000004)	0.9439787462345126	0.0021585875892318335	0.4101316419540484	190	54	2.079657382436452	0.0003317097953253745	0.014
76	(0.001, 0.30000000000000004)	0.9590629266211808	0.0010422775253572263	0.198032729817873	190	45	2.1748346104064735	0.00020254566854255307	0.015
77	(0.001, 0.30000000000000004)	0.7801269098755096	0.0008564420256876197	0.16272398488064774	190	25	2.207665037741462	9.37519285348909e-06	0.01
78	(0.001, 0.30000000000000004)	0.9009942423215268	0.0011003790325135856	0.20907201617758128	190	33	2.0912484521767376	3.960135513975116e-05	0.017
79	(0.001, 0.30000000000000004)	0.7734336432148945	0.0013940166330038096	0.2648631602707238	190	38	2.086106806347648	0.00011358436566127894	0.014
80	(0.001, 0.30000000000000004)	0.7166686554391216	0.0016633968725945822	0.31604540579297064	190	46	1.8881773122735832	8.727529323215855e-05	0.012
81	(0.001, 0.30000000000000004)	0.6043132696657894	0.0007484608625304098	0.14220756388077785	190	29	2.274871334536733	1.6259433781778965e-05	0.013
82	(0.001, 0.30000000000000004)	0.8689978759759136	0.002404842885829006	0.45692014830751115	190	47	2.0624503784294643	0.00019726383620610743	0.024
83	(0.001, 0.30000000000000004)	0.771736580606506	0.0009024108571882206	0.1714580628657619	190	35	2.0708804542026704	5.55258744661391e-05	0.022
84	(0.001, 0.30000000000000004)	0.7674958775397736	0.001790368727412945	0.3401700582084596	190	54	2.0423975487923673	0.00012598260314089504	0.015
85	(0.001, 0.30000000000000004)	0.7158447378723349	0.0008512403397500869	0.1617356645525165	190	29	1.9877527879728243	3.95150584217574e-05	0.011
86	(0.001, 0.30000000000000004)	0.8567139689390371	0.0007709026337927689	0.1464715004206261	190	36	2.183681840719733	6.354799737864902e-05	0.014
87	(0.001, 0.30000000000000004)	0.8641799278524094	0.0011492623603046072	0.21835984845787537	190	45	1.9363342462327373	0.0001286642051714082	0.016
88	(0.001, 0.30000000000000004)	0.9444386650753368	0.0023020939164655847	0.43739784412846106	190	49	1.8133790422385767	0.0006980890974950249	0.029
89	(0.001, 0.30000000000000004)	0.8804313531710182	0.0019927501206405914	0.3786225229217124	190	52	1.8907590252386364	0.00031056048408889536	0.015
90	(0.001, 0.30000000000000004)	0.7432795937875094	0.0029219672169512483	0.5551737712207372	190	59	1.83041858016827	0.00017078189948926958	0.015
91	(0.001, 0.30000000000000004)	0.6689028830248299	0.0013231866637689236	0.2514054661160955	190	42	2.050608933448056	4.81934392788097e-05	0.019
92	(0.001, 0.30000000000000004)	0.8806104760418453	0.001963475656539193	0.3730603747424467	190	53	1.9802738191049365	0.00024979975084382655	0.013
93	(0.001, 0.30000000000000004)	0.8351356514368896	0.0014820338515340154	0.2815864317914629	190	49	2.0886243220879352	0.00013723571274926183	0.017
94	(0.001, 0.30000000000000004)	0.8005662350781161	0.0017102225293977992	0.32494228058558183	190	49	1.8815834469938435	9.001212041426232e-05	0.01
95	(0.001, 0.30000000000000004)	0.5584007162094428	0.0024533830529565536	0.46614278006174514	190	51	1.9698694818595053	9.878586673628398e-05	0.013
96	(0.001, 0.30000000000000004)	0.43771392057845493	0.0008215617032021721	0.1560967236084127	190	22	1.8627176950173516	1.7438377334422217e-05	0.01
97	(0.001, 0.30000000000000004)	0.8047016744433295	0.0025497206140690253	0.4844469166731148	190	50	1.9117300317303816	0.0002140241625861461	0.013
98	(0.001, 0.30000000000000004)	0.8316784993997092	0.00199745676469937	0.37951678529288035	190	48	1.9909569318554983	0.00020498581955963324	0.015
99	(0.001, 0.30000000000000004)	0.6738301438323072	0.002369431190632028	0.4501919262200853	190	51	2.2613793924085255	0.00013307914932925158	0.015
