row	hyper	r2	mse	sse	n	df	DW:Lag1	dual_gap	time
0	(0.001, 0.30000000000000004)	0.8708271635424942	0.001746054254207316	0.3317503082993901	190	73	1.9991237865618319	0.0002522106639303301	0.006
1	(0.001, 0.30000000000000004)	0.6410124461508944	0.0009497141162936227	0.18044568209578835	190	54	2.1186136908633784	2.0173733508072056e-05	0.008
2	(0.001, 0.30000000000000004)	0.7844634541709055	0.0011236255964883993	0.21348886333279588	190	79	2.063828915982628	9.849920217430695e-05	0.015
3	(0.001, 0.30000000000000004)	0.8194944127923063	0.0016826777250551154	0.319708767760472	190	73	1.7103898078615452	0.00014257529967742766	0.009000000000000001
4	(0.001, 0.30000000000000004)	0.8293404406268963	0.0012877177146512972	0.24466636578374645	190	68	1.8870017649753656	0.00010890205037761279	0.006
5	(0.001, 0.30000000000000004)	0.15380819112494026	0.0003116088151339666	0.05920567487545366	190	12	2.013185177309166	9.169435824518679e-08	0.004
6	(0.001, 0.30000000000000004)	0.7648988229532265	0.001352636512930355	0.25700093745676744	190	65	1.8692883725905347	7.936332364372191e-05	0.006
7	(0.001, 0.30000000000000004)	0.8143764427062342	0.001293598568983052	0.2457837281067799	190	72	1.8077629916161981	0.00012802228268260496	0.006
8	(0.001, 0.30000000000000004)	0.7858359859313759	0.0007501639018084232	0.14253114134360034	190	35	2.0186092054585383	5.3338491606685905e-05	0.005
9	(0.001, 0.30000000000000004)	0.9124052837758184	0.0014132331197196071	0.2685142927467253	190	67	2.0157382961432684	0.0002458166806826312	0.006999999999999999
10	(0.001, 0.30000000000000004)	0.16550087762267873	0.0001929081531725359	0.03665254910278182	190	11	1.9439570905128944	2.6072035175933594e-07	0.003
11	(0.001, 0.30000000000000004)	0.7094776704090486	0.0014551885553325096	0.2764858255131768	190	62	2.2010632625294018	7.996117932168591e-05	0.005
12	(0.001, 0.30000000000000004)	0.19292656129258826	0.0001990804265567817	0.03782528104578852	190	10	2.1273984185830934	2.9138705380515884e-07	0.003
13	(0.001, 0.30000000000000004)	0.6715180935559852	0.0005706630644646481	0.10842598224828316	190	34	2.078932817963072	1.47549728479468e-05	0.005
14	(0.001, 0.30000000000000004)	0.4463311126512455	0.0003989427629321185	0.07579912495710253	190	16	1.852081585314992	2.294538353347919e-06	0.005
15	(0.001, 0.30000000000000004)	0.9228292791074716	0.001224213890772609	0.2326006392467957	190	70	1.9137544513591536	0.00029663050673423014	0.005
16	(0.001, 0.30000000000000004)	0.77581268199451	0.0013726219144220401	0.2607981637401876	190	62	2.034551483439824	7.089460202891473e-05	0.005
17	(0.001, 0.30000000000000004)	0.8789167768036429	0.0015366661707809294	0.29196657244837665	190	70	1.9189910262418204	0.00011805002773795922	0.006999999999999999
18	(0.001, 0.30000000000000004)	0.7963898694460081	0.0006664527249988282	0.12662601774977736	190	41	1.989661980865554	1.7327507270653575e-05	0.006999999999999999
19	(0.001, 0.30000000000000004)	0.7430188509980606	0.0005136325772296314	0.09759018967362997	190	33	1.9780643071678423	1.7512739796846092e-05	0.006
20	(0.001, 0.30000000000000004)	0.9271298601269284	0.0008299049391339838	0.15768193843545691	190	48	1.9126895409392792	0.0001804126763026992	0.006
21	(0.001, 0.30000000000000004)	0.8343877492130829	0.0011121511936513396	0.2113087267937545	190	50	1.7930717739761188	4.98608570915493e-05	0.006999999999999999
22	(0.001, 0.30000000000000004)	0.9286937310829216	0.0013978538129280065	0.26559222445632125	190	64	1.7641400240421945	0.00022225157096134043	0.006999999999999999
23	(0.001, 0.30000000000000004)	0.9339547054337334	0.0016258753770016302	0.3089163216303097	190	81	1.8210286531166315	0.0002952038889990072	0.008
24	(0.001, 0.30000000000000004)	0.7812031423499627	0.000995545418706951	0.18915362955432072	190	54	1.7164067460584718	6.439237859903746e-05	0.005
25	(0.001, 0.30000000000000004)	0.8724983497889401	0.0016908671278030821	0.3212647542825856	190	75	1.869557466565817	0.00014432606779007928	0.005
26	(0.001, 0.30000000000000004)	0.7671788252137679	0.0018373948536681238	0.3491050221969436	190	64	2.2130920553805478	8.353364115382123e-05	0.009000000000000001
27	(0.001, 0.30000000000000004)	0.8716542820422584	0.0012010401205022985	0.22819762289543666	190	68	1.7049031742947296	0.00015105913432242324	0.005
28	(0.001, 0.30000000000000004)	0.9276557628603354	0.0015690897997785284	0.29812706195792044	190	77	2.021852205572168	0.00025417367175051275	0.011000000000000001
29	(0.001, 0.30000000000000004)	0.8029111835760938	0.0013569177917394707	0.2578143804304995	190	73	2.1307803139630166	7.176240298806258e-05	0.013999999999999999
30	(0.001, 0.30000000000000004)	0.8652615253784974	0.0011171932182474766	0.21226671146702053	190	59	1.9035018675916509	0.00012945490437729634	0.006
31	(0.001, 0.30000000000000004)	0.10720490260198412	0.00016137848983310897	0.030661913068290705	190	6	1.983387809667344	1.5719704680311478e-08	0.004
32	(0.001, 0.30000000000000004)	0.6359467408595687	0.0006665013327669171	0.12663525322571426	190	46	2.1487914085688193	6.330522984682174e-06	0.005
33	(0.001, 0.30000000000000004)	0.8142501118743656	0.0009317361291399943	0.1770298645365989	190	63	1.9093836550678032	8.390749634504258e-05	0.009000000000000001
34	(0.001, 0.30000000000000004)	0.7385138122189643	0.001335655272757768	0.25377450182397593	190	68	1.8398526157846695	6.018893744846876e-05	0.006999999999999999
35	(0.001, 0.30000000000000004)	0.9479774069754158	0.002213072133341224	0.4204837053348325	190	90	2.097364089521418	0.0004640840612451514	0.008
36	(0.001, 0.30000000000000004)	0.9533117612949238	0.0022840900072827602	0.4339771013837245	190	92	1.9803672475910803	0.0008880894905089477	0.043
37	(0.001, 0.30000000000000004)	0.5681230690721566	0.0005940366687398432	0.11286696706057014	190	40	2.1421695900563558	1.829021662762276e-05	0.006999999999999999
38	(0.001, 0.30000000000000004)	0.8895336203057943	0.0014013368923992185	0.2662540095558515	190	67	2.1352969920826457	0.00019927118853929612	0.006
39	(0.001, 0.30000000000000004)	0.6521583856417545	0.0013359436509083349	0.2538292936725837	190	67	2.1179735291998645	3.667511291843839e-05	0.006
40	(0.001, 0.30000000000000004)	0.8759004193097231	0.0012156179095125011	0.2309674028073753	190	66	1.884167532808898	0.00011925812580534934	0.006
41	(0.001, 0.30000000000000004)	0.9069639913551631	0.001591375129917051	0.3023612746842397	190	73	1.857286604052529	0.0002543354211281823	0.009000000000000001
42	(0.001, 0.30000000000000004)	0.9030098627828862	0.002264037623127393	0.4301671483942046	190	74	2.0778051435075926	0.00037185912294002144	0.011000000000000001
43	(0.001, 0.30000000000000004)	0.8897400993335397	0.0014592950791634818	0.27726606504106155	190	72	1.898713032964548	0.00016446685899323965	0.008
44	(0.001, 0.30000000000000004)	0.8337862399984334	0.001279593490661983	0.24312276322577675	190	63	2.148259053502531	0.00010428310959953446	0.006999999999999999
45	(0.001, 0.30000000000000004)	0.9204756659668653	0.002476864752201462	0.4706043029182778	190	85	1.8464079914119667	0.00042836022972431165	0.006999999999999999
46	(0.001, 0.30000000000000004)	0.905020340978654	0.0021040905832052045	0.3997772108089889	190	77	1.8994451848760825	0.0003117284376638607	0.006999999999999999
47	(0.001, 0.30000000000000004)	0.8989566740740499	0.0018869579231469886	0.35852200539792783	190	79	1.7265568388176509	0.0003460936981100615	0.008
48	(0.001, 0.30000000000000004)	0.8690365258373497	0.0016934482666427929	0.3217551706621306	190	81	1.9836386549735907	0.00012262752084118977	0.009000000000000001
49	(0.001, 0.30000000000000004)	0.9018574763122272	0.0009372825802877752	0.17808369025467727	190	62	1.7140545970606635	0.00016229462242073334	0.008
50	(0.001, 0.30000000000000004)	0.9136549545394292	0.0017567932334744973	0.3337907143601545	190	71	1.956878519698828	0.0003049924280947857	0.01
51	(0.001, 0.30000000000000004)	0.8602728453011971	0.0018108497216079052	0.344061447105502	190	74	1.9352453624697503	0.00010993177227097696	0.012
52	(0.001, 0.30000000000000004)	0.8647542595469019	0.0015164625051882412	0.28812787598576584	190	77	1.743761509834801	0.000201704778796441	0.011000000000000001
53	(0.001, 0.30000000000000004)	0.6282897291562508	0.0008854461744550496	0.16823477314645946	190	49	2.065483991082952	1.8497116739735198e-05	0.005
54	(0.001, 0.30000000000000004)	0.7490075192901147	0.0013639638667386296	0.2591531346803396	190	70	2.012641666136811	8.063244987749352e-05	0.005
55	(0.001, 0.30000000000000004)	0.8900623593548416	0.0019874853528145686	0.37762221703476795	190	76	1.767890784265222	0.0002613586524009559	0.01
56	(0.001, 0.30000000000000004)	0.845298813781341	0.0021195392314922227	0.40271245398352223	190	74	1.9492583240257328	9.730156766729614e-05	0.012
57	(0.001, 0.30000000000000004)	0.8538482744619496	0.001447671039566758	0.27505749751768405	190	71	1.9364284583239788	0.00016258564582594115	0.012
58	(0.001, 0.30000000000000004)	0.7893918455466841	0.0009339261168289877	0.17744596219750766	190	50	2.1148106064956105	4.3140828786369934e-05	0.006999999999999999
59	(0.001, 0.30000000000000004)	0.8217333086626823	0.0010775466439553382	0.20473386235151428	190	60	1.9977594433079024	8.793039264118341e-05	0.008
60	(0.001, 0.30000000000000004)	0.8437001696333366	0.0008829639535718803	0.16776315117865725	190	52	2.0132257773087052	4.621364868803712e-05	0.009000000000000001
61	(0.001, 0.30000000000000004)	0.8852584055867225	0.0016170429231619054	0.30723815540076205	190	63	1.6013461743539	0.00023827494865469312	0.005
62	(0.001, 0.30000000000000004)	0.8823620332444277	0.0018161773163777508	0.34507369011177264	190	72	1.9127047129696964	0.0002453845665478793	0.006
63	(0.001, 0.30000000000000004)	0.8629586446455643	0.0013752369050235964	0.2612950119544833	190	75	1.868544395095757	9.408404821265036e-05	0.008
64	(0.001, 0.30000000000000004)	0.8110853111591145	0.001294455413724175	0.24594652860759325	190	70	1.8580157647967932	0.0001228106069341428	0.006999999999999999
65	(0.001, 0.30000000000000004)	0.8494269492688108	0.0011132228357804222	0.21151233879828016	190	67	1.8504203270779596	0.0001027132251852636	0.008
66	(0.001, 0.30000000000000004)	0.7060563080539052	0.0011709096001482312	0.22247282402816396	190	61	1.9347609128878585	2.181342705226408e-05	0.005
67	(0.001, 0.30000000000000004)	0.7929800527014946	0.0015064747225719786	0.286230197288676	190	66	1.9196723937298985	0.00013266300526437738	0.008
68	(0.001, 0.30000000000000004)	0.9027157960115828	0.001410408067275977	0.26797753278243563	190	69	2.0065009643636293	0.00018190051266003812	0.009000000000000001
69	(0.001, 0.30000000000000004)	0.7981813735995693	0.0010490914637731072	0.1993273781168904	190	47	1.9387118400842036	5.000177992248167e-05	0.005
70	(0.001, 0.30000000000000004)	0.9340743464945799	0.0015276006069026384	0.2902441153115013	190	80	2.081845433252413	0.00030081785161034663	0.009000000000000001
71	(0.001, 0.30000000000000004)	0.93691386120204	0.0019115623234774442	0.3631968414607143	190	64	2.0534331880126984	0.0003981130653787357	0.019
72	(0.001, 0.30000000000000004)	0.899446026488675	0.0015533638586361178	0.2951391331408624	190	70	1.9941866474925212	0.00026786310275517256	0.009000000000000001
73	(0.001, 0.30000000000000004)	0.959316520605946	0.0015064468171734338	0.2862248952629524	190	77	1.9844445458999072	0.0006136431938653653	0.013999999999999999
74	(0.001, 0.30000000000000004)	0.8542137472025693	0.0015296009420810825	0.2906241789954057	190	71	1.981402497842876	0.0001534312067444921	0.006
75	(0.001, 0.30000000000000004)	0.9353452994650588	0.002514548578673309	0.4777642299479288	190	85	1.855556830381582	0.00043353847712701565	0.006999999999999999
76	(0.001, 0.30000000000000004)	0.9435334621956949	0.0014013386441387627	0.2662543423863649	190	68	1.936914687248356	0.0004160837229876258	0.006
77	(0.001, 0.30000000000000004)	0.7009583271527147	0.0012009268655475364	0.22817610445403186	190	57	1.7988155266530572	3.346588720118393e-05	0.006999999999999999
78	(0.001, 0.30000000000000004)	0.8793033820572581	0.0013225919327259311	0.2512924672179269	190	68	1.900616486024597	0.00020660192023441717	0.006
79	(0.001, 0.30000000000000004)	0.7967184498061329	0.0012273179332896124	0.23319040732502636	190	55	2.017927419553534	6.608577693639761e-05	0.006999999999999999
80	(0.001, 0.30000000000000004)	0.6923068518265001	0.001650048838094914	0.3135092792380336	190	66	1.9666363000474092	0.00010114434284319572	0.006999999999999999
81	(0.001, 0.30000000000000004)	0.4780970788731173	0.0006777669460065782	0.12877571974124988	190	31	2.24344889497881	5.434285177630116e-06	0.004
82	(0.001, 0.30000000000000004)	0.865614052377107	0.0022870823313850515	0.4345456429631598	190	84	2.2980770574628253	0.00016746623607394318	0.008
83	(0.001, 0.30000000000000004)	0.7781500191142847	0.0007589143932188088	0.14419373471157365	190	44	2.2253855562353766	3.75302506617492e-05	0.009000000000000001
84	(0.001, 0.30000000000000004)	0.8047147344345393	0.0013145750258258045	0.24976925490690285	190	64	2.107684874634901	4.386320797133969e-05	0.006
85	(0.001, 0.30000000000000004)	0.6983271038499504	0.0009789765493146024	0.1860055443697744	190	52	1.982463149915906	5.494152460450152e-05	0.005
86	(0.001, 0.30000000000000004)	0.8163276562774173	0.0008013502646573233	0.15225655028489146	190	53	2.114045479579883	7.366426845936691e-05	0.006
87	(0.001, 0.30000000000000004)	0.9264397206604956	0.0007882159767067336	0.1497610355742794	190	59	1.882995144530692	0.000165279613231345	0.006999999999999999
88	(0.001, 0.30000000000000004)	0.9463768732260416	0.0022302883448844513	0.4237547855280457	190	78	1.7956649199530266	0.0007782440940498625	0.023
89	(0.001, 0.30000000000000004)	0.8845387193884678	0.0019165507016318452	0.36414463331005065	190	74	2.1480149981109773	0.00024294475662534062	0.008
90	(0.001, 0.30000000000000004)	0.8553362518313179	0.001713482069743261	0.3255615932512196	190	77	1.8474842195278027	0.00019864390005069896	0.006
91	(0.001, 0.30000000000000004)	0.7642948235089315	0.00104811794462486	0.1991424094787234	190	66	2.149841535263356	3.8930030609396475e-05	0.006999999999999999
92	(0.001, 0.30000000000000004)	0.8433254505283374	0.0017268304954693211	0.3280977941391709	190	63	1.923018373291029	0.0001853046010114601	0.008
93	(0.001, 0.30000000000000004)	0.8226422387812787	0.001395194893283958	0.26508702972395204	190	74	1.9224032310706285	0.0001367648746475325	0.006
94	(0.001, 0.30000000000000004)	0.7924095519805578	0.0014059083547629714	0.2671225874049645	190	65	2.101794095925112	5.304978591541554e-05	0.006999999999999999
95	(0.001, 0.30000000000000004)	0.7839415697897396	0.0010373633110553131	0.19709902910050944	190	62	1.8982528517904764	6.851148795691821e-05	0.005
96	(0.001, 0.30000000000000004)	0.528177788391848	0.0009071261995654321	0.17235397791743207	190	47	1.7765603424946406	1.0283425760565512e-05	0.005
97	(0.001, 0.30000000000000004)	0.8582448477265	0.0018871459589918046	0.3585577322084429	190	78	2.1044478746990025	0.00018601160053671742	0.008
98	(0.001, 0.30000000000000004)	0.8476773871389758	0.0017070995472706694	0.3243489139814272	190	81	1.6789640304706406	0.00021101148199587086	0.006
99	(0.001, 0.30000000000000004)	0.8028493307629156	0.0013880022587112266	0.26372042915513305	190	74	2.1506751729455025	8.070635085821731e-05	0.008
