row	hyper	r2	mse	sse	n	df	DW:Lag1	dual_gap	time
0	(0.001, 0.30000000000000004)	0.8870566139968388	0.0015144927756275245	0.28775362736922966	190	48	2.1371262834171585	0.0002451058917626314	0.01
1	(0.001, 0.30000000000000004)	0.5781601206712998	0.0009645916677760649	0.18327241687745233	190	33	2.266748248650683	2.181799504449855e-05	0.006
2	(0.001, 0.30000000000000004)	0.5218239982453732	0.0019135062671905099	0.3635661907661969	190	39	1.9263052213888343	5.625139189674444e-05	0.008
3	(0.001, 0.30000000000000004)	0.7767335842723532	0.002046120975401637	0.38876298532631104	190	48	1.9723334534597714	0.00015573787320621868	0.009
4	(0.001, 0.30000000000000004)	0.6616411303421422	0.0023206250862459984	0.4409187663867397	190	58	1.7883991196939648	0.00012934792697322228	0.009
5	(0.001, 0.30000000000000004)	0.3227349316261364	0.00021077907345965413	0.04004802395733428	190	12	1.9900930603893636	1.3574088763568248e-06	0.005
6	(0.001, 0.30000000000000004)	0.5554572067824459	0.002787551215867595	0.529634731014843	190	64	1.687569407825411	0.00010216529137996311	0.014
7	(0.001, 0.30000000000000004)	0.715508772534282	0.001502961557630546	0.28556269594980377	190	37	1.815734090467183	9.275050128909612e-05	0.01
8	(0.001, 0.30000000000000004)	0.8971087268651913	0.0006453670498648927	0.12261973947432961	190	31	1.8875525712355279	6.30184334424605e-05	0.006
9	(0.001, 0.30000000000000004)	0.8809041056099296	0.0020734525652539876	0.39395598739825766	190	55	2.0688713184838177	0.0003044093169457529	0.008
10	(0.001, 0.30000000000000004)	0.5343353475846564	0.00014974892359975395	0.02845229548395325	190	16	1.9273731448504012	1.4274991413897042e-06	0.005
11	(0.001, 0.30000000000000004)	0.7400788055571514	0.0015904544100302357	0.3021863379057448	190	51	2.2256226725294836	0.00011443622702334011	0.01
12	(0.001, 0.30000000000000004)	0.15129453878691757	0.00018676293174492518	0.035484957031535785	190	4	1.78248749913625	1.5625338926003596e-06	0.004
13	(0.001, 0.30000000000000004)	0.6921207516478556	0.0004613616731748808	0.08765871790322735	190	27	2.062721409137886	2.5708950342512304e-05	0.009
14	(0.001, 0.30000000000000004)	0.5891056563424992	0.00022891071849521062	0.04349303651409002	190	18	2.2663161512450687	8.738289961431056e-06	0.01
15	(0.001, 0.30000000000000004)	0.8578093596993777	0.0018016649739184469	0.3423163450445049	190	51	1.9113781358628292	0.00023932344941540729	0.01
16	(0.001, 0.30000000000000004)	0.7701039290416435	0.0016011115012200049	0.3042111852318009	190	55	2.1018011576651427	0.0001064838453521122	0.007
17	(0.001, 0.30000000000000004)	0.8597245966472058	0.0017786392397864197	0.33794145555941973	190	45	1.7785520829286752	0.00013614852578602843	0.008
18	(0.001, 0.30000000000000004)	0.9205816115322292	0.0004907038919926293	0.09323373947859956	190	30	1.7993043757107061	8.922642099067069e-05	0.005
19	(0.001, 0.30000000000000004)	0.8709305093046611	0.00045393451060613113	0.08624755701516491	190	23	1.8570668671491617	2.088197734005648e-05	0.005
20	(0.001, 0.30000000000000004)	0.8736729254883953	0.0016351652928750357	0.3106814056462568	190	44	2.1220135950090873	0.00020959087284155853	0.015
21	(0.001, 0.30000000000000004)	0.8091137225274723	0.0011902415353167357	0.2261458917101798	190	28	2.1776343105585583	5.553816960188196e-05	0.006
22	(0.001, 0.30000000000000004)	0.937576377516009	0.0012623459810217088	0.23984573639412465	190	32	2.0737286536077204	0.00027263395129661916	0.007
23	(0.001, 0.30000000000000004)	0.9373722226280491	0.0013571325129834888	0.2578551774668629	190	44	2.0988853239745	0.0003951916402304967	0.008
24	(0.001, 0.30000000000000004)	0.8121112528559424	0.0010513846370558402	0.19976308104060964	190	37	1.95282951119534	7.193771252189674e-05	0.012
25	(0.001, 0.30000000000000004)	0.8173771780781556	0.0028434406611841535	0.5402537256249892	190	61	1.8391770223012058	0.00026255836355848494	0.008
26	(0.001, 0.30000000000000004)	0.8180846494957482	0.0017180156768942052	0.326422978609899	190	53	2.113032824389571	0.00013367233979150184	0.008
27	(0.001, 0.30000000000000004)	0.8273040563444255	0.0016255619317258345	0.30885676702790854	190	53	1.8859418071377283	0.00012951692887769317	0.008
28	(0.001, 0.30000000000000004)	0.9443094588147155	0.0013077852364494148	0.24847919492538884	190	44	2.0424415283600488	0.0003636946291865062	0.008
29	(0.001, 0.30000000000000004)	0.7309630275256571	0.0020011564282909904	0.38021972137528814	190	46	1.8488026541482445	7.89622828802905e-05	0.007
30	(0.001, 0.30000000000000004)	0.8764826694359261	0.0012960253495145344	0.24624481640776152	190	51	2.015337043369974	0.00010888918339641007	0.01
31	(0.001, 0.30000000000000004)	0.3920021353440777	0.00020878695374986799	0.03966952121247492	190	15	1.871912952790395	7.823732766573666e-07	0.007
32	(0.001, 0.30000000000000004)	0.5911008067706945	0.0006687846370690081	0.12706908104311154	190	20	1.844110557316014	7.4326104986532915e-06	0.005
33	(0.001, 0.30000000000000004)	0.9083686618987168	0.0006787603138521601	0.12896445963191042	190	31	2.031548872122236	8.273862409224897e-05	0.01
34	(0.001, 0.30000000000000004)	0.6236825283665608	0.0020766898849488295	0.3945710781402776	190	47	2.059022990294792	8.1054834895955e-05	0.013
35	(0.001, 0.30000000000000004)	0.8996984416132345	0.00438363715760414	0.8328910599447866	190	71	2.041087144680522	0.0007516688579395359	0.013
36	(0.001, 0.30000000000000004)	0.9451631272378622	0.002603939446733408	0.4947484948793475	190	69	1.7895721279019525	0.000707671463423265	0.011
37	(0.001, 0.30000000000000004)	0.7402960936124761	0.0005360628380184947	0.10185193922351399	190	28	1.866910894156611	1.2121008774901298e-05	0.005
38	(0.001, 0.30000000000000004)	0.8464822261680138	0.002023168494708546	0.38440201399462376	190	56	1.9630675697938291	0.00023274166783371353	0.012
39	(0.001, 0.30000000000000004)	0.507287148295769	0.0019304468142272006	0.3667848947031681	190	46	2.0501954042348323	6.963364100925906e-05	0.012
40	(0.001, 0.30000000000000004)	0.9090974623584815	0.0009801889712022917	0.18623590452843541	190	37	2.3012562955237716	0.00011814492205267091	0.006
41	(0.001, 0.30000000000000004)	0.8124811901184508	0.0023156662214746794	0.4399765820801891	190	55	2.0761354380445027	0.0002072847988583426	0.007
42	(0.001, 0.30000000000000004)	0.8933690568068179	0.002448727189466999	0.4652581659987298	190	51	1.9515008553946533	0.0001772892794725811	0.007
43	(0.001, 0.30000000000000004)	0.8646280704324653	0.0015635192657469143	0.2970686604919137	190	36	1.7634870559019273	0.00011892520717260435	0.007
44	(0.001, 0.30000000000000004)	0.7355040079680085	0.001988266045388268	0.3777705486237709	190	51	2.013494652118357	5.148387061360005e-05	0.018
45	(0.001, 0.30000000000000004)	0.8791183752119729	0.00357781635066369	0.6797851066261011	190	65	1.9476039421440638	0.0004050266705568628	0.013
46	(0.001, 0.30000000000000004)	0.9171155132446946	0.001975649688147781	0.3753734407480783	190	51	1.997190958171409	0.0004239302706793846	0.009
47	(0.001, 0.30000000000000004)	0.9330445044656789	0.0014521569970711082	0.27590982944351056	190	49	2.1878400543780536	0.0001279856071924601	0.01
48	(0.001, 0.30000000000000004)	0.873722841113234	0.0018956976135247289	0.3601825465696985	190	53	2.0972083625175912	0.00024605995472914977	0.009
49	(0.001, 0.30000000000000004)	0.8536857813240608	0.0012202985750377985	0.2318567292571817	190	41	1.8694707554974124	0.00015600217899847113	0.009
50	(0.001, 0.30000000000000004)	0.9180448303068891	0.001798875263289681	0.3417863000250394	190	51	1.8107379629029845	0.0002970865547073376	0.007
51	(0.001, 0.30000000000000004)	0.8282573632706522	0.0023952326466901504	0.45509420287112856	190	49	1.967344871157184	0.00022984367931688787	0.007
52	(0.001, 0.30000000000000004)	0.8674961313979946	0.0013270945203262255	0.2521479588619828	190	31	2.138496141637291	0.00012044986160480997	0.005
53	(0.001, 0.30000000000000004)	0.5812678318589698	0.001096506113205651	0.2083361615090737	190	30	1.889995086375688	2.646824224974975e-05	0.008
54	(0.001, 0.30000000000000004)	0.6737707538167805	0.0017356260059643712	0.3297689411332305	190	49	2.0485402756891955	5.6913175603634514e-05	0.007
55	(0.001, 0.30000000000000004)	0.8465880886757295	0.0025900775959489322	0.49211474323029714	190	56	1.80572695045686	0.0002872757951608018	0.013
56	(0.001, 0.30000000000000004)	0.8539821060512846	0.0018393579284440265	0.34947800640436505	190	39	2.0637886048349063	0.00022588736926315578	0.008
57	(0.001, 0.30000000000000004)	0.8415909372513932	0.001433025844210809	0.2722749104000537	190	37	1.9563675413749546	0.00016987050084327215	0.01
58	(0.001, 0.30000000000000004)	0.8537143034720416	0.0007229661321725649	0.13736356511278733	190	28	2.033894148671117	3.794119809386043e-05	0.007
59	(0.001, 0.30000000000000004)	0.837732163663214	0.0011528543277784156	0.21904232227789894	190	44	1.9790989161507366	0.0001248098558636057	0.009
60	(0.001, 0.30000000000000004)	0.8356913494666174	0.0008397109253708842	0.159545075820468	190	35	1.9398717320027665	8.584603389810708e-05	0.006
61	(0.001, 0.30000000000000004)	0.8481925691122932	0.0023356969909508257	0.4437824282806569	190	49	1.988297627834769	0.0002244898610691548	0.009
62	(0.001, 0.30000000000000004)	0.8658324378028308	0.0020683670062269835	0.39298973118312686	190	50	1.918137105740528	0.0001113500140173529	0.007
63	(0.001, 0.30000000000000004)	0.8647607407353741	0.0014554464128620358	0.2765348184437868	190	42	2.2442048337228657	0.0001551190547784409	0.007
64	(0.001, 0.30000000000000004)	0.6438926892419685	0.0024653213463349125	0.46841105580363335	190	47	2.1378875022953387	0.00011736813692242443	0.008
65	(0.001, 0.30000000000000004)	0.7256586629901634	0.001948503069847333	0.3702155832709933	190	45	1.824793373433952	0.00012987681718240607	0.006
66	(0.001, 0.30000000000000004)	0.6100788582827377	0.0017894212243126685	0.339990032619407	190	46	2.0539550704221035	6.555353564607902e-05	0.01
67	(0.001, 0.30000000000000004)	0.7220550384234199	0.0019606411766188076	0.37252182355757346	190	43	2.089557362734429	0.00012436324439069057	0.007
68	(0.001, 0.30000000000000004)	0.9281583695847924	0.0012405922919982932	0.2357125354796757	190	39	1.9354044042521354	0.00020255528574136816	0.007
69	(0.001, 0.30000000000000004)	0.8415087534269999	0.0017309038250885194	0.3288717267668187	190	59	1.9043373005738025	0.00014137241804668133	0.02
70	(0.001, 0.30000000000000004)	0.9074188298259785	0.0026398211977332908	0.5015660275693252	190	60	1.9975576058628421	0.00022059007942343278	0.01
71	(0.001, 0.30000000000000004)	0.9347313933401956	0.0025693389060047977	0.4881743921409115	190	57	2.1207284849973744	0.0005474737216630832	0.01
72	(0.001, 0.30000000000000004)	0.928485691395089	0.0013639406821931443	0.25914872961669744	190	45	1.8744021360720338	0.00034691827097604877	0.01
73	(0.001, 0.30000000000000004)	0.9518113068168091	0.0018076161889802695	0.34344707590625123	190	48	1.9398306155686287	0.0003593203384811283	0.009
74	(0.001, 0.30000000000000004)	0.8504684985261536	0.0017709918950616506	0.3364884600617136	190	46	2.0499833901877533	0.00015739661128544302	0.009
75	(0.001, 0.30000000000000004)	0.9515264548356112	0.002099423512776952	0.3988904674276209	190	49	2.102245074270776	0.0006969136104049145	0.01
76	(0.001, 0.30000000000000004)	0.9519359677688292	0.0013285457114187353	0.2524236851695597	190	44	1.8983718281812332	0.00028266783947411556	0.008
77	(0.001, 0.30000000000000004)	0.7815396989498881	0.0006260990791403086	0.11895882503665864	190	32	1.8553418066414555	3.049697553793307e-05	0.005
78	(0.001, 0.30000000000000004)	0.8928226138848153	0.0012849974323679847	0.2441495121499171	190	45	2.0311268643820912	0.00020141684404934024	0.007
79	(0.001, 0.30000000000000004)	0.8278577901757149	0.0012549075737180737	0.23843243900643402	190	35	2.017808726901845	8.395191638060906e-05	0.008
80	(0.001, 0.30000000000000004)	0.6941204712045574	0.001768402066566874	0.3359963926477061	190	49	2.0364267779472636	9.959303828183108e-05	0.006
81	(0.001, 0.30000000000000004)	0.5452420668982074	0.0006432121529125423	0.12221030905338304	190	20	1.9327483185725138	1.40285572038934e-05	0.007
82	(0.001, 0.30000000000000004)	0.8996475630944707	0.001970782770176721	0.37444872633357695	190	51	2.1535591695356646	0.00030969629406851773	0.006
83	(0.001, 0.30000000000000004)	0.7320018962236783	0.0008607376418243986	0.16354015194663574	190	34	1.8722098602352208	4.7092484718513905e-05	0.007
84	(0.001, 0.30000000000000004)	0.8372661134555988	0.0014936195158604232	0.2837877080134804	190	47	2.0130598067150554	5.3265381715683624e-05	0.007
85	(0.001, 0.30000000000000004)	0.7053077721318233	0.000982524131942612	0.18667958506909627	190	41	2.1625015126817493	3.93242339308264e-05	0.009
86	(0.001, 0.30000000000000004)	0.8832979612185556	0.00075121244725033	0.1427303649775627	190	38	2.0956319862208983	6.436299059597861e-05	0.006
87	(0.001, 0.30000000000000004)	0.8669388197542551	0.0012014337393222631	0.22827241047122998	190	41	1.8862354087205169	0.00015271814796258276	0.011
88	(0.001, 0.30000000000000004)	0.9487007520351084	0.002125642847966936	0.40387214111371783	190	58	2.1637543499638685	0.0007257239752438971	0.013
89	(0.001, 0.30000000000000004)	0.885051615147019	0.00225430116820746	0.4283172219594174	190	58	1.8619364052436826	0.00034214787661396295	0.01
90	(0.001, 0.30000000000000004)	0.751072506225232	0.0026328049124242085	0.5002329333605996	190	62	2.1014831499221147	0.00019040778104079115	0.008
91	(0.001, 0.30000000000000004)	0.6247007711036894	0.001265348304372607	0.24041617783079533	190	40	2.11064542089963	3.8257513705175494e-05	0.007
92	(0.001, 0.30000000000000004)	0.8888326051041444	0.001974348590025661	0.3751262321048756	190	62	1.8922540587466354	0.00027140654950413845	0.018
93	(0.001, 0.30000000000000004)	0.8476468859780603	0.001433086879506367	0.2722865071062097	190	45	1.75830965948637	0.00016965798208584681	0.006
94	(0.001, 0.30000000000000004)	0.8130610473362103	0.0016862155478480903	0.32038095409113715	190	44	2.232817165806016	0.00010672186720223076	0.005
95	(0.001, 0.30000000000000004)	0.508988130430959	0.002197343928345173	0.41749534638558283	190	48	2.096176824949866	7.052393056461437e-05	0.008
96	(0.001, 0.30000000000000004)	0.4697335763982776	0.0010034300406160197	0.19065170771704376	190	30	1.915630892846405	1.735035132527374e-05	0.008
97	(0.001, 0.30000000000000004)	0.8057250972532737	0.0029313660908628883	0.5569595572639487	190	56	1.8843314503980346	0.0002566025193425636	0.022
98	(0.001, 0.30000000000000004)	0.8173815813274978	0.0018867358587839453	0.3584798131689496	190	45	2.0595056875172433	0.00015564123479405723	0.026
99	(0.001, 0.30000000000000004)	0.7188028906989194	0.0024995292529802486	0.47491055806624727	190	48	1.9117487449382258	0.00014083970149275649	0.018
