gene	t0_rep8	t1_rep8	t2_rep8	t3_rep8	t4_rep8	t5_rep8	t6_rep8	t7_rep8	t8_rep8	t9_rep8	t10_rep8	t11_rep8	t12_rep8	t13_rep8	t14_rep8	t15_rep8	t16_rep8	t17_rep8	t18_rep8	t19_rep8	t20_rep8
G1	0.479949624222	0.966587089674	0.700492479288	0.270077334089	0.520619559583	0.218235510311	-0.763500809215	-1.25359724448	-1.410288685	-1.44129935523	-1.43753969949	-1.59760033668	-1.09782733062	0.572883208947	1.42195754473	1.40078298189	0.628905973249	-0.452301145988	0.680294604923	0.433307071199	1.15986162458
G2	0.0654780260094	-0.525757538512	-0.818051019843	-0.873738246918	-0.835547808481	-0.837942490637	-0.844810407446	-0.836656238093	-0.858990798396	-0.606541508773	-0.87003656621	1.28920111164	2.25354672863	2.57837390333	0.992047136826	-0.0302648044821	0.352319258654	0.121815294693	-0.118599334031	0.230852365188	0.173302936849
G3	-0.717341553199	-0.696822041118	-0.767225262314	-0.327827044752	-0.620847836179	0.0304087009947	0.905496707799	1.25781506197	1.81659935321	2.1996891249	1.9225510835	0.230407704323	-0.227009608448	-1.05747479109	-1.0093721874	-0.716351395968	0.327106518331	-0.297270537475	-0.868917059462	-0.786784056923	-0.596830880719
G4	-0.589384727528	-0.696568886248	-0.655652172245	-0.704035328276	-0.675010634023	-0.669047420365	-0.50677063006	0.215805861946	0.682871761792	1.32286779928	2.02483568791	2.0664130272	2.16213334923	0.316944228846	-0.476450682065	-0.670952834961	-0.682794390279	-0.615704222406	-0.579204675387	-0.56864919846	-0.701645913904
G5	-0.370825399731	-0.899238140407	-0.514726239798	-0.881207585714	-0.536620880632	-0.0797429178804	-0.117530327493	1.6583463043	-0.302823579733	1.25448210709	1.92292328885	1.59085710957	1.57034932791	0.981125375721	-0.251630326628	-1.0272669938	-1.14812186439	-0.971593118761	-0.480602022641	-0.547615999892	-0.848538115938
G6	1.7852469029	0.450042115393	-1.55611842529	-0.501773164566	1.32104604945	-0.0985115401911	0.0739504880721	-0.554290066616	0.581255135602	-0.235021586757	1.68511050558	-0.252699929923	1.17759502428	0.995065338739	0.0215975678476	-0.158100330707	-1.31827725668	-1.14492228537	-1.13452804244	-1.61445599314	0.477789493832
G7	-1.28019820586	-0.468205433785	-1.29966074076	1.75678741039	1.17192195537	-0.459449261163	-0.882661885669	-0.994352288631	1.81258967192	-0.101859623871	-0.269738747959	2.09364957326	-0.477820405519	0.355901773281	-0.00607668531035	-0.284592394282	0.838877870221	0.668801651736	-0.530114114836	-0.968645568518	-0.675154550015
G8	-0.0890389575122	-0.752949384513	-0.811896138276	-0.668725270621	-0.761690706829	-0.767922155784	-0.537065005317	-0.493109226803	0.798684818516	0.606920709148	1.3280303081	2.42907056478	2.4088698388	0.949115659839	0.00617466988312	-0.63836444985	-0.507163834971	-0.631179567588	-0.514660460344	-0.671182807547	-0.681918603117
G9	-0.232395518907	0.816413759161	-0.524965227891	0.238542558688	-0.402994854194	-1.11448039641	-0.175247577839	-1.67982353559	1.38269337283	1.17719151799	0.717841194427	1.66641703894	0.597189295059	-0.255889147225	1.86304985425	0.0793508370428	-1.2008442977	-1.61443512997	-0.0523931108906	-1.04490532377	-0.240315308017
G10	1.65209991054	0.177386403278	-0.580020204653	-0.9839315967	-1.01849368467	-1.12266310404	-1.12242921287	-1.14319062342	-1.14285241458	-1.14315877908	-1.14347941863	-0.170868771818	0.754516721149	0.764796952048	1.21456638755	0.14520824837	1.4093362439	1.44169228787	0.510665954684	0.654816489955	0.846002211118
G11	0.762519370036	-0.0907301665931	1.15791683374	-0.713950178228	1.21780452973	-0.873076065933	-0.601485279356	-1.12326391102	-1.16507144472	-1.56082126699	-0.95909512809	-0.927640495367	-0.0118814118838	1.71046432499	0.585163662366	0.592356702625	1.41400573766	0.95487873292	1.16538456213	-0.604186695055	-0.929292412961
G12	1.2880917446	-0.570664352047	-0.760182295534	-1.34494478995	-0.887279600884	-1.38421797656	-1.18001193392	-1.23404949004	-0.992257894033	-0.742186120478	-0.814374208352	0.564351926945	0.983703967544	1.20686864465	1.03159388983	0.818983578963	0.209627522607	0.758090164158	1.26880078924	1.40029150994	0.379764923316
G13	-1.26478545615	-0.312307258047	0.377847357252	1.52037569724	1.92767956467	-1.37294867875	-0.669457352847	2.20899626829	0.243224391106	-0.15764092529	0.292075939578	1.13579624616	0.361097851754	-0.299093512886	-0.701660187163	-0.739327928137	-0.0136705699274	-1.13822781333	0.379887374049	-0.588009883817	-1.18985112375
G14	-0.900566654664	0.320880000315	1.45562743106	1.95829851148	0.882310382409	0.820300063826	1.03562553251	0.541907804871	0.921869317519	0.882803257462	1.0702339566	-0.383782265758	-0.943254747945	-0.842694636882	-1.1685187755	-0.709604228325	-0.843315898814	-1.05003128641	-1.04406728067	-0.924234449415	-1.07978603366
G15	-1.10312513064	-0.556311554789	-1.16171693723	-0.148984910492	-0.885893202633	-1.40067001534	0.888205478525	-0.937086073767	2.40617638836	-0.433218714898	0.954124726231	-0.244098656246	0.692777867519	1.47121708037	0.617392184542	-0.777392505027	0.227383222155	0.735906468039	-1.26450392329	-0.0379002028886	0.957718411507
G16	2.2387461625	0.606295668598	-0.265812800164	0.868306977795	-1.42532587237	0.219731396281	-0.861343387412	-1.0431102633	-1.93813328825	-1.25426975406	-0.357323170391	-0.624996439134	0.0139555506184	0.625126830005	0.43249264467	0.784812643484	0.837769214932	-0.26578525863	-0.509285757947	0.261704693925	1.65644420884
G17	1.46033098679	-0.796453863292	0.566553904071	0.246232496377	0.459990998798	-0.759372029351	-0.631209632484	-0.65877740465	-1.14826437942	0.687878491961	-1.43473508013	-1.16519819137	0.572007911034	0.0390986500566	-0.155526844067	0.331598532158	-1.21045426899	2.37784924001	0.161888241058	-0.666789246144	1.72335148758
G18	2.47985112305	2.07245076152	-0.324489898992	0.189464592851	-1.31736399447	-0.183079232703	0.0605399977853	0.653729588693	-0.165820116228	-1.00051702081	-0.712121473459	0.137922215405	-0.345252362737	-0.599891212824	-0.786358463752	-0.60606418149	-1.81948637325	0.515056487505	0.361809461669	0.18370919487	1.20591090736
G19	-2.2119594353	-0.542395266676	-0.852188315866	0.567372881754	1.1611633613	1.05821614534	0.052892788976	0.345039313383	0.289807255754	0.0758404222493	1.1882814072	-0.0402222439514	0.381688990713	-0.902173157018	0.933561848757	-0.0830187198068	2.16425019916	-0.994240404865	-0.16528280339	-0.905548662463	-1.52108560525
G20	-0.526129999832	-0.129437775652	0.286656859405	-0.582150619551	-1.46356555098	-0.525486779598	-0.941554543835	1.02590668367	0.578065855171	0.970875245979	-0.896416605885	-1.40884816599	1.22365240089	-0.978471690541	-0.273944002942	-0.638238416318	0.675277761273	0.66107821276	2.31884149319	-0.797384201784	1.42127384058
G21	0.903718661033	2.79184362687	2.64456429965	0.788201002007	-0.255525347367	-0.585601644366	-0.560600357082	-0.692751350532	0.631251998934	-0.391022030014	-0.729570716102	-0.68667912978	-0.299078984784	-0.768736166963	-0.0560521497073	-0.337090042326	-0.451132539616	-0.370574908295	-0.341202218849	-0.633869831555	-0.600092171159
G22	-0.628868416335	-0.0358575127662	-1.25814391891	0.283429801921	-0.676567349367	-1.45265930176	-0.403556161401	-1.96873888849	0.418843846041	-0.802700226373	2.16316048186	-0.446749208528	0.223009423962	0.992609947277	0.24588208306	1.72290469793	1.16616637545	0.840311801898	-0.318379352735	0.41587251561	-0.479970638353
G23	0.339563218906	0.0200390970074	1.05473729635	0.328377292427	0.0866684306902	-2.55205921077	-0.74962241946	0.23815642225	-1.01960376531	-1.60482385848	-0.314173420983	-0.732398510073	1.43645978449	0.571877220977	1.1478453003	-0.272006433886	-0.616869206533	1.96411026537	0.133233420806	0.0574180021166	0.48307107382
G24	0.902909279696	0.785229268438	-0.0160074190207	0.0137267495715	-0.22831542868	-0.722142881038	-0.217277684933	-1.11153593117	-1.45260126332	-0.369446292976	-1.91039065644	-0.569515290247	-0.673367259189	0.0087444127041	1.79003904905	-0.451096158495	-0.575103800882	0.205201690556	1.41081958893	1.26618304606	1.91394698139
G25	1.39412611569	1.66186707514	0.455492837271	-0.583559958734	-0.609548229939	-0.846124839748	-0.724491227102	-0.637733214448	-0.950722025869	-1.16484498935	-1.25518204765	-1.38088756507	-0.955893873753	-0.318948548956	-0.30866619617	0.638617500212	0.893991503157	0.881601278626	1.33987353716	1.09201510703	1.37901776252
G26	0.675733329637	0.720717637224	-0.687574071139	-0.354833568904	-1.10742760862	1.2015943229	1.48767286434	0.311230449803	2.03702992621	-1.86069092488	-0.800497384564	0.114127019687	0.0941796040504	0.354034403131	-0.123525645437	-1.1036290924	-0.380518915463	0.067685176511	-1.58799791436	1.39238573154	-0.449695339271
G27	1.30727264111	1.86703240417	1.41382216372	-0.966396635384	-1.0139396297	-1.87005858361	-0.881133246762	-0.417366203373	0.705897182576	0.617677812452	0.158402250684	-0.617069399855	-0.307989136854	-0.777664309289	-0.620780671053	1.74069774208	0.260586812276	0.358726548337	0.380838900236	-0.0534718449928	-1.28508479676
G28	-0.366638849433	-1.52187658526	-0.900137839758	-0.355600157245	2.18800281112	-0.125420963938	0.329775711018	1.34645845167	-0.470230717015	-0.853300812731	-0.516062442364	-0.705032989626	-0.876815276947	-0.606757663245	0.368186521804	2.47015457473	1.11780574682	-0.0336441169562	-0.107260112784	0.292014748172	-0.673620038032
G29	-0.997595810136	-0.116196898731	-1.02634014023	-0.463301260005	0.102773993119	-0.253638978014	0.512097595548	-1.00919563471	-1.46737110331	-0.00757982611773	-0.272005366927	-0.480124526073	0.241952819026	0.876402202521	0.554753500793	3.49326571327	-0.0502386650564	-0.705006810569	-0.186938519854	0.272517506013	0.981770209449
G30	-1.66272633602	-0.719688776067	-0.231718554894	-0.852678419695	-0.131401016837	-1.79134267707	1.66466295961	1.62891219305	0.435750204403	-0.0467386581111	-0.320976809444	-0.823296111349	0.371114690871	0.264248655951	0.638292053534	1.49208281594	1.34842179027	-0.309454335583	-1.4374259643	0.674710599826	-0.190748304084
G31	-0.984162555677	0.950362719735	1.34420221352	0.806200670645	0.87384877027	1.54053053075	1.03662061271	0.175047475392	0.789949355277	1.51543245454	0.936630493189	-0.55801987822	-0.845483655237	-0.928312111904	-0.8238656999	-1.06955881101	-1.12218650619	-0.639535143824	-1.26781182532	-0.592109528331	-1.13777958042
G32	-0.320216308978	0.281028145165	0.684247811852	-0.88539677246	-1.16781541617	-2.22092970025	0.539061460787	-0.415915147209	-0.50653345455	0.896861394852	0.404868945403	-1.52500373424	0.420482693442	-0.126507913723	0.0425192594189	-0.764729969454	0.646156794608	2.08980085735	1.34127439035	-0.634152241884	1.22089890569
G33	0.472747510423	0.646016252333	-0.793759994207	-2.15496890854	-1.73877810641	-0.822852791433	0.662492316018	-1.23184110869	-0.49786682991	-0.784957844956	0.0232801734559	0.301938192569	1.22172922995	1.42774075255	1.9585896165	-0.0740164959386	0.842464946111	-0.159389992573	0.0943813398494	0.596604041938	0.0104477009634
G34	0.261943941759	1.90879289576	-0.239789224602	0.22193560537	-0.555163696109	0.708001505463	0.841330303225	0.177937000796	0.354288907753	-0.577442331642	-1.63841513001	0.00964233830122	-0.452924833376	-0.553575983306	1.27068287042	-0.530719866088	2.37858075949	-1.67411333993	-0.398942598067	-0.357136687109	-1.15491243809
G35	-0.161478364919	0.0910446656438	1.16813598553	0.81460504607	1.40482684095	1.72652073919	0.239215122197	0.0297654481396	-1.06667051546	-1.66296907647	-0.013014659598	0.219769470574	0.11700695655	-2.8484826116	-0.581053814359	0.777326611047	-0.0345342316726	-0.135028955226	-0.39244924021	0.73817952971	-0.430714946084
G36	-0.329960763585	-0.996612126596	-0.742034687894	-1.64334808926	1.1278097285	-1.74439762024	-0.931466651637	-1.16771277449	-0.0230081367456	-0.431291971562	1.06492603616	-0.592612013237	1.47614656283	0.918523719793	0.093293785285	1.77319587268	-0.271455614663	1.2281453059	0.350754927103	0.732332435955	0.108772075709
G37	0.233298280072	0.932111962754	0.973028106121	1.43605570258	1.51551730027	-1.18793154005	-0.392892598777	-0.103423112132	-0.0647923686988	-1.13905566028	0.595608144801	0.0522451724577	-1.13991029194	0.853534586818	-2.16142836327	1.04350997932	-0.253592860247	0.807219120836	-0.459273632493	-1.67394890218	0.134120974041
G38	-1.09627425064	1.43153798856	-0.34707834571	0.904796574555	-0.726506404777	-0.907513569522	0.761047763402	0.364893768113	-1.61638773304	1.73062901879	0.0830183092428	0.471618098456	-1.13903725524	-0.430501804026	0.740508433537	-0.291954646134	2.09036913708	-0.908697910508	0.480644666186	-0.58074605728	-1.01436578104
G39	-1.2745689794	-0.356804609125	-0.547374076698	1.3624005621	-0.344754994723	-0.892886161437	2.02943495288	-1.82205860013	0.278278770852	0.114357877556	0.0590013832196	1.91904189527	1.07883386789	-0.0693650651213	0.75866032389	-0.282912318906	-1.34433079112	-0.545969747686	0.167399081254	-0.836894856505	0.550511485948
G40	-0.802386168059	-1.00247146892	-0.732846623869	-0.133737225524	-0.668491174611	-0.60347445421	-0.197248594894	-1.87637626586	-0.529989852146	2.11933994379	0.462444975989	0.682596357837	0.738246951132	0.630879537926	0.795357757497	0.866939794464	0.631369284813	-1.84110094859	1.576871917	0.368955229186	-0.484878972967
G41	-0.710339373108	0.33660929235	0.587473146551	0.620317881569	0.472245788104	1.03814307157	1.01227402759	0.289082515806	1.76927626579	0.882030641236	1.28492612596	1.42160774219	-1.05850733481	-0.643428026725	-1.55131606523	-1.23204460564	-0.888196886295	-1.06519425608	-0.613820390524	-0.983144591389	-0.967994968923
G42	0.120667165172	0.347119348687	2.74124477198	-0.166913191182	0.634632072432	-0.0798088940012	-0.0147437229454	1.3456953103	0.267840924737	1.08105931653	1.16164357008	-0.879793405102	-0.764275608403	0.16334074016	-0.886052022683	-1.6794943795	-0.443576083701	-1.37584867726	-0.181927630367	-1.16014357543	-0.230666029499
G43	0.626520464498	-1.56192575527	0.17827649841	-0.997668445569	-0.0277370985716	0.498909355716	2.06880669996	-0.0252029742844	-0.821321108884	0.443912350162	2.01761612965	-0.518431320635	1.02031750006	-1.22282129442	-0.576399151264	1.27091236889	-0.276335321002	-0.586646923133	0.546404765512	-0.828081573014	-1.22910516682
G44	-1.09911888785	0.35672742146	2.04315018379	0.727774635938	0.625020526233	1.21252100963	0.0241063633429	0.36242576104	-0.738138554107	-0.362583406606	-0.797717426496	1.19083721058	1.44190845001	-0.850714214859	-1.28115630446	-1.45364816592	-0.12189546745	0.908005533934	-1.24460915049	-1.12215200018	0.179256482459
G45	-0.229905151398	-0.303998854272	-1.15682427883	1.2004389433	0.522846573747	-0.384507032685	-0.429471752364	-0.0673588462143	-0.473144667941	-0.515572037655	-1.47456011624	-2.77250628343	0.556890922947	-0.0896947216364	-0.1980692047	1.55264230711	0.48455503308	0.914869713318	1.51446898194	0.485809145284	0.863091326649
G46	-1.51922038944	-0.985797285361	-1.13787285761	-0.558471170235	-0.281987600192	-0.0385102789853	-0.187057838368	0.444944121444	0.113023205644	0.454266251159	1.24158520058	1.93457201757	1.90687111805	1.35584905055	0.520690868723	0.344620143473	-0.916307873244	-1.18930342049	-1.47016923574	0.0735752229875	-0.105299250523
G47	-1.13982381021	1.69259253351	0.595179334294	1.55087381136	-0.811832579691	0.972599618348	-0.0778591621004	-0.594523533526	-1.08040741489	-0.714707604983	0.673176211031	-0.510122503281	0.659490237499	2.03365403895	-0.277940487717	-0.975658729829	-1.65487493289	-0.617245180078	-0.448105669393	0.880949329061	-0.155413505467
G48	0.607096857198	-0.926124009149	-0.676571865028	-0.956789751766	-1.29264773861	1.16431512059	-0.242016572109	-1.06647960375	-1.47871848229	0.23899014222	1.0705066628	-0.533735032669	-0.855139993646	-0.897114879278	0.973303989561	1.79354818074	0.311063840774	1.49395160623	0.274382753207	-0.475871390118	1.4740501651
G49	-0.42795791401	-1.42526051655	-0.922742609589	0.488777616168	0.33550700604	-0.125736277716	-0.683420842152	0.608326043564	0.145378048083	-1.10363543522	-1.49089086695	-0.300253775775	2.15932994455	-0.85367971388	0.509005040243	-1.40077026217	1.80967906615	1.13635997473	0.343427294299	0.314331585679	0.884226594514
G50	1.16425191857	-0.422799379509	0.680718129635	-0.00171210335685	0.704721232494	-0.710836613821	0.676900778056	0.463845571176	1.14087792147	-0.55735034341	-0.38902377894	-0.834314151447	-0.404990249965	-2.04811351087	-1.90037268467	-0.281367086007	-0.762827155979	-0.373113616763	1.42863555322	1.95879112688	0.468078443222
G51	0.338102616371	-1.17296515442	0.183396191203	0.790250503714	0.400375785864	0.85447182819	1.01251610299	2.56437568894	-0.897292346977	-0.738008483918	-1.50088467008	0.409837330614	-0.332824528273	-0.243081889297	0.158150878776	0.639916532439	0.357440516005	-1.55833183841	-0.663997963108	0.88404924333	-1.48549634397
G52	-0.415603409581	0.757364112931	0.72264269184	1.30696553854	-0.105326880682	1.1426253395	1.16886192236	-0.179252778342	-0.586972596843	-0.558717074877	-1.80954971234	-0.183598671092	1.02135423704	1.01747036611	-0.078570523269	-1.06370451843	-0.332408199145	0.892392396366	-2.52825353066	-0.730557909414	0.542839199988
G53	-1.23463614762	0.551100965861	1.02814698089	1.30886347471	1.45311074106	0.335954289554	0.906938329003	-0.0420985034723	0.264805109917	-1.11090165589	0.0730171754049	-0.155040130779	2.35030453471	-0.665657301372	-1.17972903288	-0.728687207507	-1.92950242989	-0.310291334526	-0.447886284497	-0.219945068446	-0.247866504233
G54	-1.44716816357	-1.16644467011	-0.792746610878	0.94398157355	0.482642552375	0.773791200336	1.52920206222	0.782730300135	0.214068104359	1.76863313883	1.16197028076	0.999908508719	0.821278323099	0.209067639909	-0.484228328012	-1.02002105153	-0.691115481238	-1.09653853133	-1.20861843042	-0.894571720417	-0.885820696782
G55	2.01050819553	0.714895429674	-0.490054799156	1.75517263534	-1.50982808742	-0.0528388615084	0.51162617509	-0.207757936176	0.754901955471	-0.876752229279	0.577016236841	-0.43334333644	-1.44602108111	0.45384817725	-0.461275979484	-1.55527658665	-0.571615648831	-0.118493353456	1.65050587513	-0.820132435697	0.114915654876
G56	-0.167523724264	-0.917094939613	0.6528644348	0.93455969517	-0.9480736543	-0.0874527927914	-1.0060863495	-0.932224788228	-1.2728472049	-1.41032836308	-0.501042033303	0.0821456738028	0.246427714568	0.576666515061	0.569661025782	2.57658398374	0.107228803961	1.96993048749	0.0644911953167	-0.893051784827	0.355166105114
G57	0.485523784077	0.0396523612681	1.65537529388	1.28350196626	0.709259201299	0.0832076468454	1.06002974336	1.26871134532	1.51387572909	-0.531216117547	-0.694554062273	-1.4603393051	-1.34758865828	-1.19595723695	-0.264391066237	-1.57477259594	0.483042558998	-0.860845632138	0.61113945921	-0.618202964877	-0.645451450271
G58	-0.125979924122	-0.644764835231	-0.570700460196	-0.277745704345	-0.172365429989	-0.632944487238	-0.592228469549	-0.685520967224	-0.0120553031968	-0.652105752706	-0.695148399978	-0.490110825182	-0.679169535893	-0.603206417175	0.250773610994	0.209803536051	2.81681872586	-0.0670252699366	0.927969905213	-0.135420156795	2.83112616064
G59	-0.966215707178	-1.67570670232	0.32706722253	-0.386638384612	-1.06929342113	-0.238224050027	-1.4017629824	-0.34967038967	1.33904373846	-0.362362704301	-0.778109483915	1.13343975512	-1.44834186825	0.588261059432	1.27384602392	0.874815286274	0.778215530946	0.717177889923	-0.799794586759	1.62311646478	0.82113730919
G60	1.53864127182	0.443160548849	0.803151563463	-0.794529069593	1.08386108743	-0.252476812515	0.0713072700822	-1.3603351859	-0.459666277557	-0.440337197891	-1.52291231381	-1.63191860202	0.882030801423	-0.635588976402	-0.08077776689	-0.4824186952	0.574663656638	-0.17955594249	1.92353843201	1.49684889364	-0.976686685095
G61	1.27872198216	-1.07630573531	-1.23612593799	-0.817448497615	-1.31550178341	-0.908487421328	-0.926086888273	-1.00827079423	-0.19540685281	-0.981380707463	-1.21463941373	0.0411879742488	0.377395555456	1.0196569518	0.741556016194	1.05584623697	1.00220427416	1.25081199561	1.04592366056	1.58523046289	0.2811189221
G62	1.06427462366	0.18643294655	-0.638266719997	-0.248077868366	-0.637440549469	-1.01505463196	-1.11483539579	-0.961207925014	-1.38353839587	-1.66692732715	-1.61309306033	0.135702124552	0.232026729479	0.966445495609	0.415014354317	0.899155406223	0.672272441144	1.11795155952	1.61039236884	0.653672993567	1.3251008305
G63	0.870958172666	-0.372009646971	-1.03737124503	-0.120554056258	0.446035718289	-0.412128246574	-0.878782693254	-0.960383131725	-1.13098486593	-1.10852341443	-0.500518702519	-1.60591667648	-0.0384998510899	-0.428229207615	1.49375878157	1.28166551264	0.317815599654	0.703391245647	-0.232462813481	1.7833249573	1.92941456359
G64	-0.957497353785	0.440329820427	0.145789680063	0.764315853565	0.352777197471	1.06475473753	0.949722469662	0.610520800218	2.26477322558	1.47533869411	1.00057601015	-0.801681910823	-0.429628832567	-0.401745831625	-1.46048322934	-0.523367150392	-1.62268559401	-0.521984731057	-1.05246468932	-0.95981462066	-0.337544545186
G65	0.701520093973	-0.419657696014	-0.944593812082	0.236844196685	0.773632823637	-1.17606808689	-0.194631109641	0.154289892465	-1.57880484803	-1.23031326133	0.842794533157	-1.05561222307	-0.89683829901	-0.1487159483	-0.148644917181	0.840828262624	1.46934389427	2.24800316896	-0.436721308115	-0.539700287861	1.50304493175
G66	0.949826724478	-0.125109042918	-0.79606431377	-1.02295398687	-1.23425364271	-1.0548174144	-1.19166868982	-1.27013359884	-0.985319077446	-1.03416163246	-0.962266408369	-0.155902276979	0.716467141826	0.733598438148	1.19431285675	0.981658715935	1.0133722526	1.01576093902	1.6138984052	1.21619965733	0.397554953299
G67	1.07313138237	1.47266743474	-0.272806826711	0.696188571227	-0.440634366776	0.875886624391	-0.845021785621	-0.872538420312	-0.046230818509	-0.701174587248	-0.0123037814614	0.334113525459	0.996334343919	-1.39493393474	2.42669515889	0.65453373489	-0.423108573018	-1.39189021343	-0.243031797279	-0.283864131828	-1.60201153896
G68	-0.294087013616	1.95014770066	1.11197675656	-1.43493079864	-0.989520003252	0.329954506201	0.147152756514	1.34821549375	0.430352415678	-0.0967820441006	-0.495291297943	-0.956538673692	-0.231537829436	2.02124766655	-0.0287788575257	0.560055466363	-1.24451935706	-1.04793235091	-1.52669515368	0.198797534719	0.248713082866
G69	0.678064122784	-1.21500819658	-0.0829420020325	0.622766605325	-0.222384319212	1.30059414102	0.872385090167	0.834069296005	0.502284191252	0.730964593178	0.427625502896	0.495337682614	0.527879092474	-1.17199686529	0.591260043978	-0.386874194268	-3.20292051024	-0.799368683271	0.379800718064	-1.0216006414	0.140064332539
G70	0.884216257865	0.0957422669966	-0.988364244895	0.0123357065473	1.95792408503	-0.448245578473	0.425009829646	0.402684368582	-0.931929139934	1.66281085977	0.718158669729	1.05884861079	0.100532983189	-1.88236381593	-1.7973227508	0.298352743005	0.949251666751	-0.250089553371	-0.648227651773	-0.718168702961	-0.901156609759
G71	-1.29756213551	0.151385885649	0.365854138746	0.983713602925	0.366467595462	1.39500293005	0.783313103599	1.40264664526	1.09928728941	1.62102276237	1.06507399565	0.367096082423	-0.538898768224	-0.504206176609	-1.05831512986	-1.02202376539	-1.22853767819	-1.03569572267	-1.02097164815	-0.562068727759	-1.33258427919
G72	-0.375208660346	-0.688961491232	0.0418156051419	0.0249630633987	1.92246008582	0.685536079537	1.04460286295	0.634848709417	1.37678056771	1.69248287054	0.837791707697	0.50948655803	0.298208000348	-0.553201056601	-1.04958851192	-0.534598058379	-1.64784549731	-0.954055590316	-1.19076854453	-1.14324123215	-0.931507467818
G73	-1.59305303162	-0.656844078612	0.374179541077	0.26119580097	0.649662153817	0.0379570521756	0.814586421455	1.76279401484	1.03638367413	1.99043762319	0.695004466186	-0.425323208663	-2.12813457726	0.44161485561	-0.406489128487	0.0597752367339	-1.45977945581	-0.553471176858	-0.143384974801	0.00282576944053	-0.759936977522
G74	1.61615882553	1.30646713667	2.29724586243	0.485080125494	0.797775820127	0.365012925416	-0.676524795117	-1.07724596184	-0.923153369609	-0.918237723786	-0.768232500063	-1.01549428656	-0.822334614163	-0.657162312303	-0.655175647141	-0.672191344221	-0.485021677354	-0.49149784566	-0.0107488845823	1.56533981065	0.739940456086
G75	-0.106522023207	-0.377779179884	0.397348590604	1.30947044662	0.976280534283	-0.329461469986	0.532193580262	0.766090952838	-0.152496664397	-0.750742760513	1.69520544512	-0.554697801465	1.00758097644	-0.943302366371	-0.847239628283	0.782390828974	-0.697643466248	0.851774604705	-0.700774742037	0.0292096994176	-2.88688555688
G76	0.0788238913297	-1.8360152568	-1.44914056452	-1.08681271944	-0.748187111573	0.240697630283	-0.708795603801	-0.983791956387	0.880815537937	1.39287560715	0.837880211993	-0.322806866063	-0.464150085073	-0.387219698918	0.985765713106	2.54948729431	0.397769495614	-0.361013163535	0.698997977825	0.338390853351	-0.0535711867952
G77	-0.306000544834	-0.188809024418	-0.966371490179	-0.118082749831	0.192431539481	0.144558078832	-0.358577793573	0.136611306407	-1.30092476608	0.41956899369	-1.93002866786	0.618074694307	0.139445265691	2.56390619806	1.91727265122	-0.318347258169	-0.198350994543	-0.345623385876	-0.599674688462	-0.918667482766	1.41759011889
G78	1.6767480633	-0.346576767545	-0.349138519155	-1.10146283559	-0.077469390545	-1.47180972372	-1.50055662943	-0.721965300931	-0.68928652921	-1.37798171293	-0.634173308341	-0.795088615233	0.539078064739	0.600871432028	1.08545043426	2.00209051782	1.1478731685	0.641338787483	0.209691021769	0.365321793384	0.797046049325
G79	0.0421048534764	-0.418477247594	0.144173212417	0.0946544009875	-0.472942903538	-1.24415793429	-0.868946675813	-0.899935076314	-1.33030397961	-0.473704967235	-1.36926996071	1.15602737416	0.334763591134	1.74392228905	-0.0897080778625	1.99207037526	1.75174439113	-0.272266130028	-1.07021908532	0.786060778197	0.464410772484
G80	1.4864446835	-0.563240113763	-0.961912653933	-1.08187080914	-1.09087596186	-1.06894279222	-1.10474205501	-1.1607431209	-1.07109638782	-0.945534032592	-1.12876666085	0.451575671375	1.03700497424	0.633405544038	1.05755130715	0.567521513498	0.753882957603	0.826405156615	1.05489058186	1.08109607279	1.22794612541
G81	-1.10577951203	-0.843789596585	0.791922851807	0.988347982632	1.60149747612	-0.338404103734	0.584833497186	0.621280314224	-0.203846427767	-0.433664189795	1.56035720407	-1.01907473594	-1.07368513416	0.456782044713	-1.17851161228	1.14149401391	-0.886126415489	-1.35531636614	-0.431217251488	-0.634223389985	1.75712335074
G82	1.80066967085	-0.433336815314	0.288692591126	-0.225842806063	0.295289490605	-0.0747783604258	-1.10080315856	-1.03802707967	-1.44659408842	-0.672851032389	-0.646442741563	-0.186445576079	-0.591254752505	-1.78078664263	0.583417559459	1.32402092127	1.03710959548	2.23620988686	0.104805052785	0.591458824006	-0.0645105388397
G83	-0.968129243623	-0.422956943648	-0.0770178679788	0.326324215749	-0.556121089756	-0.244667692843	-0.173567673612	0.0868366685508	0.397173804189	1.48139449772	2.17996148075	2.65204196311	0.934894332158	-0.190604732651	-0.500850626063	-0.77938402199	-0.909073198216	-0.718813743897	-0.802010152699	-0.872771410899	-0.842658564354
G84	-0.389793248327	-0.701285804654	-1.17567683706	-0.849292953953	-0.686676251498	-0.111961532732	0.822316205587	0.973223518673	1.75887560874	1.38069682309	1.93465032098	0.772768476912	1.15981143985	-0.0201693904788	-0.701158363472	-1.40358960769	-1.02703423563	-0.18830113933	0.186038626858	-0.436154947444	-1.29728670843
G85	-1.19786483219	1.57230984491	-1.87011857977	-0.684531949738	0.828415367834	-0.551058591888	0.315457090462	-0.827289246489	-0.157404199494	1.22668039389	1.06216751525	-0.70712220303	-0.696554921241	-1.5308531421	-1.23661580515	1.19156722087	0.954882328715	0.265438053585	0.527973545172	0.827188999103	0.687333111303
G86	0.742307032798	-0.889748418791	-1.0436290178	-0.757739678821	-0.730260325235	-0.52841600272	-1.63514489292	-1.24191173465	-0.674872548559	-1.03398563961	-1.16005069839	1.40927749262	1.60294812329	0.892782200863	1.06205751775	0.296257226978	1.18847027078	0.784044316667	0.584147246363	1.07470191655	0.0587656128384
G87	-0.165459984522	-0.35134427042	-1.08224027471	0.843612007594	0.179053521989	0.415224271212	-0.992611928134	-0.549072742052	-0.637366611353	0.875897025691	-0.813060343497	-1.02792798273	-0.598386810048	0.701125296029	0.36930892087	0.578922639077	0.451159971204	3.07539927149	1.00352531264	-1.09054576266	-1.18521152766
G88	0.990632768367	0.0593583425623	1.49967625357	0.753414464299	1.48481208401	1.81571409021	1.04926213928	-0.0534065431295	0.18744129016	-0.394587118561	0.531811988392	-0.499808055934	0.20494189824	-0.951099373515	-0.345769548149	-0.438918880574	-1.70528496427	-1.70954704559	-1.06529353723	-0.138022055629	-1.2753281965
G89	0.69120579862	-1.39289393683	-1.54213138686	0.34411498056	-0.382342833044	-0.781346278263	-0.149133908166	-0.940833909613	-1.06976021449	0.34088530845	-1.43196464378	0.251883892306	1.63443224101	2.18127076441	1.32766529026	0.609817412715	0.976661454669	-0.0540256329406	-0.0436316463357	-0.710312954224	0.140440201537
G90	0.481693140412	-0.596465632873	0.0598596934271	-0.575609589783	1.01489606378	-0.574101236393	-0.0139680900675	-0.622344085088	-0.327766744651	-0.215231351864	2.93579225921	1.0681613216	0.182635582743	0.590380193739	1.13673840465	0.697081927874	-0.554761699954	-1.13765059931	-0.760631554536	-1.70058846762	-1.08811953529
G91	0.305678865444	-0.663786211567	0.92306688959	-0.306099713496	0.93572978126	-0.227619621075	1.41873733933	0.0321601157001	-0.263535712535	1.33494471269	1.85889412387	0.770773276515	-1.06443210914	0.502134005444	-1.9124504525	-1.4491635776	-1.00317430253	-0.0396677221812	-0.265253451243	0.572289003353	-1.45922523932
G92	-0.524426370976	1.583854069	-0.89591664967	-0.0361739740898	1.39799231505	-0.563875995708	0.28234735926	1.59345035467	0.0725546934878	1.26109872843	0.9331784572	1.13123590616	-0.0649448903986	-0.990420328764	0.499882437485	-1.33587265909	-0.549712802998	-0.424658090623	-1.95717135731	-1.17792066743	-0.234500533674
G93	-0.470164358423	-0.456460357091	1.08555827508	-0.697942615774	0.499985457417	0.156812583463	1.57682898187	1.38415075164	0.43272798015	-0.116547829924	1.91814796108	-0.930682642141	0.494278425564	-0.0872232335415	-1.89189642883	-0.121741870151	-0.182793573704	-1.24377425706	-1.45435589508	-0.931023211583	1.03611585704
G94	-0.807126639556	1.858746912	0.64599067603	1.3415991808	-0.38515962287	1.31316188804	1.96893120104	0.285562843928	-1.03914240669	-0.645078495557	-0.847900658953	-0.024699085428	-0.885928792548	0.00725539406268	-1.36340222139	-1.27075480798	0.11334333932	-0.439882469597	-1.11358521046	0.42567115596	0.862397819854
G95	2.30478621091	1.92949570172	1.0947914542	0.604428814598	-0.788666771588	-0.174164332531	-0.213083717008	-0.797411427433	-0.930662317388	-1.11964092813	-1.31308029828	-0.840462203753	-0.394710335396	-0.940655604605	-0.816259512702	-0.269160927493	0.264218598517	0.949994695523	1.32205824984	-0.00486410985314	0.133048760849
G96	1.05346703769	-0.102170981915	1.96506380137	-0.108142039854	-0.818793257936	-0.227467875221	0.199824996311	0.552687448629	-2.04560544932	1.38733153587	0.748729558403	-0.0430780981793	0.545137835143	1.6212932952	-0.838509950528	-0.0411468460427	-1.61955750143	-0.0168012490202	-0.421405244266	-1.23632691951	-0.554530095393
G97	0.80139437037	-1.85080009432	0.279157542026	0.0840297079463	-1.06785478423	-1.60545269148	-1.23680245482	2.19977208345	0.350844474768	-0.224545501248	-0.524191869821	0.840407696149	1.28713724929	1.25227021919	-0.262198079117	0.370077137685	-0.492870470509	-1.13233373851	-0.0992641741283	0.749062510924	0.282160866387
G98	-0.452362255539	1.56445838275	0.869814833696	0.908601142132	2.05025417397	-0.467708796506	0.449708459387	-0.591938008699	-0.859589978579	-0.0364502567844	-0.718469202038	-2.13750059255	-0.557626046498	-1.29281868234	0.710744825796	0.777357109017	0.881153646228	-0.677427574237	0.884699941505	-0.606268359791	-0.69863276091
G99	1.06403794759	-0.530156628167	-0.800103736969	-1.04562273666	-1.12081591344	-1.07902498515	-1.13455572172	-1.17379442305	-1.11705473687	-1.07578227875	-1.15895522076	0.280910395206	0.810500105505	0.988396430196	1.07795360309	0.800097905301	0.907037087047	0.953749992871	1.11778753329	1.22780055229	1.00759482914
G100	-1.08730413251	0.297230165577	-1.20243372715	-0.442300368562	-1.03589807342	0.354911075474	-0.769171582642	0.294204876292	-0.615839360217	2.03168481919	0.666700379459	0.303904252769	1.79885842858	-0.76347570413	0.619740000467	0.284771127213	-1.18875630204	-1.54771276084	1.13326456485	-0.406927388329	1.27454970997
