gene	t0_rep10	t1_rep10	t2_rep10	t3_rep10	t4_rep10	t5_rep10	t6_rep10	t7_rep10	t8_rep10	t9_rep10	t10_rep10	t11_rep10	t12_rep10	t13_rep10	t14_rep10	t15_rep10	t16_rep10	t17_rep10	t18_rep10	t19_rep10	t20_rep10
G1	0.851363516455	0.465109721633	-0.327397401492	-1.20517237688	-0.879376016507	-1.03695571496	-1.10416540558	-1.43311076794	-0.64172683904	-1.03524670557	-0.733520475919	-0.833182363231	-0.0386199779516	1.45517924662	1.7574624916	0.610408246905	0.152991327256	0.108654609882	1.44217480443	1.09889169765	1.32623838266
G2	-0.660897171921	-1.40697548307	-0.850282112892	0.463693204258	1.35408585005	1.19209965653	0.00257975599182	1.61112931622	0.68020855263	1.06597632232	0.951202194018	0.862274650103	0.828042877419	-0.363541312313	0.0582033173531	-1.95543800433	-1.35585231769	-1.24424565437	-0.46946197261	-0.330391669139	-0.432409998549
G3	-0.321750902666	0.407608728584	1.22062448266	0.436422819519	0.721693063282	0.471042702676	1.67134333139	0.775651262503	0.936984387316	0.499432783126	1.79534061398	-0.811325442002	-1.15314378687	-1.60834769246	-0.31312028383	-0.705997512977	0.29106600871	-0.980362378948	-1.52608965826	-1.34102483847	-0.466047687261
G4	-1.04505269818	-0.429756568831	-0.141877577241	0.831646727833	1.1351547393	1.49025536096	0.999903521608	0.89672996847	1.51656393156	0.795041802983	1.30175368878	0.815894107952	-0.0302948486632	-0.684576387876	-1.01541458413	-1.06941283687	-1.06332325795	-1.04867647526	-1.07115818558	-1.09824408718	-1.0851563417
G5	-1.26064126604	-0.859166979291	-0.118736758336	-0.035012785889	0.490649791222	0.676723288802	0.504539416855	1.80064646919	0.151223746613	1.19171103568	0.409287450849	1.8384958969	0.950115441428	0.0179561522507	-1.194005886	-1.88878632881	0.436376573707	-0.640549811853	-0.546223820889	-0.320528088683	-1.60407353772
G6	-0.528747401474	-1.49101208107	1.09505403685	0.664343662866	1.77645468182	-0.0199655871301	-0.582357345888	0.480598106221	-0.536277724592	0.148910772171	-0.115490075816	0.842381206225	-1.09853050564	-1.72593263584	-1.51219483746	0.691211742301	1.47192330961	0.219441962432	1.18372890959	-1.21236743546	0.248827240273
G7	1.43265755173	-0.588651210514	1.26852148807	1.93616924766	-0.87469973474	0.14105006203	-1.76667438693	-1.6384292156	1.18585399558	0.935835338987	-0.27485533227	-0.190459982569	-0.976925409263	-0.703656390764	-0.22427039376	0.565856098932	-0.36877360208	1.19503466306	-0.579057765621	-0.699128284775	0.224603262839
G8	-0.930090016939	-0.895538118813	-0.351472862348	0.620792123112	0.374178324176	0.43464115439	0.879367460113	0.660812494811	1.93342920319	1.45317427252	1.13751351596	1.15205672399	0.653469842521	-0.380050722331	-1.17519310518	-1.2250301049	-0.152624445004	-1.09357135068	-0.237987078166	-1.45452201735	-1.40335529306
G9	-0.508767895264	-1.27997211226	-0.450636153113	-0.513694510771	-0.037548274901	-0.616682822797	0.679439963175	0.270697202539	0.0507917045478	1.49277376973	0.60535893188	0.42281886634	-1.07220457773	0.387191480919	1.84653209742	-0.457700514894	-1.54603900475	-1.81576121129	1.42434139128	1.47665299672	-0.35759132677
G10	-1.70164753381	-0.348753662396	-0.639672656271	-1.56197322009	-0.379905813945	2.05389350838	0.674278754035	-0.6199697155	0.240971559447	0.450434567749	0.618071610009	-1.83491877038	1.3658322873	0.0594864241495	-1.02041343471	-0.413293287599	0.768958880946	0.615593976566	-0.20811919	1.11100253851	0.770143177616
G11	0.114639311557	1.6985741353	-1.02062326738	-1.19866143409	1.13023210491	-0.0221977881245	1.46684825455	-0.01448186785	-1.066037665	-1.88804605101	0.959174777107	-1.04949833432	-0.587937825208	0.35628635667	-0.502612404003	1.03678671208	-0.308258838679	-0.623574667082	-0.763001589846	1.14281611368	1.13957396674
G12	1.33381306349	0.359930043894	-0.586648232628	-0.684123622575	0.384946234337	-1.38533980586	-0.553152597351	1.52302999692	2.09941784963	0.206417523123	1.69502046118	-0.576574944675	-0.20731523217	0.0919765955705	0.628345523904	-0.759005995455	-0.260261071856	0.121355495282	-0.892032895485	-1.90422798139	-0.635570407879
G13	0.661776657985	-0.613579153517	-0.183839858848	-0.451181306413	-0.996398060031	-1.01922157683	-1.53564302529	-1.49270821809	-0.93993597665	-0.959327831131	-0.637093893063	-0.584330556708	0.138149565051	0.576491996713	1.3146981413	0.755951290179	0.534457189743	1.07998899046	1.9377531593	1.26691913223	1.14707333361
G14	-1.00563873786	0.681304954156	0.268489442854	1.05865270959	1.60378370367	1.05745686475	1.37927299602	0.896229458437	1.35723923697	1.1927488719	0.324032285078	-0.854407367917	-1.06545640755	-1.01991932401	-1.01605881678	-0.476996791361	-0.363012361068	-1.36963177076	-0.742590266174	-0.838599630317	-1.06689904964
G15	-1.41217812713	-0.58559142439	-1.13499398815	-0.0766300423133	1.27056821602	1.34616868096	0.742431069904	1.38374494958	1.189277448	0.0879823695017	1.42861980465	1.05869233928	-0.791060516424	0.280839560918	-1.62122354678	-0.709440389803	-0.828369244529	-1.19327728493	0.405210433026	0.0423839389415	-0.883154246331
G16	-0.170253947449	-1.90640574161	-0.127702630568	-0.790672674925	-0.34896661597	1.3144991381	0.213118860405	-1.16498196232	-0.215035875839	-1.21561745694	0.258189071308	0.81241731576	-0.560931956879	-0.511582488517	1.1151282673	1.55889523955	1.62853693451	1.29339317787	-1.5312397849	0.499818887359	-0.15060575625
G17	0.168893184887	-0.722744428299	-0.66149720795	-1.97086781622	-0.723452241127	-0.647607955514	-0.940068155629	0.371929672496	1.15147844923	1.89092119091	0.100202594761	1.27250184832	2.46845363732	0.0944141467921	-0.427624262537	-0.056173662137	-0.165134016265	0.493021082071	-0.466982182256	-0.837258972058	-0.392404906793
G18	0.985861221529	-0.332572800072	-0.352022210567	-0.670003630242	-1.12544627626	-0.55854888274	-0.85944356027	-1.36858702887	-1.40183137393	-1.35368397803	-1.48861811691	0.244406396444	1.09698541811	0.491655057752	0.793469454676	1.15343769174	0.934922982517	1.25438417418	0.067746626782	0.989976837364	1.49791199678
G19	0.330972258882	-0.000516273463819	0.231359950051	-0.653267686377	-0.932079833827	-0.953189151694	-0.919140100855	-1.13708562063	-0.914842046151	-1.10964830732	-0.960958945807	-0.927839499676	-0.914677390677	0.0439498183565	1.03589211582	1.16794398342	1.49123012129	1.00755010878	1.15485174667	1.02432491686	1.93516983636
G20	0.278604386811	1.46486293301	0.684725441268	-0.267860538763	0.245460431448	0.227441545531	-0.020262778268	-1.34950298334	0.707588113722	1.07375484894	0.757843091011	-1.501157788	0.580638004347	-0.479379009254	-1.37474187908	0.140397317525	-0.125680180578	-0.709806238446	1.61332360643	-2.44418351734	0.497935193017
G21	-1.11305502073	-0.820183528109	0.18690266733	1.32571222374	1.26867604699	0.588507033581	1.07401921932	0.966283619132	1.05728337503	1.03632636948	0.952074303694	1.06222116997	0.640424618622	-0.709481164722	-1.03801665132	-0.97215574182	-0.95875712064	-1.10376885145	-1.16350849888	-1.11893650542	-1.16056756379
G22	0.744460553689	1.09645556412	-0.757667825841	-1.46943630336	-1.48558356531	-0.705216288176	-1.1595465739	-0.862758542544	-0.99874946339	-0.385958923957	-1.19138354152	0.627225109891	0.0608613766163	1.04480511079	1.46072809401	-0.583273932676	0.169977722494	1.10799550863	0.74946769159	1.54320080815	0.994397420705
G23	-1.10928880458	-0.0693400642798	0.130071576091	0.638667417956	0.979089127506	0.790927082611	0.790502852081	1.39430351139	0.64205959855	2.19653009895	1.21214308076	-0.242204023518	-0.151723137808	-0.182906577265	-0.736163912085	-1.26174394801	-0.562526355997	-0.577155654699	-0.732017266607	-1.36586925213	-1.78335534891
G24	0.568319844379	-0.025388360355	-0.581785183633	1.52550453876	-0.358209254299	-0.388377584329	0.388165871469	0.919957095031	0.0379008663158	-0.238902911942	1.58124509826	-0.201117434151	-1.15568406323	0.086142802131	0.334811596856	-0.761968129097	-0.357295301923	-2.58864286549	-1.01662634084	0.181494110298	2.05045560578
G25	-3.06197136092e-05	-1.82653062044	0.140183977448	0.99314202958	-1.20547298084	-0.886730478735	0.667281785073	0.568914725847	-0.120647370907	0.696093035815	0.587993936447	0.507614841459	1.62103110609	0.697972795678	0.818265693112	1.21171984942	0.630855277455	-0.980171675346	-1.64691850944	-0.953223757103	-1.5213430409
G26	0.759656615321	-0.265473966029	-0.791178817973	-0.949301899125	-1.47320924148	-1.16512545056	-1.07508631127	-0.966264778411	-0.869637979668	-0.812040656458	-0.779003337974	1.31331019702	0.965987885835	2.3787864105	1.15068990367	0.820711428276	0.0133270597184	0.693991816039	0.372040933183	0.442127303481	0.235692885898
G27	0.491376713211	0.724178405402	-0.109508138602	-0.31783846032	-0.569046196796	-0.380638679617	-1.1833521047	-1.25170063129	-1.25381843673	-1.2401015738	-1.51080426667	-1.35424185551	1.02131936983	1.02758275799	1.72858921987	1.66074999548	0.304419078217	0.524723146078	0.855648680451	0.127143329471	0.705319648051
G28	1.50920306893	-0.246478774817	-0.711202280989	-0.944144003105	-1.07896753801	-1.10285070324	-1.1340737213	-1.03246355271	-1.17209109682	-1.1083340468	-0.9976055889	-0.240579719188	0.303326796498	1.00208200155	0.42851899255	0.644432742814	1.00109139011	1.28687518565	1.42724999754	1.34787535491	0.818135495332
G29	0.116077451276	0.556694130527	0.401872247297	0.0578843920101	-0.403087921411	-0.793586859599	-1.0569295664	-1.21000931437	-1.35066444983	-1.45017618279	-1.5301089143	-1.08010087191	-0.0525515715804	0.428699317123	2.06992747207	0.960950346707	0.485079981555	1.12942071891	0.51480884736	1.32634621882	0.879454528535
G30	-0.594281892266	0.706146948686	2.01928722809	1.33199958042	0.952818383181	1.31056681013	1.10731610661	-0.354115351985	1.75790670749	-0.667458060644	0.0239104957952	-1.07399319419	-0.375659679229	-0.392895659894	-0.953502179083	-0.466917585589	-0.801098958946	-0.495165707029	-1.02469972503	-1.35840460321	-0.651759663322
G31	1.98264012576	0.579309819114	0.360963094493	-0.398822697964	-0.0311899119411	-0.843429438516	-1.43246386111	-1.50956209304	-0.84883117024	-1.45486125008	-1.36787573927	-0.759215602782	-0.717745967872	0.841510570658	0.72092680875	1.16805666958	0.670133478525	0.353869166983	0.989734493799	0.760233149816	0.936620355348
G32	0.529747594739	1.33352008699	0.25303788909	1.01458948101	-0.128365551774	-0.685382419559	-0.904554570116	-1.51778678414	-1.50779577028	-1.70111541963	-1.75084631012	-1.04211671105	0.257040205816	0.378197142145	0.717778966328	1.07701379958	0.685125816877	0.880130710921	0.763643608823	0.286350191163	1.06178804319
G33	-1.2283533338	0.321660029351	-0.836482326459	1.44816221578	0.505123202054	0.819383417756	1.21789825922	1.11672951437	-0.0916486306991	1.25521656453	0.210908000623	1.41393160336	0.809064000783	-0.177896491408	-0.691252331039	-0.860487550412	0.0147399669961	-0.79483023874	-1.80356129539	-1.39552924413	-1.25277533276
G34	0.114609050501	0.573689389518	1.06609264381	-0.867201330907	0.904245011001	0.397572770309	-1.1916885488	2.48997300454	0.568775685584	0.622892886396	-0.535222410567	0.575036539117	-0.0795272521978	0.00245365435769	0.668808119864	0.0560571938126	-1.28877193	0.236314948121	-1.26306255599	-1.06651024502	-1.98453662345
G35	-0.130275377976	1.06116123312	-0.0131780391872	0.138495274937	0.633417566699	0.966537877212	-0.0195579229666	-0.23351933124	1.60163578811	-0.573059633772	-1.34130085267	0.735121363611	-0.846365191501	-0.280320297624	0.932828239825	-0.758060220078	0.514830875326	0.542644601677	-2.48951682613	1.2144656156	-1.65598474296
G36	-1.16922595003	-1.58092968902	-0.272152329399	-0.791207401142	-0.601856790183	-0.446352389677	-0.711486361212	0.975927013738	1.47787932946	0.87557407765	0.834398114615	0.732377752967	1.12166905677	1.79103196333	-0.185132144059	0.656187183915	0.908491426937	-0.518518780841	-0.221417613133	-1.5435676459	-1.3316888248
G37	-0.67413513052	-0.508767442971	0.764655924092	-0.416542519381	-1.09766973746	0.111665083324	0.921446802465	-1.81507291146	-0.136459713662	-0.510851969202	0.0525704190466	-0.800390772032	0.692796490907	-1.46503085293	1.67205113803	2.05521400224	-0.627663430645	0.377962127696	-0.515427527914	1.65035268528	0.269297335096
G38	-0.574331094671	-0.346055748466	-1.97410943871	-1.32571773496	0.568402821829	1.21332435673	0.476296251152	0.721556732946	-0.14985548989	0.705694729289	-0.984006063598	1.14048494368	1.67718922236	-0.241783269666	-0.584985406996	0.478622158236	-0.841561727447	1.58038370173	-1.19340271604	-1.01891905044	0.672772822938
G39	-0.111596603611	0.275313784547	0.0188761123098	2.66043170752	0.274028514246	-0.0899586801593	1.33881992359	-0.099196031265	-2.05957868768	-1.03530631359	-0.988029025684	-1.77189489215	-0.134192976325	-0.344496387604	0.17370630913	1.12744968716	-0.233612613497	0.859883165889	-0.0248315447738	-0.286977578253	0.451162130207
G40	0.651049555433	0.0673421384497	0.504772812749	-0.657378028002	-0.748427603772	-1.2391139343	-1.1022889043	-1.27363228134	-0.631335585377	-1.37112656838	-1.40820031954	-1.15747727761	0.248912105486	0.516502406097	0.616355145124	0.873274221393	1.31278582423	1.48463451279	1.54403248914	0.849199310624	0.920119981121
G41	0.732563487109	-1.44217633372	1.60885139351	0.0525950921532	-0.343956668606	-1.56205319208	-0.885219913526	1.77242283719	-0.343910926167	-0.873414845581	-0.617577383531	0.772834426789	-0.0469158248481	-0.437542180416	-0.918516890563	1.11927006751	-1.32729243852	0.947887222687	-0.0431825380853	1.55513217673	0.280202431962
G42	-0.0910851766401	0.302067013639	0.0476876111722	0.776921366987	0.328384301866	-1.2704734411	0.498233914899	-1.27953370242	-0.407859235078	-1.91482943158	0.0143502314187	-1.42668626536	-0.718610732895	-0.762123185643	-0.11248182792	0.632235566521	-0.00613523853076	1.31343962692	1.55168841335	2.25960026826	0.265209922125
G43	-1.02455054428	-0.021298298558	0.0372499803937	0.414195271081	2.07854652578	1.50901607645	0.730130304981	1.40989355198	1.08677571104	1.07879635047	0.716615482375	-0.422847415259	0.121658066277	-0.706212024456	-0.946041633795	-1.00060608166	-0.991713183749	-0.976185175811	-1.12429840048	-0.794361465857	-1.17476309692
G44	0.732195950671	-1.1388208625	-0.397402591986	-1.67674648323	-1.06192232839	-1.39912752857	-1.52171924737	0.738647077483	-0.262145078675	1.78224413556	-0.672741094356	0.461879665756	1.29381535468	-0.212935471363	-0.440045018934	1.05578226654	-0.0398604575201	0.855235926314	1.03911262449	-0.31804372258	1.18259688396
G45	0.83708032891	-0.109641427321	-1.42031400921	1.23448622158	0.874666373478	-0.95123390048	-0.264673621486	-0.907081591012	-1.22299722235	-1.28831698851	-0.953293538018	-0.572220805075	-0.087707457792	-0.966925763971	0.100290639464	1.70756389953	0.522368883386	1.50563867368	0.364045950154	-0.194235187942	1.79250054299
G46	0.647476735751	-0.129476679195	-1.02924121536	-1.15277137313	-1.1313315931	-1.08046576301	-0.958488980406	-1.06647257524	-1.19804345122	-1.10159646943	-0.61937917606	-0.0599431230992	1.89742648101	1.17226291415	0.491541891031	0.732162906029	0.93554935832	0.983606301776	1.55743109268	0.546023722259	0.563728996239
G47	-0.0777165994801	0.329952636469	1.26611578562	0.33357174796	-0.000132277891206	0.273548550184	0.297203843207	-0.442072325354	2.40137680434	-1.30505667437	-2.33819616137	-1.55416574716	-0.367922197151	-0.20880727968	-0.809029097106	0.923765314285	-0.246508220446	0.130917760967	-0.122464748923	1.27332759173	0.242291294168
G48	0.106178654874	-0.663115192627	-1.16148274059	-0.444478935405	-0.974125646962	-0.965204601433	-1.15800615667	-1.07999746669	-0.611314596812	-0.878612937224	-1.09950468503	0.648303729323	0.0405625485068	1.50190347541	1.348964058	1.90354731198	0.0494179981127	0.649040421997	0.605237482949	1.78668060638	0.396006671919
G49	0.99900010278	0.0663679524221	-1.13333964725	-0.82295044986	-0.906407850029	-0.615131697448	-0.842463259276	-1.14908925198	-1.15287954352	-2.04200086559	-1.04923403064	0.483063712622	1.21168981882	0.933926270411	1.16084312316	1.12323536104	1.16653790077	0.613118908443	0.720763001438	0.571470534891	0.663479908782
G50	-0.455350719024	-1.58825004262	0.203549681486	0.780569177898	0.854394964675	0.945814181002	1.06625989663	1.08858106445	1.50253544445	0.816518997344	1.32290842088	0.107523056636	0.176176408259	-0.336563461198	-1.99346918065	-1.73319158103	-0.691399313989	-0.485745315212	-0.226827092935	-0.374828320315	-0.979206266724
G51	0.894678346999	1.346429192	0.572271150217	0.627906306951	0.224528533195	-0.546634800924	-1.59960302731	-1.59327320173	-1.11133157731	-0.978125433157	-1.2032023744	-1.20665612014	-1.06519438253	-0.0683177720835	0.547625576521	0.492536494575	1.02760790781	1.39301317524	1.41178667199	0.189155523375	0.644799810693
G52	0.627106006628	-0.341222955019	-1.0498617791	-1.37078101047	-1.35512661201	-0.899641716423	-1.16218909658	-0.804602087873	-1.08775655576	-0.888120314805	-0.711880350401	1.62248075518	1.64048757947	0.918131350041	0.449253066313	0.418280475327	0.959360761405	1.37083619835	0.279397967516	0.641903130738	0.74394518746
G53	-0.844446812104	-0.96393365302	-0.932289794026	-0.768022414	-0.166771719107	0.0739663897091	1.3676098924	1.8803197494	1.45270102458	0.408152528311	1.40267160476	1.58055151966	0.86058230107	0.142844677222	-0.400255214568	-0.638563858002	-0.378999081614	-0.813862767568	-1.2363571254	-1.03764770595	-0.988249541739
G54	-0.493840989422	0.743555635712	0.57671888989	1.52841563786	0.596019183725	1.33023457188	0.704791176636	0.977683512	1.27168707678	0.575518036066	1.45098953074	-0.896552877331	-1.30811799613	-1.5880526268	-0.939038365422	-1.25820558462	-1.01975025075	-0.678837191854	-0.641757894446	-0.299429487627	-0.632029986893
G55	-1.29407715544	-1.48650809877	-1.44774928652	-0.477945412984	-0.178217262374	0.737415478993	1.17809910972	0.979819151316	0.963572438004	1.48845792782	1.11597810863	1.45888157354	0.861964802307	0.87054583613	-0.625833793441	-0.313242766483	-0.36418124386	-1.11240988685	-0.983890998936	-0.482986470883	-0.887692049909
G56	-1.18867332126	0.0493608911986	-0.262370997962	-0.620828183905	-0.154377930512	0.972081128252	0.948489286599	1.8062445321	0.977328900738	1.37926501693	1.44464427799	-0.101950778819	0.542494405222	-0.245284801674	0.566289615544	-0.659823319208	0.00923808200509	-0.993185456984	-1.8877063146	-1.45287074306	-1.1283642886
G57	0.74940387097	-0.553854989077	-1.05316958963	-1.22050604303	-1.03408109349	-1.13222424014	-0.943626502202	-0.950696370273	-0.828720473919	-1.06064256421	-1.00724571707	1.14274132632	1.78816579538	1.67899923602	1.06225513089	0.848438134029	0.403881049677	0.776813637262	0.587165312205	0.381245806862	0.36565828341
G58	-0.902399115525	-0.92163194626	-0.82047016318	-0.813738460778	-0.407312104663	-0.19848117915	0.625175273447	0.972225502869	2.12799855709	1.65467564381	1.74014611219	1.22312709921	0.693189312969	0.160772465503	-0.294404058223	-0.437534922823	-0.90191233344	-0.802093786723	-0.867211120097	-0.89171107409	-0.93840970213
G59	1.29867675886	0.596787633142	1.38976744968	0.252746382218	-0.401607176497	-1.00605872867	-1.03017257523	-1.24132848173	-0.892140799189	-0.768808805631	-1.40344251352	-1.19385609636	-1.09635390522	-0.199947183025	0.510761525001	1.25237897759	0.372889138997	-0.0465464735064	1.38417731065	0.475761769375	1.74631579306
G60	-0.304474987374	1.2897999592	1.14100527746	2.44254551028	0.0909895209412	0.195017729352	1.25280402744	0.263060375829	-0.203090136846	1.14925441526	0.980795189335	-0.563209427258	-1.09905108454	-1.5610138802	-0.897845684124	-0.943451916579	-0.901616845162	-0.72411303677	-0.666067733772	-0.264875580756	-0.67646169172
G61	0.582385099794	-1.25646572568	-1.07512118765	-1.0125731724	-0.989319650338	-0.91431486662	-0.817666824327	-0.720175811203	-0.933098471029	-0.774504335303	-0.803515705509	1.93823115703	1.81711103384	0.946211450731	0.172646619316	0.725034964286	0.792993268635	1.29419653684	0.465378225803	0.826616102716	-0.264048708943
G62	0.0146733562633	0.450609392704	-0.513613814509	0.322880702376	1.34723250569	1.10160421885	-0.411184701519	0.810015198283	1.46447831516	1.19481221044	1.40411693125	0.366897410248	0.619153958513	-0.655260244132	-1.31081548254	-1.54597079439	-0.465285579215	-1.64119834405	-1.3243419402	-1.14195516731	-0.0868481319129
G63	-0.40219626411	0.333362583056	1.85816284975	0.0490015682439	0.402939839708	0.808191351876	0.71395388633	0.0545010465758	0.504481352128	1.94852717652	-0.733875962345	0.149773354206	1.40986235245	0.338384184904	-0.915413329926	-0.881496352764	-1.05396186466	-0.529476270826	-1.61294590774	-0.655072013568	-1.78670357982
G64	0.696044949433	0.521516239758	0.582837083779	1.12062886385	0.673848307638	0.57401034903	-1.05463803811	-1.26459849921	-1.0470863871	-1.13019848216	-1.90948233608	-1.8043862796	-0.15993064836	-1.079202122	0.932861050555	1.07445126183	0.229284420102	0.712909604401	0.391738276461	0.785969805939	1.15342257985
G65	-0.609660655637	-1.12001605129	-0.491241716941	1.00888979574	-1.60008234428	0.979392139052	1.0754519533	0.149919522693	0.0759332916127	0.124860170829	-0.313020500349	1.93869293085	1.47935631473	1.20029557101	0.344534533755	-0.294953806368	-0.0308994988909	0.0458304115368	-0.790135165449	-1.73076403988	-1.44238285602
G66	-0.923601899016	-1.57705371071	-0.52258284765	2.49221391277	-0.853943716325	-0.538871267198	-0.69095121582	1.81750970116	0.430580150291	0.525251871081	0.462356188587	0.565360832454	0.94389674497	0.663526210831	0.225268281287	-1.00019324437	-0.406988564979	-1.38982221715	0.593584137693	-0.736483633429	-0.0790557144816
G67	-0.00742883530204	1.08087650224	1.80332993082	0.949932065557	0.985107280859	1.45362499512	0.923641311852	0.778170203546	0.647466422038	0.0891859758372	-0.370486012415	-0.777983629067	-1.30995436585	-1.82017877575	-1.5804062778	-0.785799977285	-0.977879894189	-0.602883912745	-0.69142523726	0.0867514025944	0.126340827202
G68	0.200180625909	0.343685586422	0.864092761475	1.90330851887	0.96445203105	1.10898058026	1.47486120494	1.35530387005	-0.327628196503	-1.34439704796	-0.71583474519	-0.410432851938	-0.849749508804	-2.06792880731	-0.00555934305604	-0.0743355318727	-0.510393832684	-1.42285722866	-0.481914142361	-0.30494068605	0.301106743408
G69	0.461979384207	0.552292547949	0.707931008017	1.7776918997	1.5093764381	1.4153217274	-0.661422339389	0.104468276202	-1.01402266701	-1.33146279641	-1.28140611465	-1.33612961175	-1.42882733712	-1.24500585445	-0.251943302679	0.388625726448	0.152120159599	0.807915081302	-0.350791870425	1.11728187876	-0.0939922338068
G70	-0.168226764159	-0.807919133984	-0.422080348254	0.777450274984	0.929485345629	1.36612288885	1.15788608361	1.03738408958	1.0811536697	1.69326638011	1.15939663592	0.261850530355	-0.790998096461	-1.19939298483	-1.80891470592	-1.23817227675	-0.762597019764	-0.649625608256	-0.403701829734	-0.315022032201	-0.897345098419
G71	1.13165436689	0.431557130624	1.56607423138	0.6535121713	-0.502630004158	0.740969537935	0.743715814434	-2.06531638481	-1.17577900526	-1.26010472738	-0.314682632606	-0.579610442405	-1.18441802463	-1.62108657504	-0.476867516751	0.843839507991	0.579288596586	0.396668620309	0.721718076153	0.0927466485893	1.27875061084
G72	0.125072791233	1.26535142314	1.09719053735	1.16753063158	0.948150558167	1.74993316898	0.781969772202	1.05208309132	0.286484988174	0.410972410775	0.61626584514	-1.27817535928	-0.996986424465	-1.72378297288	-1.20733569857	-0.772013477351	-0.76715405806	-0.283242185441	-0.859465993912	-0.537128677337	-1.07572037076
G73	-0.836530795376	0.236579939902	1.64617290524	0.516845341448	0.667444712857	0.123823776535	0.713149128431	1.70366589781	1.8717822611	1.05080587298	0.782324427993	-1.20065246557	-1.18016176194	-0.742459669776	-0.477580315649	-1.45857898962	-0.710865137568	-0.63218837617	-0.45282957126	-0.884460412282	-0.73628676907
G74	-0.0752899885592	-0.573825830216	-0.471068093383	-0.898023339883	-0.931068402129	-0.904107897711	-0.885862513815	-0.972781610563	-0.954743466375	-0.972742925817	-0.964840184951	1.97790564208	1.99312532623	1.39431309785	-0.0672573774756	-0.204834148456	0.194895326801	1.06106612093	1.39188977486	0.227155641352	0.636094849234
G75	-1.23255472135	-1.17945193463	0.306116411925	0.807978752521	-0.0418677269816	0.804216032407	2.12918202801	1.2188276198	1.33151151566	1.19205759744	0.842830725285	0.918804824933	-0.578356088842	-1.03529487779	-0.736388241482	-0.79966512213	-0.966565871135	-0.817138704777	-1.02283197886	-0.711380850033	-0.430029389974
G76	-1.02847015414	0.616421183631	0.252567401858	-1.02894237791	-1.38649805401	0.864714295977	-0.00964021319622	0.594936790774	0.13566876508	-0.314784416888	1.34103246177	0.538624106077	-0.145830264257	2.48388911422	0.510614439293	0.460274312064	0.882297476543	-1.39610351481	-1.20318937198	-0.97973272577	-1.18784925432
G77	0.16040332343	-0.0253382039985	0.342870990936	-0.992114573827	-1.31354035303	-0.481852213665	-0.447925829102	-1.19995572006	-1.17284100764	-1.25043872522	-1.25304418982	-0.333941010395	0.77049499613	0.342849704461	0.287649616339	0.235110337649	0.334739557316	2.57286344492	0.899580440517	1.45761816617	1.0668112489
G78	-0.103022470215	1.07140414414	1.03567629583	0.45394684532	-1.14905348286	0.482428259717	-1.27369214608	-0.161908342103	-1.09543751317	-1.18144975452	0.444871610165	-1.27784642857	-0.599294942153	0.637430627197	-0.501385304392	0.339552525572	-0.585018575877	0.23342347051	3.0475996392	-0.134208880328	0.315984422601
G79	0.126287656746	1.12714658919	1.51906265945	-1.02314802378	-1.37769117913	-0.225844693109	1.47131079251	0.00745775078101	-0.203941113458	-1.26662580438	-1.2320546364	-0.509214788948	-0.0585842024402	0.174734530676	-2.10624583015	-0.0228564993903	0.434854470822	0.298407766598	0.165935633595	1.79660121226	0.904407708565
G80	-1.02996995524	0.660477994529	-0.395103781039	-0.962678027582	-0.628143881648	-0.115980827153	0.885749852964	-0.0325577514613	0.319599575185	-0.621914242201	1.12830099022	1.23198561894	-0.236898164646	0.640026579001	-1.69044069985	-0.794490300597	1.94633253519	-1.39289750098	-0.511751003397	1.96664244942	-0.366289459651
G81	-1.21943687782	-1.5687444534	-1.69393011229	0.923414463711	-1.35406837689	-0.862971692933	0.992885036469	1.49270251913	0.55650288143	1.52903869706	-0.491153030035	-0.277286099797	0.804725176321	0.500439775394	0.876327370979	-0.426644641045	-0.993969284188	-0.27884928919	0.262310057659	-0.0316130506875	1.26032093011
G82	-0.339175393172	0.76401586758	1.09162506535	1.49814676907	1.3942722138	1.36123689418	0.697930383583	1.28321621625	0.733218682306	0.214065151753	0.810521101822	-0.508599878869	-1.10751092528	-0.9544979022	-1.28722740322	-0.88456533933	-0.685496992687	-1.05101630369	-0.869497899223	-1.3914057053	-0.769254602725
G83	-0.761178856896	-1.05669778574	-0.0666312179603	-0.429552896079	-0.260480637992	-0.224639669505	2.6493171115	1.27179559518	0.359075899387	1.51080374863	1.05742048596	0.296445663858	-0.926964122358	1.30639493408	-0.349988828393	-0.916659705343	-1.0231017279	0.017367241126	-0.996329089826	-0.489494781823	-0.9669013599
G84	-1.30920032724	0.437247516752	0.645090316575	1.18924834116	0.756545761382	0.471955821317	0.889234729604	1.04251313921	1.00101347635	1.13406710496	0.730814255548	0.689072494511	0.750247173757	-0.355490865618	-1.65738794582	-1.45043838741	-0.544392004787	-0.648401921845	-0.813553734021	-1.46182658487	-1.49635835952
G85	0.503662912081	0.824022687651	0.537749089056	0.00644842847509	-0.667190993391	-0.837673253048	-1.41466239255	-1.40253152318	-1.39920303038	-1.47683081335	-1.39361108343	-0.757804245399	-0.0448601547222	0.62638885802	0.72681024666	0.737996610499	0.537467515756	1.36820754967	1.15413428519	1.52892958956	0.842549716831
G86	-0.490863269563	0.913644080788	-0.789639337569	-1.47855865884	-0.104944617212	-0.541704805171	-0.803713675997	-1.202786912	-0.914393621206	-0.532992219018	0.550591786386	-0.856756352013	-0.44103555456	2.17364123298	-0.6524662741	0.743644133215	-0.12453957465	0.560780160884	2.1552963059	0.91651413376	0.920283037991
G87	-1.2716921194	-0.490706768632	-1.12223387577	-1.08590101732	0.167894405118	-0.459861219909	0.27081067561	1.06447693444	1.32213486217	0.840362900049	1.83446739539	0.757005156586	0.432805549936	0.85440430798	-1.48315505511	0.155415008429	0.398060934982	0.947271242022	-0.0848855165097	-1.42483241702	-1.62184138305
G88	-0.296634182427	0.783039738717	1.00746363257	0.736399922029	1.27342267405	0.775290624027	1.41437837408	0.862524127143	1.01351565365	0.778768353867	1.17598197495	-0.670565114475	-1.1511714197	-1.2951132333	-1.427460829	-1.29081078773	-1.17326844598	-1.22787426688	-0.554491195152	-0.100963948972	-0.632431651467
G89	1.31046862067	1.53493148958	2.05182797016	1.62074742931	-0.744094176791	0.588613599858	0.126957026778	-0.372687308152	-1.09312747793	-1.26026911158	-0.504137135824	-0.863215596898	-1.25931881742	-0.748520881374	-0.586694117277	-1.16546985621	0.226600946719	0.171637796513	1.07080245726	0.23948286886	-0.344535726247
G90	-1.02293811225	-0.131286144476	-0.843655151297	-0.424436079771	-0.622558773342	0.181690068521	2.66874042801	1.32357278956	-0.407193894488	1.51058418378	-0.211768552288	1.5205807766	0.270696702765	0.545600024698	-0.151622087464	-0.155696429258	-0.432239025505	-1.7345232479	-0.918632577913	-0.377189213547	-0.587725684422
G91	-1.5455869297	-0.434635050316	-0.986788745092	-0.998410700163	-0.386599559683	0.630365447069	-1.12986562273	-0.799507516733	-0.680212299103	-0.137690884886	-0.0572631784343	-0.340573417337	1.03271120976	1.22175127367	-0.979306152419	0.458137280254	0.473826460544	1.65977739588	2.52797586908	-0.0629305374072	0.534825657746
G92	-0.738892801995	0.312161875966	0.692665158738	0.906884572842	-1.52159791605	-0.333724417684	2.13526997023	0.293383391898	0.316488220199	-1.04692037587	-1.79289078869	1.16315000937	-0.357811317409	-0.841257767521	0.176737713206	0.127532448207	-0.463206757773	1.12444825975	-1.00365693354	-0.68947833835	1.54071579448
G93	-1.16430209845	0.0536524331168	-0.661980389659	-0.154620452226	0.903546982669	-0.94995392679	2.0125092352	1.16299665901	-0.228251547297	-0.0421082886654	-2.32550111807	0.0243913637426	-0.812122658948	-1.22364929966	1.64169904498	1.11814725675	0.278250859939	-0.0957087006482	0.356572587892	-0.316735676538	0.423167733641
G94	1.07065773055	-0.383594656691	-0.905930040889	-1.06868446343	-1.15790591259	-1.0154544572	-1.18135198032	-1.06592093556	-1.18972086322	-1.11902256275	-1.14781285539	0.6390533423	0.673981981608	0.794856615856	0.829252263524	1.12735635576	1.08543165467	1.31356678249	0.98683893267	1.02283196542	0.691571103182
G95	-0.992696395384	-0.124691272317	0.327107459368	1.12433952348	1.12334113775	0.446569373688	0.541835768337	1.49969634579	1.49639450462	1.54706830748	1.04346288965	0.455502376399	-0.50779870122	-0.923172242333	-0.710140671801	-0.892278448625	-1.09153584332	-1.33639012751	-1.19790641556	-0.5981758879	-1.23053168059
G96	0.754936586697	-0.0616938449621	1.75367322685	0.102589164624	-0.324127475125	-0.435573915769	-1.51215060345	1.61887633774	-0.563371709826	0.82571490745	-0.516270417237	-0.184738338608	-1.34866838518	0.677141276115	0.475715417907	-0.840512610672	-1.59271736777	-0.825899287573	2.07427830665	-0.266316157894	0.189114890032
G97	1.14587006244	-0.606942782649	-1.06318028149	-0.808208288591	-0.708739470467	-1.20754518221	-0.935869476187	-1.40984611867	-0.901410903065	-1.28804713192	-0.502183099449	0.299506379185	0.705006857891	1.59079825629	1.47131881881	1.42832533981	1.19876207236	-0.157312624834	0.376574767326	0.442973598619	0.930149206803
G98	-1.31505022292	-0.687467713361	0.526099313377	0.049333293424	1.96098533532	1.93020584909	1.86384588945	1.21502777029	0.0280360649794	0.591108940354	-0.0187185432541	-0.222303638969	-0.0755064576714	-0.580034401683	-0.720370408443	-0.463793118284	-0.678122777544	-0.925788224238	-1.13886261989	0.0418140355347	-1.38043836557
G99	1.23302052069	-0.133186061508	-0.161646643516	-0.697416088066	-1.53156888471	0.660236131501	-0.291771854296	1.71153239371	-0.00752394146352	-1.15331530527	-0.716473700503	-0.905786399639	0.245072576687	0.839827159206	-0.905114849291	-1.44604928748	-0.100129596323	0.762736720312	2.19428603672	1.01578473276	-0.612513659522
G100	-0.117324238877	0.505492108907	-0.482966635146	-0.00079960556209	0.607631968177	0.732194912691	1.77707623052	-0.811021069139	0.475584910628	0.548787824708	0.657275772038	1.4761596292	-1.33205347964	-0.45684456157	-2.63874061048	0.279662045341	0.276075196813	-0.773491614587	1.00819534963	-1.32629859489	-0.404595538774
