gene	t0_rep6	t1_rep6	t2_rep6	t3_rep6	t4_rep6	t5_rep6	t6_rep6	t7_rep6	t8_rep6	t9_rep6	t10_rep6	t11_rep6	t12_rep6	t13_rep6	t14_rep6	t15_rep6	t16_rep6	t17_rep6	t18_rep6	t19_rep6	t20_rep6
G1	-1.34467057931	0.954462778055	1.3700625439	-0.966309438796	0.770308735325	0.386582604835	-0.10153343445	-0.170737650575	1.37884428744	-1.43465007516	-1.20832560474	-0.250257493277	-1.31529192741	-1.33633476421	-0.00132085032451	0.355789722751	0.923188514835	1.29842427863	-1.0654396078	0.462649133388	1.29455882689
G2	1.89013346519	-0.220359927986	1.76200394593	1.05932978482	-0.90729274204	0.186159786404	-0.500242454805	-0.323359866003	-0.812015926315	0.437441837582	-0.721235983024	-0.842775390013	-0.259414370586	-1.31851421866	1.11569129953	-0.215231566837	1.05977167402	-1.11130946828	-1.00253439011	1.61411632209	-0.890361810911
G3	-0.847284677021	-0.424261654336	-0.478529158507	-0.618629904558	1.50150641219	-0.950081743325	-0.779168288852	-0.290488572054	0.719502130652	1.78479965908	-0.27730803935	-0.746195283559	-1.04109445572	1.78261214428	1.13894145974	-0.771240815874	1.73489811186	-0.851995394369	0.632335210396	-0.239357177806	-0.978959962855
G4	0.0266270053178	0.361015699003	-0.26008928332	-0.181332583227	-0.87488347086	1.45238149738	-0.403723466973	-0.874326242203	-0.92561496853	-0.92855973143	-0.811175034481	1.99673621477	2.3459517227	-0.055480276696	-0.783337291606	-0.192956105199	-0.82926076087	1.43552558802	-0.373925638825	0.818251166465	-0.941824039445
G5	0.781122012711	-0.826323247294	-1.01587749383	-1.13756168982	1.12256199967	1.82077430409	1.50384016215	0.636138612403	0.905773961187	-1.19852749704	1.19681290838	-0.369704266139	-0.811867031839	0.326379605275	-0.176814945891	0.890649081533	-1.21289172358	-0.647419413056	-1.32850021082	-0.923181857503	0.46461672941
G6	-0.410697450703	2.79722276136	0.377454204221	-0.861295569646	-1.53877500787	0.362757405451	0.0588018158503	0.134535361489	1.53935486764	0.0369715430257	0.184915905796	0.696047232263	-0.106363183139	-1.48027847371	-1.13838549297	0.944099720025	-0.664741237908	-0.726909924849	-0.7867512775	0.821825629312	-0.239788828127
G7	-0.245061453882	-0.0755341881141	-0.247449550978	1.08360635472	0.844339056053	-0.636167177645	2.10746801775	-0.156886623737	-0.0382588070561	-0.547039180763	-1.07300763725	0.308652443051	0.974567188198	0.214551402326	-1.83649246656	0.986060445081	-0.199356072809	-0.232518332188	1.69148671426	-1.45123352281	-1.47172660765
G8	2.03801310812	-0.690484410621	0.321252933549	0.00543728150374	1.6018200122	-0.607362072982	2.13352231254	-0.765841879501	-0.709753724756	-0.839122416319	0.0938728289427	-0.531030973516	-0.390839158205	1.31103194096	-0.739258248008	-0.873674214155	-0.692536067849	-0.653579855354	1.31333964325	-0.617067609477	-0.707739430327
G9	-0.512141709846	0.41434636451	1.71489484298	-0.143108872349	0.44939221546	-1.11495976926	1.14797698342	0.813174788758	-0.772166105618	0.134109126413	-1.47200472845	0.237867303938	-0.266160758545	-1.44081087082	-1.03221209631	0.0798937375657	-1.03627733943	-1.20691362527	1.70781440956	1.01015012494	1.28713597835
G10	-0.976932324431	1.04195945998	-0.82084683632	-1.11398796747	0.838058722827	0.710428195459	2.07402113944	-0.0357862824653	-1.07025547682	-1.10948611036	0.797769980158	-1.09390346738	-1.1149574211	-1.03001739443	1.27203889917	0.253340021131	0.0512319672339	1.07723628858	0.748421106142	-1.11291028505	0.614577785694
G11	-1.76680712166	-0.972345157563	1.80157162052	-0.61243655896	-1.27822475843	1.20307254764	0.379401562045	-1.1507082414	0.0434197465937	-0.314383304276	-0.466642877319	0.522105805874	-0.43861865695	-0.657967593602	0.693508183113	-0.767725870535	-0.703649024511	0.298757017367	1.26408750936	1.56222916491	1.36135600779
G12	-0.50420852328	0.620164510249	-0.705965373618	-1.1285849984	-1.61810357337	-0.807650618764	-0.853136048201	-0.547590730131	-0.0239843924335	-0.108159051275	0.870348861358	-1.32744858315	0.385408875372	-0.0712253035216	2.99042468166	0.703054967917	-0.497418423966	0.441253324248	0.868936545103	0.889383102023	0.424500752175
G13	-0.837736252532	-1.01425215031	0.324205065679	-1.24305581783	-0.952967658857	0.9839527925	-0.969230767903	1.0217542785	0.763796438272	-0.242071916536	0.864861186003	1.48470080648	-1.15821858453	1.03079240619	-0.131672661425	-0.776491714225	1.5981270571	-1.04491291977	1.05577474419	-1.40181000044	0.644455669438
G14	-0.878999936387	1.07388904323	1.25928961843	-0.409906250669	0.833889120998	-1.03312371624	-1.03736680423	-1.15425429124	1.4109284703	1.06714917217	-0.978907855297	-1.1148789295	-0.794576299104	1.28997469063	-0.941043758619	-0.933116833179	-0.833403749943	0.673777494547	0.245695171696	1.21511861886	1.03986702356
G15	-1.20497368654	1.23482865769	-0.403440494281	0.685666533681	-1.2196413872	0.812726098107	1.05710154002	-0.852256126063	1.2229538519	1.50778434256	-1.08210060577	0.849141883351	1.01513141013	0.743206742749	-1.14119496411	-0.314844933287	0.839427735727	-0.377295339295	-0.848204951545	-1.28841416013	-1.23560214768
G16	0.0622658760374	-1.07349713423	-0.954514985063	-0.220410057391	2.61303972438	1.95849164186	0.272958556443	0.0992520849981	-0.298034849518	-0.742766431413	-0.317572683462	0.93539782885	-0.65977033687	-1.60847384017	0.00516235652337	1.01582528188	-1.03965207852	0.620474579308	0.240038434556	-0.9685742577	0.0603602894955
G17	0.171694621847	-0.627415141727	-0.281756167468	-2.24981568064	-0.499570264676	2.10647154899	1.6072010458	-0.779419888673	0.27674856497	1.6510598514	0.0949707821217	-0.245936557258	-0.0298296659074	1.36056529676	-0.336862446951	0.294021471296	0.289750813918	-0.615802970614	-0.227183720158	-0.662447217347	-1.29644427569
G18	0.444393764087	-0.776443964339	-1.42455106129	0.991842762681	-1.31684615573	0.340885757648	-0.848119480213	-1.15333284323	-1.18497140901	1.33428706284	-0.165155059221	0.344668601159	-0.809260492132	0.974493701542	-0.00274043542373	0.554261324036	2.11744704538	-0.0436343233917	0.05925718569	-1.02144892439	1.58496694331
G19	-1.40885727163	1.81990926809	-0.963211336917	-1.13135582525	-1.73317993796	0.923057129204	0.478196349897	1.35890965869	0.914844018594	-1.06550260946	0.488125249699	0.937816054027	0.410615934851	-0.587063422048	-0.852299756907	0.989120005014	0.83052146603	0.0127396821173	-1.15106030205	-0.455314915848	0.183990561854
G20	0.669789420529	1.02460968246	-0.665411187247	0.429046280555	-1.32357875241	0.710656964549	-1.36339017908	0.871170919572	0.873154968162	-0.862602815813	-1.49733331071	1.0666637987	-0.220815279017	0.778487263801	0.649736236456	-1.22810619815	1.09828833077	1.67976317266	-1.02817331548	-1.00781441323	-0.654141587068
G21	0.0385762861773	-0.893733556717	-0.211928081791	3.38130446531	1.10148077432	-0.0101643125998	0.408835448068	-1.20919956826	0.811779421324	-0.558792995699	-0.414373537678	-1.33492944936	-0.6169429366	-0.116032322234	0.661379711831	-0.995495953295	-0.0301914414468	-0.555095361801	0.704976674628	0.314483812164	-0.475937076354
G22	2.88347467231	-1.07972741823	-0.697516880271	1.15350663854	-0.083963360331	-0.795123108765	0.0140594695295	1.26784442655	0.00946913965785	-1.38766911906	-0.0459099114368	-0.919827713182	-0.729103364434	0.797509198602	0.541509587595	0.658657506114	-0.714447096915	0.623531839046	-1.14768937356	-0.679269354676	0.330684222913
G23	0.16622991309	1.34181200675	2.06967724507	1.065889808	-1.08567146617	-0.0630651107985	-1.17476742187	-0.958739655105	-0.901342757067	-1.10487393433	-0.740888688558	-1.09753653638	0.0203828502729	-0.148862537734	-0.871763035355	0.760626937212	-1.1036537106	1.02846247783	1.22703783415	0.55418434895	1.01686143264
G24	0.243167260478	-0.856745223717	-0.174283922945	0.769799475356	-1.62131864336	0.672423644304	-1.30727916505	1.33640063148	1.82711278706	-0.735842701061	-0.183972161678	-0.766484674863	-0.347824113754	1.12079656649	0.502419065856	-1.79626867337	-1.12161215427	0.901084141976	0.322644742347	0.000575789237613	1.21520732949
G25	1.11074407071	-0.55773300101	-0.0178270925836	-1.00597668884	-0.96770438587	-0.278051632716	0.432111600528	0.812927062156	-0.638603993403	-0.425449291749	2.43062177573	0.795863398205	1.01838185875	1.1398211991	0.443619312041	-0.0483298578469	-1.45787609076	-0.00674450671833	-2.03075122619	0.0648176999277	-0.813860209464
G26	2.3045192756	2.0367454015	0.872489667087	-0.595735957461	-0.434083907015	0.0393693778871	-0.287791675533	-0.436630484646	-1.25029912383	-0.693470145572	0.360816084172	-0.628393343173	1.39028863455	-1.54363767047	-0.316239790938	0.867263620031	0.549003226292	-1.25601038046	-0.444696707482	-0.216030106854	-0.317475993671
G27	1.73952135243	0.0141524611693	0.425299164148	-1.41173247537	1.90696186444	0.0699116254093	-0.999267394852	0.588812989868	-0.682594204019	1.7982673803	-0.385565385565	0.779168107015	-0.258225432525	-0.784414525439	0.93294782073	-1.31100843137	-1.11548593073	-1.3047808754	0.0728973949567	0.219380627502	-0.29424613271
G28	-0.205389321524	1.44186272292	0.186994797637	-0.591560956653	0.21860137698	-0.496321762585	-0.644446427469	-0.31624191638	-0.348690241963	-0.237636421574	2.03008463136	-2.43187614537	0.307900166608	-0.639206061148	0.82113013733	-0.00968190371783	0.935522601053	1.11798881202	-1.90217118848	0.021782967504	0.741354133443
G29	-0.86719809575	0.0666995133456	0.319800078854	1.20269216179	-0.0767937552807	-1.63466751137	0.070048619921	-0.897332460582	-0.37778046934	-1.57756182681	1.27763506647	0.349581306598	-0.639631619999	1.02081137284	0.583625759467	-0.111779008605	-1.70258374743	2.06853114084	0.778086582524	-0.70788390587	0.855700798396
G30	2.38476734736	0.879732496182	-0.0936135568874	1.31202866019	-0.839263580948	0.506804849989	-1.51997825295	-1.05557042517	0.842605656793	0.0729114418189	-1.70108478656	0.301180511572	0.534343947976	-1.41492042687	-0.306320721663	0.562334208639	0.779445020475	0.256822240109	-0.901535790292	0.123358271185	-0.724047110936
G31	0.0206265222315	-0.143984576018	1.29877942284	-0.727633438484	0.497656495081	0.324023919695	-1.21403156532	0.784634016255	-0.581955623693	0.0631942373491	1.53576719269	0.775302631024	1.98560141714	-2.05225679512	-1.88581513805	0.00276478540316	0.740398575378	-0.614595774451	0.0261943625604	-0.544669477868	-0.29000118864
G32	-0.0843151897521	-0.893029722576	0.415021023795	-0.556742231448	-0.0785217626506	-0.708834658664	0.493501674049	-0.443220326708	-0.689478891883	3.33461561848	-1.40727187198	-0.181775133797	-0.00484879219984	-0.0335259237794	0.738069436504	-1.16362733304	-1.12466969523	0.833792017565	1.02160547912	0.0318806044189	0.501375679793
G33	-1.18190375829	-0.513795562214	0.621512187355	0.378413417405	1.33652034011	1.01074171982	-1.01178574605	-0.291990192391	1.47320676214	0.305402688854	0.696144867232	-1.42739843242	1.31391351201	0.589334083438	-1.11138942439	-0.568869624688	-1.43212765463	-0.858471678446	1.11572075641	0.860911321589	-1.30408958286
G34	-0.889688680716	0.114470072504	0.0167152538846	0.885563351982	-0.461749656077	-0.494104101868	0.204908943114	-1.14473447136	-0.231171222625	-2.67283162235	0.68116187715	-0.657731105106	0.266750670736	0.0154430812021	0.927166837005	-0.458456524389	-0.655912624035	2.47441534432	1.04813212149	0.214056743379	0.817595711758
G35	1.10676552019	-0.625969289027	1.45174426238	-0.0799681143395	1.02794251549	-1.05015136405	0.475900462357	0.153644212928	0.657805067576	-0.625037485111	1.75218869362	-0.827893944361	0.119209726731	-0.980403411089	0.903357585156	-2.52550967675	-1.2152349013	0.436092784873	-0.324724055782	0.487728667164	-0.317487256664
G36	0.914029769361	-1.15904876568	-1.16417310187	-1.11802197966	0.338351151712	1.16500990454	2.44090048361	-1.1459422667	0.483331226453	-0.253705343114	-1.29755891849	0.62296105474	0.0349487240529	0.445807901307	-0.597298812253	-0.892298118637	0.55307947855	0.694501775193	1.08698815181	-1.32331515799	0.171452843061
G37	-1.0347296034	-0.69922346351	1.53441941538	0.318549011449	-1.37746331579	0.451763866638	1.30504806017	0.554277687745	0.102828940123	-2.00117160017	-0.352280246395	0.440796904609	-0.919305557854	2.23113551242	-0.374856541592	-0.0622747974556	-0.744388614233	0.57653818037	0.940794914601	0.00389301860461	-0.894351771708
G38	-1.20736860213	-1.24392461841	0.334770148358	-1.4256708278	0.00072990277505	0.60110349121	-1.80075842893	-0.794027735875	0.469888143411	0.898493998398	2.22160271245	0.0589298689321	0.0502459296393	0.573437895743	1.1944918536	-1.04964454116	0.00453736351048	-0.857470282583	1.36794951385	0.284113347681	0.318570867337
G39	-1.53925388082	1.71138201136	-1.69322256704	0.8937547061	0.498543240136	1.51633679611	0.690165840846	-1.41748431717	0.733260372278	-0.753830852669	0.973960636691	-0.173384549656	0.0193217930831	1.30758437044	-0.79879390484	-0.205387799704	-1.43355746144	0.253517028052	0.18528380518	-0.582725898316	-0.185469368619
G40	-0.634884803022	1.5759721145	1.16474071907	-0.0983029311893	-1.25593620999	-0.514692351636	0.183628292745	-0.382906320815	0.518506013517	-1.72713164231	-0.647573154191	1.45742980528	-0.0370400727326	0.536717905057	-0.208832292033	0.522665081499	-0.466754834709	-0.554925656456	0.935786155861	1.66800568838	-2.03447150682
G41	0.366674023715	-0.248277594807	-0.133217011484	-0.607934017795	-1.32074160502	-0.240972560783	-0.19813420393	0.51927051678	-2.22201592135	1.23143891353	0.166009147284	-0.355989062003	-0.146920247722	0.445801396571	-0.688481464075	0.481762945532	0.797724559403	1.017747776	0.213529653099	2.53829060811	-1.61556585105
G42	-1.81323043434	-0.692126536953	0.446501169245	1.98943126927	-0.890734511068	-0.343818601618	-0.895957199034	1.31776539213	-0.873725118596	-0.459777017851	2.35295695389	-0.483603628674	0.288575354288	0.324642189315	-1.05212502421	-0.447802815801	-0.457480573587	0.617615913923	0.876126949146	0.153904042267	0.0428622282674
G43	-1.73414118673	1.96722376481	-0.268184508114	-0.429379296635	0.576424328931	-0.565564116158	1.09039438005	0.117968063125	-0.740414513441	-0.026743649276	-0.677036594829	-0.00195306597248	-0.673213453942	2.79229807019	0.0795418152133	-0.283170238525	-0.976807967176	0.726695857775	-1.04523482506	-0.17674823329	0.248045369057
G44	-1.52851658944	0.0677769943145	1.71589330724	1.16965267856	-0.217574221493	2.071978523	-0.310310162185	-1.04661835157	1.57277915833	-0.253255185147	-0.8096837911	-1.66828083234	0.443798903513	-0.129085431632	-0.634237144349	0.433534595624	0.0400603385922	0.574056383905	-0.072419308688	-1.29723913595	-0.122310729188
G45	1.37675689975	-0.229761599898	0.724652997794	-0.784625193198	0.219724707372	0.054953941246	-0.462936227359	-0.0191845325498	-0.292295703139	0.0809119882948	2.25576830257	0.869168055748	1.2999034107	-1.14157506668	-1.36869638004	0.146096559623	-2.32110799842	0.90731946626	-0.377582683115	-0.588508708591	-0.348982236375
G46	1.07910310263	-1.14227037466	-0.940155889704	1.10715702136	1.18427067808	-1.00308771978	0.201942683349	1.21332713703	-0.835676203522	0.617678537065	-0.173520715864	-1.07665458831	1.25772815623	0.692554812435	-1.11094170971	1.26581321088	-0.643893987405	1.35144497702	-1.03693441179	-0.992984474232	-1.0149002411
G47	1.70590708105	0.583730524262	1.44605860965	-1.0650183442	-0.886612883181	1.39368049881	-0.691311351527	-0.295642482967	0.905432020534	0.7669177085	-1.47758717493	-0.222918456004	0.27612611232	-1.10584735303	-0.830057209874	1.59749865408	-0.831189646462	-1.27755451001	0.650402241935	-0.100957759557	-0.541056279404
G48	1.1057437722	0.190036899337	-0.311182940651	1.68134693582	-1.44754191153	-0.333770372408	-1.15984690564	2.08549610551	-0.50006875673	0.411781400423	-1.08760842218	0.9160652978	-0.573046610557	-1.09877224867	-0.321713972679	-1.38704010008	-0.113457985102	-0.264928996057	1.35884823457	0.982002480625	-0.132341904014
G49	-1.19755923407	-1.07986684381	0.689059921416	1.1159530379	-1.00387565352	-1.01719698041	-0.873358497326	0.846498519868	0.821736448126	-1.01901803467	0.838840765967	-1.1545647929	-1.06453645406	0.666939395281	0.800427980237	0.738693199177	-0.843743918708	0.997411880591	1.96207903665	0.616577894243	-0.840497669986
G50	0.592432795217	1.33173664308	0.747751507787	-0.667906927431	-0.820188534179	-0.890768656867	1.36463851785	-1.16325428991	1.06185928129	0.449849398451	-1.19077022936	-1.20869563975	0.912071338043	-0.906177104375	-0.612699988323	-0.851938663868	1.22826283188	1.59390442854	-1.23167512671	0.689925592293	-0.428357173661
G51	0.073801963822	0.781217220343	-0.419582140818	0.609106272482	-1.09235311049	0.823885624397	-1.23746060028	1.31034034662	-0.232280107	0.476821881177	-0.534245765003	-1.42818335215	-0.396395815549	-1.40485788793	-1.34964991382	2.22413411256	0.600772374207	-0.702476573739	0.232581824758	0.155273071754	1.50955057466
G52	-1.23315869479	1.16341867866	-0.61976341111	-0.205404132334	-0.0799010977059	0.233817845663	2.11446984825	1.10151227134	-0.46991684026	0.67093124902	-1.67307793053	0.627361880443	-1.14975490698	0.0570739270748	-0.925001012023	-0.932813659095	-0.390560507673	1.20556496937	1.23049319402	-1.27268564856	0.547393977204
G53	-1.58929655484	0.48786493033	-0.0869772962877	-0.962753945459	0.436298728909	0.198794634725	-1.4512894853	0.0623696568156	1.39502129033	-0.863122739468	0.986170744103	-0.7142532223	-0.71427818627	0.0438651137337	-0.633809948082	0.264053573928	1.88422149589	-0.611398543628	-1.14548084752	1.6210606811	1.3929399193
G54	0.612843396516	1.42483714979	1.32821576749	0.276062772028	-1.31058579584	1.36024887543	-0.584958033037	-0.57199005361	-1.01937770111	-0.173654149858	-1.03016632158	-0.894786801107	1.26196842893	0.753367662116	1.27679359609	0.887655445453	-0.637503100463	-1.16821080945	-1.1526695756	0.603951353319	-1.24204210551
G55	-1.07278720102	-0.442224404158	0.715304873279	-0.20124451533	0.262312006744	-1.15934042113	-0.93635648741	-0.534412570343	-1.46719979593	2.14557039844	1.72929436223	-0.313369853121	1.01356279321	-0.837505782199	-0.902029277785	-5.48939264882e-05	0.314476361652	1.15235136556	0.945620215623	-1.13687350252	0.724906328145
G56	0.85758605278	-0.748140874393	-1.03975122889	-0.956109535927	1.08310193747	0.272198207605	0.396745922664	1.70808830632	0.778437824367	-0.266126062021	1.04012004937	0.13874422082	0.465930843287	0.935021373356	1.42670870247	-1.66459750862	-0.507777665888	-1.47858887742	-0.7216428057	-1.65617093599	-0.0637779456582
G57	-1.9002201455	0.313825771479	-0.106109839584	-0.151329082254	1.1024667832	-2.13168942798	1.79498751388	-0.276428770336	0.549155158405	-0.24572989939	-0.656207436727	0.445318757559	0.527123121554	-8.16845146058e-05	1.29575006416	0.666129817306	-0.224732403246	-1.35973191855	1.43829178142	-0.183285349512	-0.89750281136
G58	0.998754698059	3.25676878337	-0.28681646809	-0.912826443223	-1.38370210421	-0.861501218042	-0.14718818979	-0.16567710376	0.208267344251	0.0420643336051	-0.0610298506906	-1.4311569834	0.919622146268	-0.794941127751	0.0922802239471	-0.0178397476571	0.0862405120503	-0.855190335407	0.484516370845	-0.246190161127	1.07554532075
G59	-0.939152139266	1.04877751489	-1.81387606886	0.9859903365	-0.566582417862	0.454253462903	0.29353954628	-0.391775758643	-0.0672766750334	-0.266280967935	-0.012436555871	-2.45407741121	0.810467582637	0.591333073631	2.16442114388	-0.584077405677	-0.250428223837	0.562049576654	1.05042612389	-0.613373633225	-0.00192110385353
G60	-0.862384762202	-1.10015462734	0.73458424758	0.300346469521	0.290785648133	-0.888376793976	-0.651114495	1.80830894293	0.137042863125	0.316067750768	1.37987666016	-0.0826304438325	1.66736810439	-1.15025439299	-0.993625447462	1.27119115346	1.22671110725	-0.759030358893	-1.3741905922	-0.225392549176	-1.04512848426
G61	0.0951946737384	0.928344354886	1.31230568611	-0.0379392675886	-0.800013410269	-0.178802468425	0.804403805927	-0.404519278774	2.67970963597	1.25638422317	-0.0126544342005	-0.406990879249	-0.795528877478	-0.816028740416	-1.21355182757	1.41596669308	-0.607448894141	-0.75407248636	-0.801924193781	-0.472223906707	-1.19061040792
G62	1.00049438189	1.04680163578	-0.826038688538	-0.529521933839	-0.130454266074	1.44413111544	-0.76291547532	-1.04079723663	-1.25724699478	1.02250196275	-0.727119288518	-0.4387843633	-0.72243896304	1.92842790345	-1.35301667996	1.15820627379	0.366234896327	0.219687394256	0.458878901963	0.72304416319	-1.58007473885
G63	-1.09568649989	-0.955513121332	1.41369150389	-1.02438306868	-1.00187944996	0.162915441011	-1.04686625662	0.987727452944	1.5618080154	1.50003332353	-0.0144974802817	-1.01521009145	0.79462857625	-0.742557744706	1.31457689196	-0.648550828422	1.48340222236	0.194604028944	-0.206995869627	-0.939959966018	-0.7212870793
G64	-0.423279894538	-0.458238149135	-0.843464108596	1.10470188021	0.467433403172	1.56889619009	1.00787731258	-0.563286306946	2.45383698202	0.0321740099785	0.0165954831539	-0.220656356156	-0.158237875758	-0.832191813846	0.279460817778	-1.57006922509	1.05606569926	-1.10472512767	-1.69139285268	-0.31572004859	0.19421998076
G65	-1.00478110395	0.622364185634	-1.16081997581	-0.907443147667	0.828079599531	0.440219697324	-1.11587898409	1.22871978214	-0.30502797576	1.32194736329	-0.920330254121	1.23126054267	-1.13109926864	-1.05820626927	1.47783327966	1.0618113595	-1.05420878985	-1.13684238286	0.281105934677	1.17694799276	0.124348414836
G66	0.533117287986	0.5596313576	-0.00855105400738	0.709877228686	0.465998348052	0.358103388113	0.429837088831	-1.14664464606	-0.0268091140259	0.13060620168	0.912943975161	0.939310447798	0.384347386664	0.604642154684	0.403914977303	-0.933729726863	-1.95383523808	-3.15722479039	-0.148198206042	-0.0385619158179	0.981224848739
G67	1.40605794043	0.76637184951	1.03640309246	-0.918007351378	0.393393727908	-0.293275991829	0.226600997824	-1.02430971907	2.11363885086	-0.462924024364	0.739393988877	0.370430924404	-1.47775684249	-0.996901189306	-1.24834075091	-0.21176253259	-1.5589464521	0.814847560371	-0.183841947394	1.19611691059	-0.687189041798
G68	0.967705943337	-0.608930323849	0.343131968692	0.938461174177	-0.364031370725	-0.293068904771	-0.548350502617	-2.26209141656	-1.31485420706	-0.951597582142	0.552222632332	-0.402272192961	0.298727450714	0.975029130365	1.48780575494	-0.723308941416	0.475219616607	-0.690686454194	2.1137023493	0.714116403119	-0.706930527276
G69	-0.154705861227	-0.364427578827	0.839198228686	-0.987577750766	-1.09390084034	0.0993671147786	0.237033605382	2.03354786556	0.879374979671	-0.205028279697	-1.79601378056	-0.481129278014	1.58704624193	0.302038296915	-0.245963822363	0.497527481201	-0.298290465667	-2.37773023657	0.322401128973	0.601225935724	0.606007015218
G70	0.936808726281	0.43377530507	-1.01581788667	2.24305210739	1.05953449818	0.497240310591	-0.937357221759	-1.03310188624	-0.0903278911589	-0.209201410686	1.25176870957	-1.35514166166	1.29907556184	-0.849022177211	-1.146444185	0.518550425248	-0.116550479856	-0.599508723065	0.970976159355	-0.747642315237	-1.11066596498
G71	-0.197041207984	1.10853631646	0.204989796015	-1.35397077506	1.22444831917	-0.202764048755	1.48359452179	-1.36609797571	-1.12796175947	-1.67832395843	0.425556257563	0.93901851608	-0.613923569314	2.02860631577	-0.039761955044	0.494372409955	0.515430390639	-0.614357437819	0.47945578037	-0.965915712294	-0.743890223914
G72	-0.813921170339	1.05752815037	1.91757051061	0.47373742257	0.53661399348	0.625506705045	-0.35289998609	0.3382734001	-1.33919424782	0.564883512407	-1.19537077435	-1.43520847097	-1.58656859132	0.836747851698	-0.122617867707	1.05627527803	0.687905422379	-0.568414935668	-1.70789710768	0.837157013823	0.189893891433
G73	-0.531772432234	-0.71243759859	1.82809963431	0.927259686099	-0.986153786369	-0.30490640414	-1.00214639236	-1.23559418148	-0.901652296293	0.53661288849	0.175144745601	-0.337678724237	1.23579812035	-0.534723425152	1.34176354545	1.7311541503	0.745727905747	0.403872536178	0.338285492853	-1.23245369957	-1.48419976495
G74	-0.527298011452	-0.928328935847	-0.869597467732	0.628965913292	1.83424840067	-0.442143417331	0.619103578496	-0.787190074096	-0.805817012951	-0.936883764136	0.68349611874	-0.822024346358	1.73458479478	1.92970787025	-0.857660364368	-0.956364174272	-0.778408228193	-0.776189777592	1.1064184378	0.15352493726	0.797855523041
G75	-0.478249474599	-0.528707039289	1.35687582436	0.800011398303	1.42165575839	-1.6650382	-0.105415363473	0.857880471407	0.586071246995	0.805695672878	-1.08310288811	-1.02328899207	2.00855710827	-0.703126847989	-0.674503290551	-0.137187223394	0.979855529997	-1.55002406709	-0.934298900779	0.125256041827	-0.0589167650855
G76	0.808539112013	1.3963330783	-0.00272940072666	0.754612155653	0.400411301628	-1.5692692831	-1.21426922433	0.781381993916	0.577998468976	2.09552984887	-0.446661231657	-0.589836825494	0.150434492072	-1.47819514932	-1.60192577483	1.06745856498	0.429441445825	0.516665665995	-0.836020053051	-0.703896017353	-0.536003168367
G77	0.757387767382	-1.01313178488	0.558607829403	0.947076809411	-0.889645321101	0.92175814997	-1.02376772655	-1.04017008499	0.205897330153	1.20767053477	0.0257464341517	-1.00182377224	0.491482050462	-0.262234781223	-1.0102999983	-1.01860880454	-0.97850219202	1.07078091895	0.638507740223	-1.03054822906	2.44381713003
G78	-1.06517533803	-0.374370896051	-1.05768837583	1.8449918057	-1.07357841332	-1.04868530224	0.815753614669	-1.06863152656	0.766188053035	-1.07395093293	1.21658966574	0.628933484378	1.40641474617	-0.96072294889	0.760493027896	0.936161123761	0.672596996668	-1.07352882669	0.607071976251	-1.07316994341	0.214308009679
G79	0.420198471642	-1.7415491391	-0.385968173519	0.589671772875	-0.623721873332	0.633772705841	0.042194261779	-0.490077059416	-1.7659158241	0.8479897818	0.283697319594	1.80064150801	1.67521280825	-1.86294516658	0.618568172749	0.972217295281	0.468855628429	-0.522338437684	-0.955189641496	-0.21592161649	0.210607205467
G80	-0.385643166379	-0.0322824851761	-0.96924685799	-0.448520259272	0.851932639551	-0.294094649678	-0.0282275576021	1.69654996186	-0.64771925307	0.0718354949358	2.01131574497	0.366746208778	0.145121949635	-1.17283237391	-0.174137277911	0.0425482526879	-0.922152311974	-0.887421505406	2.54079102588	-1.29130501418	-0.473258565746
G81	-1.00060151946	0.156793712687	0.167383412257	0.589499908987	1.68288906829	-1.08436193576	-2.0103052654	0.375352254171	-0.297031166094	1.28629499757	-0.0503250960061	0.958396468686	0.188205654583	-0.230221412246	1.46307690638	-0.140385758523	0.805144050859	-0.0407818659044	-2.07262912964	-1.17059387722	0.424200591783
G82	-1.27744586812	-1.09888080077	-1.33151863492	-0.183161534731	0.865278813302	1.15090478082	-1.19623466909	0.913526048938	-1.01867040932	1.49945916803	-0.434754941667	-1.16214525273	0.853133543016	-1.10734793914	-1.1032127742	0.845049087805	0.245985927086	1.165228065	0.727564627147	0.830065401814	0.817177361728
G83	0.000953678744848	0.539108413091	1.95295364903	-0.659325402504	1.35359159636	-0.595499999335	-0.670575499313	-0.641653329791	-0.507805111311	-0.735078701645	-0.767462439415	-0.680346761585	-0.704642096014	1.60073634113	2.03889447498	-0.710605359354	-0.622726986304	-0.387071964306	-0.631606839981	-0.717716088751	1.54587842628
G84	0.161703166666	0.053488338376	1.99468659844	0.573733656982	0.61463056279	0.075254231538	-0.0214067548453	1.34737252958	-0.00912575980679	-0.152275845828	0.382816495496	0.895081602367	-1.92418849057	0.074570741181	-1.96747341428	0.101033741293	-1.1661590599	-1.75132084839	0.48059256197	0.8986938573	-0.661707910359
G85	-0.630497179055	-1.07167926445	-1.48424909108	1.10641192993	1.17872463231	-1.42028040316	0.857775344391	0.197526205716	1.13078259577	-0.0493111821108	-1.47439487895	-0.531225975241	0.813659894203	-1.29478479566	-1.08193845279	1.35871524278	0.186885863301	-0.366907818684	0.581547090283	0.636861449142	1.35637879335
G86	-0.411423223818	-0.661113109575	-1.93301473125	-1.14249417979	0.403801466295	-1.06666430025	-0.611271009283	0.40883698233	1.34005088187	0.342481875876	0.0874137737408	-0.487750315999	-0.07119507671	1.55205363444	-0.285848309398	-0.939754241139	0.21054818629	-0.745266843711	2.44281898878	1.08116157186	0.486627979447
G87	1.57426027665	-1.0872120479	-0.816821664418	-0.738791670114	-0.815141492723	-0.994817364599	0.595085076636	-0.695431924438	-0.302883464775	1.1867875919	0.94828603079	-0.751853385551	2.18442746064	1.55255744392	-0.874662538515	-0.773342199334	1.02973130821	-0.646138688091	-0.401085359371	-0.571833935374	0.398880546459
G88	0.914858039151	1.14530643276	-1.19337883609	0.802829413649	-1.23380306953	0.235440597505	0.813311708212	0.990421246517	0.724629731726	0.492605608579	-1.48578951112	1.14922113584	-1.44599208156	0.652811959617	-1.13903360665	-1.47005170716	-0.541440230046	1.24940614314	0.192339880757	-1.14636341627	0.292670560976
G89	0.229786657528	1.48212358181	-0.303507939179	1.63666130965	0.332651678079	-0.0721938813665	-0.550896986884	-1.28448640856	-0.0475168901939	-2.00681345195	0.101356697285	0.196139998891	-0.108624050498	2.25875249256	-0.214263910171	-0.506348679045	-1.40301192741	-0.415190011042	1.41083102765	-0.452560156927	-0.282889150223
G90	-0.924850462306	-0.216586466273	0.222371087186	2.09777144986	-1.20281676777	-0.238035398204	-0.340629921766	0.532176248382	0.753404202716	0.866216599822	-1.10734321314	0.167109500754	1.43309351871	-0.243660485744	0.312654459088	-1.74091350215	-0.612569689092	0.833464921899	-1.64886183595	-0.36063076404	1.41863651802
G91	-0.449849954524	-2.04482199902	-1.10690248058	0.629617358978	0.46608780756	0.256691591704	0.519602453529	-0.894188130279	-1.17147344768	0.607027160065	-1.39775217595	0.0982860464126	0.65151952255	-0.245018826625	1.69147167524	0.123999819651	0.947682477984	-0.819811333027	-0.699997672334	0.923939068165	1.91389103818
G92	1.02839646272	-1.1382401052	-0.989044250503	0.913883010962	-1.15575450274	-1.25873741509	-1.15307723524	1.0127233201	-0.71077986359	1.29552341683	0.89104272408	0.799933658364	1.19224699663	-1.32644738319	-0.859924156098	0.852572924121	0.5135933987	-0.9271700645	-0.760394147596	0.953565624118	0.826087587114
G93	-0.00216760793667	-0.831663724303	1.88007199177	0.173995225811	-1.00476464802	1.59647338742	0.914173838359	-0.59128412938	-0.67088907217	-0.739623998473	1.60721759353	-0.713444431856	-1.37055359838	-0.375549214488	-0.830687121259	-0.831736065269	-0.705851775663	-0.624905379739	1.53389845166	0.856434738919	0.730855539475
G94	1.26075863328	0.716010573341	-1.1534231727	-0.898416908869	0.683236940031	0.92549845121	-1.03518319067	1.4422694154	-1.13734633396	1.09534763814	-1.07944824907	-1.09128072047	0.78171706552	1.19259809041	-1.19148443615	-0.0819304855272	-1.04950572386	1.12164986459	-0.108155747076	-1.07040098927	0.677489285713
G95	-0.879322920422	-0.892000235973	-0.972859662161	-0.259822276142	1.02888258014	1.49789475957	-0.941961388684	1.64142047956	-1.0296166065	0.660889032372	1.43977674887	0.583020454114	1.06513210227	-0.843185495466	0.714155859112	-0.707559843495	-1.06051249493	1.30167223888	-0.881289788519	-0.954885954024	-0.509827588564
G96	0.861023263042	1.12059648503	0.929330413146	-1.14819648935	0.712450116405	1.2141818924	1.17719485154	0.946462673582	-1.1373853583	0.844864821714	-1.15483863125	-1.06908759859	-1.16467802995	1.09931401623	-0.865381683201	0.886137014439	0.351951673319	-1.14014717884	-1.09582623673	-0.228982549627	-1.13898346501
G97	0.431867913858	0.46127898475	-1.22434987202	-0.905344724831	0.864649457798	-1.94235071367	-0.830500642113	-0.382255116462	0.989706087785	-1.55394300473	0.993572083213	-0.166139541329	1.31147266028	0.407030217205	-0.91325639747	0.218644269747	0.277549632568	-0.032293635044	-0.999554721045	1.18932687518	1.80489018632
G98	0.746393267569	-0.476652664298	0.266025401907	1.49951266192	-1.18482677323	-0.848450748598	1.36715846428	1.12894984266	0.240109875221	0.647538678819	0.652376800226	1.86633630051	0.826410064457	-1.57663392548	-1.17057114696	-1.16448384987	-0.133649609649	-0.64207245879	-1.22404365613	-0.614863242366	-0.204563282188
G99	1.07202693973	0.94694158311	-0.953818678738	-0.988785664156	1.12237829958	-1.15613037444	-0.800796555594	0.717394933701	-0.886080277358	0.316890639432	-1.31416301242	1.1335254173	1.70176792067	0.104787088651	-1.12361945909	1.04345595866	1.10449553748	-1.07278007279	-0.757478712125	0.666978723495	-0.876990235098
G100	-0.0927351347313	2.05926121776	0.0941614056668	0.302323860317	-0.533193079661	-1.48637502138	-1.34317489871	-1.83265432412	0.244686708705	-0.0290761698066	0.989462976891	1.00862576319	-0.659764184481	0.854713994928	-0.903980261248	1.86326829128	0.122519296301	-0.954330861374	0.682480691557	-0.102954619762	-0.283265651327
