gene	t0_rep3	t1_rep3	t2_rep3	t3_rep3	t4_rep3	t5_rep3	t6_rep3	t7_rep3	t8_rep3	t9_rep3	t10_rep3	t11_rep3	t12_rep3	t13_rep3	t14_rep3	t15_rep3	t16_rep3	t17_rep3	t18_rep3	t19_rep3	t20_rep3
G1	-1.30653898814	1.70617027216	-0.966220977017	0.928972349067	0.527364838311	-0.932872537257	0.775837866385	0.982976493084	-1.09853136655	0.756605690725	-0.261485731457	-0.959465133463	1.77983872237	0.517534713996	-0.973039036548	-0.888673495913	0.839946020266	-0.678330070154	-1.31808951946	0.941318839135	-0.373318949535
G2	-0.887468436744	2.29596316142	0.0839566409587	-0.653293169196	0.0848712070019	0.820199164089	-0.0493466280742	1.05496025966	1.09717780829	-0.486972801627	-0.083788258051	-0.456079856481	-1.49795602164	-0.856769362741	-0.601070183753	1.41754565718	1.34089912233	-0.352295576234	-1.74059418603	-0.819487099063	0.289548558714
G3	-0.356763209288	0.589352587379	1.52563097924	-0.483296138107	-0.957060833136	0.285937194636	-0.910123506588	-0.433632057701	1.0945753847	-0.893092593677	0.27969277765	-1.30844298989	0.288021177787	1.47897235406	1.60839021859	-1.87033506399	0.0678119508963	0.329379455464	-1.24398513993	1.38591371846	-0.476946266553
G4	-1.42345746043	-0.643668021717	1.39052732188	-1.82248712617	0.486845815087	1.46771710503	-1.53758777479	-0.362231524023	-0.884218184592	1.09141691218	-0.383121676998	0.887375708241	0.276392680279	0.540083337251	1.63991444076	-0.300763302139	0.0494575949692	0.485448342975	0.406871363244	-1.39923803566	0.0347224846077
G5	-0.765322073496	1.45475363548	-0.885548940914	-0.424009251291	1.61747310506	-0.147424027625	-0.957986841586	-1.09283879384	0.0942678579179	0.849824229571	-0.678926837575	0.586422116695	-0.721591320618	0.664372373834	2.11729507602	-1.34425183561	-1.37821884231	0.774325936732	0.0387488151331	-0.699353282111	0.897988900524
G6	-0.647960574945	-2.09259593044	0.580335933836	0.104349966041	0.0249551677534	1.56304970525	-0.845836290487	-0.598638291557	1.66970018998	1.02346960556	0.155411001933	0.022717511832	0.33059896108	1.73984181177	-0.185630235836	-1.55624141423	-1.17454695741	-0.197466842903	-0.912800490262	0.757640527778	0.23964664526
G7	0.960473037846	-1.05921396253	0.909896912246	1.21176368953	-1.11970824799	-0.805418445219	-0.770186501187	1.08065118779	-1.27550534965	1.25654182286	-1.1888148392	-1.43191738987	-0.221254499556	0.69259883032	-0.707524497893	1.54491714857	0.915240625571	0.297981588065	-0.448967757336	1.01990522863	-0.861458581009
G8	0.591279844613	1.87280277083	-0.290244771129	-0.0142204888603	2.0271150733	0.672046573124	0.339920590207	-1.29112869131	0.0186625898792	-0.88488437217	-0.994702472416	0.817640564019	-0.175569066924	-1.38366604673	-0.00673832873258	1.22041930899	-1.39331237817	-1.03100037424	-0.36736829667	1.04820274834	-0.775254775957
G9	0.620792985034	-0.892649780455	-0.213347694251	-2.16509162302	0.00466458132124	1.6256032046	-0.614725342495	-0.718592314773	-0.279403680944	-0.0237779280683	1.9867655331	-1.16671885674	0.506239497956	1.65170326576	-0.638561958739	0.21472254	0.91904497542	0.459904054901	-1.2370871076	-0.279639374161	0.240155023166
G10	1.26777044227	-0.706733782836	0.314930275466	0.731081701643	1.37054829285	-0.108967854028	-1.34504998101	-1.34037026894	0.0924833315957	0.170074086275	0.410660340768	0.75448460306	1.73278969654	-0.204591562238	0.595882302325	-0.0844579706303	1.12344820909	-0.778542184577	-1.45420057492	-2.09817323396	-0.443065868756
G11	0.673011920057	-0.3517172526	1.39956466965	-1.6403917587	0.111793565799	-0.916883081908	0.599351904682	-0.33057763994	0.547911656831	-0.261510573977	1.04954997803	0.558283762089	2.1801173068	1.09341604905	-1.13735643721	-0.867202504528	-0.18880371344	-1.43238404518	-0.812674977682	-1.10908518388	0.835586356053
G12	0.762993836832	0.859673521354	-0.312993787416	0.621467885117	0.146947665263	1.28309116547	0.499899999212	-2.14910539017	-0.348142700234	0.0815312524278	0.192906943297	-1.01605426345	0.973287414598	-0.151852351888	1.27091047227	0.146650760866	-2.56359610876	-0.164224891007	0.062992237376	-1.15445891253	0.958075251377
G13	0.708983809756	0.509123053896	1.18864045325	-0.500388932017	-0.168527963976	1.0857041652	-1.72949821921	0.997164544964	0.776947946948	-0.273691795582	-1.6656449896	0.193750436879	-0.804251347456	0.953602623847	-0.993109679774	1.32866831352	0.311367567286	-0.553843750532	-1.09357953649	1.26919544784	-1.54061214874
G14	1.19038780853	-0.993805232258	0.848488485877	0.774173219838	-1.1959386707	-0.782892493587	-0.980068576215	-0.285319060468	-1.16116429884	0.823786095473	-0.244426029393	1.20910099964	1.52883966157	0.108568008054	0.0653360678309	-1.27387785543	0.985175621488	-1.36290696013	1.19627871418	0.848876386143	-1.29861189159
G15	-0.931914862595	-1.13833663042	0.461737316252	-0.0539482924746	0.0571325027595	1.4309174119	-1.10491814518	-0.525519452235	0.772670464215	-0.959415303898	1.80197166903	0.454583014769	1.18105233201	-1.97027057581	0.214014124441	-0.696687215808	-1.58209469072	0.854545573362	0.455510207929	0.509304481606	0.769666070876
G16	-0.156701519334	-0.243578237663	-0.49419439763	1.24219267957	-0.465963996675	-1.897405804	0.14454976199	-0.780335452804	0.305027219111	0.703370343529	-0.0257334783743	-0.500759442457	-0.669806159815	0.16346587281	-1.07141693438	-0.0992676460536	-0.379404553435	-0.618580396884	1.14138701823	0.524291217864	3.1788639064
G17	1.20781422479	0.569819671162	0.261543170999	0.107402341328	-0.084942218427	-0.903626743526	-1.78950443279	0.975393152506	-0.799168820095	0.226089284013	0.835904394872	0.528876416341	-1.49574586597	-0.395803467917	1.14438726225	-0.647690127456	1.4770408893	-0.081986008118	-1.26226716173	-1.44973113692	1.57619517539
G18	1.32058477065	0.890417931313	0.452064433651	1.1651238586	-1.03132696076	-1.0235599855	1.38782926417	-0.831062589259	1.07948624182	-1.12786891296	1.52464332158	-1.06338096416	0.416066457598	-0.933822925538	0.849690769141	-1.06856520725	-1.04400217527	-1.12482981367	0.87368476155	-0.367032436512	-0.344139839189
G19	-0.0658223143081	0.543690602991	-0.203760173951	-2.05254182144	-1.1175245069	-0.835417135985	1.27991591456	0.34694321997	0.772042097389	0.291416154428	0.774766756137	0.523923155521	-1.64544370604	0.273484232674	0.631901349539	0.986227939765	-0.236334482588	-0.116322754396	0.441256944767	1.51911843481	-2.11151990695
G20	-0.648304672108	0.974106496592	0.519663417067	-1.1341640721	-0.97856270275	0.376985564776	1.39888065264	-1.5649205356	0.583844153115	0.126112790168	-0.711496179283	1.46359210637	-1.77358356405	0.245169012273	-1.0414711605	0.181606363754	0.440525829283	0.568154405535	-1.34259242947	0.813235497814	1.50321902648
G21	-1.17287512688	-0.0574894597927	0.561906797509	-1.04666338093	3.08874688541	1.17116026416	0.324823408067	-0.615264790351	-0.184456704707	-0.755244853575	-0.865078771479	0.46509438181	-0.536449749325	-0.229534809375	1.23965015272	-1.02801471405	-0.567056141138	-1.08169855976	0.379214991305	0.0927462847282	0.816483895649
G22	-0.236664229607	0.0916883502026	0.261179958706	-2.40095892751	-0.152914434287	2.64135509487	0.161631401028	0.187787674981	-0.629384499904	1.39616729871	0.159506909071	-0.814086097012	-0.226264195463	-0.585517584381	0.166292526568	1.23368209786	0.108492934387	0.604207724296	0.293631205362	-0.975776453296	-1.2840567546
G23	0.480353317502	-0.137977400127	1.06813194025	0.891009654118	0.453477562114	-1.28124623208	1.67103464214	-1.28385556011	0.89671654876	1.35631880286	-0.824182980258	-0.541314199777	-0.808457494655	0.690206988594	1.24239269564	-0.621601153953	-1.24602677039	-1.11788435211	-1.28696363517	-0.610361158204	1.01022878487
G24	1.38693563123	-0.269427088849	-1.16603072237	1.32920180998	1.14993927392	0.761504482195	0.820166906491	-1.27780026779	-0.968821538786	-0.192313607467	0.0830967331045	-1.4676254936	0.0302411369587	1.61797560499	0.887386618628	0.0471109856308	1.12571945733	-1.10954772807	-0.857617584677	-0.845941387031	-1.08415322183
G25	-1.30593392777	-0.462195942154	-1.48493017762	0.0987345014407	0.480425841865	-1.89051342714	1.52977194356	-0.885514769248	-0.0288800583602	-1.12741002761	0.382470957387	0.455702160163	-0.0450285895202	0.607404125981	0.585580112857	-0.205824197706	1.2049762777	-1.25590735921	1.46191144183	1.49553326898	0.38962784457
G26	1.7504638195	0.0564172413507	-0.215663791744	-0.919632235834	-0.0919187800461	-1.07162297205	2.75070705478	0.275645650166	-0.913852792403	-0.334090171878	0.373102820285	-0.0669634338699	-0.390047033744	0.580653166754	-0.142008803125	-1.22688819654	-0.193297391064	-0.0316943008787	-1.07043121722	-0.894305743153	1.77542711071
G27	0.546756591264	-1.6879851643	1.86828202119	-0.38447819484	0.603372609026	-0.856175822041	0.152997950687	0.534758589521	-0.918179802943	-0.610235178751	-1.68001919415	-0.924755100271	-0.873904090669	1.86339882835	1.36506996972	0.400351746456	-0.564334800937	-0.414482395418	0.257222799587	0.326856577715	0.995482060809
G28	0.673826709685	-0.595090586877	-0.989748301404	0.00256345848596	0.0896544563631	-0.302766469	1.04969789004	-1.11609176495	-0.873711662948	-0.604527513042	1.09318036234	-1.12163220045	0.478554424789	2.26535701995	-0.8324561319	1.62195416939	0.816289892735	-0.679181254117	0.948819814837	-1.51839736823	-0.406294945686
G29	-0.115815283543	0.431473187427	-1.00289468638	0.316955806604	0.36128547491	-0.0690955632102	0.544202488284	-1.76244073477	0.183090597909	1.59439179424	-1.4319023364	0.68331600152	-0.78269999589	-1.38832847745	2.48454125457	-0.248654910212	1.21850929316	-0.0383503976943	0.24028017301	-0.64902875597	-0.568834930122
G30	1.72729174027	-0.0561343431672	-0.981855984387	-0.341079205716	1.30421536086	-1.18344913704	1.03915127097	-1.27518860688	1.76432581473	-1.11336415451	0.0874692873288	-0.838577904584	-0.199682164973	-0.270813202694	0.565884276113	1.075451962	-1.07279481417	0.412464040099	1.08931112008	-1.34773346476	-0.384891889554
G31	-0.770098080659	-1.80462300079	-0.0853211659772	2.31449383828	0.311291336478	-0.115894917895	1.2564719039	-0.517474953408	-0.617352375998	-1.30131540108	-0.174985029725	0.277863573826	0.617892398993	0.128703732879	0.0946002475632	0.192653434849	1.61396373424	-1.90390673733	0.792155444804	-0.540218526099	0.23110054316
G32	0.207996046939	-2.50425992595	0.477206430002	0.727923179341	0.5103859108	0.602177110013	1.33389724601	-1.1608680083	-1.6802325512	-0.323754775057	0.874094040694	1.31486762276	0.518465653689	-0.0166314453624	0.0186946535465	-1.17903047231	-0.293054412077	-0.248821311008	1.61718566669	-0.49104734782	-0.305193311394
G33	-1.10743985748	-0.263612439263	-1.48530890099	-0.987118879328	-0.379627694872	-0.65284809011	-0.929555578749	1.31100071607	-0.821368985372	0.312439884716	-0.0797685070013	0.595753093674	1.76100832695	0.427620672122	1.99500955029	0.462839231731	1.77980678647	-1.06030282445	-0.61501441886	0.0320352267677	-0.295547312308
G34	-0.85215769234	0.573782461252	-1.44471223156	0.712675910752	-1.32278279553	-1.21652638392	1.52068419605	-1.07687531174	1.47471367254	-0.433089317172	1.05057764349	0.18232791729	0.86767271436	-0.849670669644	-0.73837690906	-0.929893819303	-0.875900576766	0.378818199484	0.951703507215	1.4566835998	0.570345884805
G35	0.0665877621359	-0.523754683385	-0.425036928998	0.566671204612	-0.300049593918	-0.960651253333	-0.177360563471	-0.352539240663	0.653191852185	-0.439458068482	0.830990679183	1.54744691789	-1.76760994207	2.19493132339	0.896482045675	1.74069843941	-0.153548146887	-0.252005949403	-0.887022980672	-1.40005450203	-0.857908371173
G36	-1.34183511641	1.11695470729	0.606386556743	1.99787709444	-0.324726650015	-0.940844725215	0.071330577568	1.3164515507	0.593086425364	-1.05728130328	0.860305680213	0.462086943229	1.09659652624	-0.233549188072	-1.63780076161	-1.18941024916	0.182696288275	-1.39146999375	0.484477719532	0.237427669311	-0.908759751381
G37	-0.401672506601	0.604810127428	-0.399917787436	-0.840246352595	-0.516391410515	2.14910646041	0.981197388364	0.0295006181833	0.18750590563	1.18768479383	0.865330743613	-1.28674512835	-1.03377532256	-1.05138983363	-1.02958386131	0.398053444306	2.24027570881	-0.175703304016	-0.269819156298	-0.978359304851	-0.659861222412
G38	0.864896127976	0.487690883444	1.08309211371	1.40421851888	0.761593581208	-0.930616740069	0.961018365526	-0.87836506796	1.18391164711	-0.860352606696	-1.3506925515	-1.15872829577	-0.930777578996	1.08352917601	-1.10995863657	0.965608768427	0.183238280147	1.14969541326	-0.94780602571	-0.843632850841	-1.11756252159
G39	-0.592873090219	0.75768049707	-0.848031265541	1.43468936223	0.977544182257	-1.18353508123	1.42832236177	-0.612110422826	0.994408021586	-1.2782360665	-0.681616068676	0.649295182529	-1.46371369299	0.49109909562	-0.211260726053	-0.972320115602	0.73284227895	0.99863694951	1.39781342995	-0.766884928643	-1.2517499032
G40	-0.559605270508	0.413423822478	0.284803659398	0.301971520361	-0.92881776806	0.998201271063	1.38098637439	1.13674521506	-0.989566379827	0.941210449727	0.648862511432	0.772976734974	-1.06570713982	0.175078979059	-1.06322345524	1.64874583527	-1.13328344922	-1.40730690873	-1.15120859048	0.962872684049	-1.36716009537
G41	-0.685860909779	1.34805697369	1.62980377085	-1.65711127062	-0.393623118203	-0.349632170538	0.752687444254	0.418068477386	0.112301271484	1.28827560398	1.64140390046	-0.742848072829	0.252872456163	-0.285316574728	-1.55520311443	-1.37773537714	-1.1805840515	0.443417813254	0.43407258603	0.704461431726	-0.797507069515
G42	-0.614775426702	0.969685392	-1.15387640088	0.882873481668	-1.12539321779	-1.4866976117	-1.33354093895	0.481968594172	-1.31240371671	0.90930254583	-1.07569982883	1.41354537565	1.1099710317	0.795597226223	0.705091180794	-0.607506151556	0.492287315699	0.999930759506	1.05953141157	-1.13244565752	0.0225546358309
G43	-0.236266941867	-1.06937206031	-1.14517754771	-0.0641373308176	0.363094977139	-0.212215426716	1.49418401146	0.157139853045	0.489508053639	1.26231089461	1.16607329045	-1.38134870015	1.07447078736	1.10692100112	1.18152693194	-1.30561891729	0.988898512024	-0.441728183909	-1.60904364694	-1.07204785558	-0.747171701506
G44	1.2959115869	-1.17289432921	0.665678563797	-1.16135430134	-0.373400586084	-0.89869769534	-0.363802951096	-0.866768781961	-1.16605187286	0.333465774294	-1.11234158963	1.46810743367	0.733061280112	-0.509091121067	-1.2063401206	1.27007111912	1.19863494084	0.948255063024	0.765016763009	-1.07722996989	1.22977079432
G45	-1.20350390562	0.551912591826	0.979255944217	1.04138485309	1.37245311376	-1.04405197065	0.640885437501	-1.24008680396	0.902190161261	1.15682862284	-1.05717964837	-0.681068831678	0.268735553186	-0.834630438663	0.743254010895	0.966493943107	-0.823979542844	1.463088998	-1.25379177672	-1.01275727538	-0.935433035798
G46	1.28418035181	0.540699220585	-1.42225252118	1.39891162416	-1.30752063845	-0.244882861922	1.27605924768	-1.0738940823	-0.146861348795	-1.11416084209	0.463810279193	1.15084164923	1.39945547262	-0.527541232739	0.996153079685	-0.301399154513	-1.14165235127	-0.805601612023	-0.52397295204	1.09224518205	-0.992616509673
G47	-0.0234539613911	0.264143681951	-1.33520652766	0.970904805865	-0.793992896479	-0.75374137442	-1.0632694517	1.55628643464	0.223171967369	-1.10599249159	0.67031397486	0.184515538382	1.13718773329	0.454168575196	-1.05306710533	-1.13903522944	0.962562766323	-1.1178135564	1.4482354549	-1.04398886899	1.55807053062
G48	0.110102084737	-0.969435614987	0.44822394081	-0.696801215727	-0.853880054405	-0.719822141537	0.943878834708	-0.887294189466	0.948646291938	1.7591374389	-0.873014146512	1.30499656484	1.12805713326	-0.959168209098	1.41883226822	0.1551255282	-0.883391562266	-0.932293125781	-0.953034342206	1.49217508294	-0.981040566564
G49	0.229626305913	0.398972891783	-2.18799161012	-0.561873764713	0.509200695552	-0.600887919028	0.209600982686	1.22622640836	1.06074545865	0.0392068389237	1.13494686125	0.543120915187	-0.905891407641	1.22477126192	-0.160985531711	-0.944370717257	1.56391259663	-1.67242898519	-1.05203495506	-0.807266045244	0.753399719117
G50	-0.723018294198	-0.0402779326241	1.24811971675	-0.112890975064	0.384219251692	0.264842650934	-2.09043842772	0.637602917679	-2.29636146616	1.00849168337	-0.385500968833	0.793047358359	1.53691210276	0.710084136138	-0.0397306633729	0.677233999733	1.00344642013	-0.945714935455	-1.2191218651	-0.354556288142	-0.0563884208738
G51	-1.09781139516	-1.46033271757	1.00254433569	-1.04572716334	0.528897836542	0.523155871955	-0.807081586715	1.09731351424	0.66039998018	1.27209592536	0.957550835625	0.709715173789	0.573046773819	0.779299465616	-1.19659377917	1.0034812406	-1.38045636384	-1.34979019518	-1.41911829888	-0.0953431551519	0.744753701589
G52	1.33617797865	-0.715788430715	-1.08201734578	-0.686641873395	1.1214569865	0.648319716896	-1.27531787696	1.85513580336	-1.01363554182	-0.666300823621	-0.938277255356	-1.30421238072	-0.619749476849	0.768785770646	0.256008168327	1.69233702658	-0.796966044708	-0.12182994098	1.20344477265	0.486484144793	-0.147413377496
G53	-0.201547531126	-0.0612042600998	0.424308002662	-0.845055670266	-0.918638736078	-0.930222336978	-0.809164255472	-0.647012920528	-0.771578398683	1.13388839547	1.35948215924	0.476045427371	1.64091793255	-1.18409379972	-0.945301772315	1.24521340792	-0.90973005265	1.30157224829	-1.13447168148	0.0524331945089	1.72416064738
G54	-1.82286294032	-0.182113820439	-0.220561810122	-0.320480151642	1.84681222465	0.435119486111	0.0936478307738	-0.118482185624	0.175621811748	0.874349121253	-1.82244745071	-0.21752164225	-0.71415333186	0.567177008348	0.0224470992212	-0.184973420764	2.33982427197	0.236891328253	-1.56059226435	-0.309378932596	0.881677768349
G55	1.11252583864	-0.524696621211	-1.29113202234	-0.339222053809	0.298709071306	-0.404803360052	1.86460539144	1.15597841632	-0.984157552582	-0.980045860538	0.898488183699	0.749308534696	-0.0658509107913	-0.997748531618	1.46756860205	-1.02581590903	-0.0466766977078	-0.839154027548	-1.0395944681	1.6908875717	-0.699173594513
G56	-0.919432934678	-0.694375555206	0.464947622115	1.33193518082	0.91274778668	-0.905738990615	0.998287575303	-0.00108851917982	0.88245765293	1.25226512004	-0.432275271596	1.26241749985	-1.34343165815	-1.24936309808	0.579192034291	-0.687600343429	0.783794349028	-1.4400157413	-0.858151765206	-1.2536567098	1.31708576619
G57	-1.10356655754	1.30593980888	-0.854397707475	1.29305595725	-1.31476503	-0.0952338792231	-0.96232993324	-0.796799880088	1.5150430505	-1.17266429342	-1.13025518519	0.847295597822	0.141755021334	1.55455474081	0.517357530807	0.852855231477	-0.614305161031	-0.930491855411	0.545013100669	-0.709355807653	1.11129525073
G58	-1.13270606468	-1.20627633084	0.0955590541038	0.974977738182	-0.998560526954	-0.605717077342	-1.35611564914	0.711381189582	1.51024451441	-1.00350452141	0.74639737052	-0.676225695564	-0.695548095926	0.00690733695031	-0.437575907995	0.864191440332	-0.731380716315	-0.51355013477	1.96704238775	0.990830270873	1.48962941824
G59	-0.811154754439	0.190442582381	0.962536984683	1.24318479168	-0.214606937044	-1.24950802619	-1.28806177167	1.28987282836	0.489337928882	0.507219395757	1.4421314867	-0.616017379671	-1.22015431558	1.25450942548	1.27226985222	-0.737031936244	0.501726338242	0.527157560984	-1.23462796121	-1.1932017265	-1.11602436683
G60	0.659071634742	1.00656227289	-0.629365085034	-0.763337849193	-1.03209476749	-1.12422821959	1.04801491066	-0.811388989543	-0.885655008391	-0.989126250988	-0.828648241474	1.23457537598	0.759316578919	-1.1150424183	1.45845833556	-0.980028089446	0.772985971938	0.875940043713	1.6057143	-1.03349796653	0.771773461577
G61	2.83504052285	0.867885964191	-1.47110604877	-0.129981706659	0.218106245082	-0.698002503634	0.497367878184	0.271412740985	0.519435644585	0.131087313261	0.140844177177	-0.0546711861732	-1.69504676991	1.56788724988	-1.06338107818	-0.32062300393	0.715140487036	-0.524368047109	-1.13029776183	-0.386609755587	-0.290120361439
G62	1.20353837313	-0.767372413053	-1.33826634231	0.78944169123	1.24608933917	-0.901415762512	-1.90446801574	-0.11204069746	-1.03416805105	1.61054442834	-0.32957545557	-0.706459558216	0.0681553777728	-0.787860048666	1.05169399576	0.00726894464785	-0.0960891893871	1.01228961541	0.486447106931	-1.0027418267	1.50498848827
G63	-0.94769123821	-1.0046936365	0.281784453808	-0.383076126564	0.0723208907929	-1.23883656982	-0.870090303055	1.55803814057	-1.02974965619	-0.223747852891	-2.22698881007	-1.02366374599	0.809091745475	1.03294424534	0.184342000573	0.568063103242	1.57354865562	0.556293042178	0.95704985744	1.08137670742	0.273685096838
G64	0.790778132353	-0.367612701197	0.620788747934	0.662435945431	-1.27907372832	0.509714355115	-0.0735691408852	-1.29765686323	-1.32683462989	1.29277532032	2.09406515532	-0.00107106322783	0.351042162992	0.407812272184	-2.06420942443	0.232940342693	-1.31949853576	-0.22890036736	0.860000134509	0.72614228514	-0.59006839969
G65	-0.852680657591	-2.24541253759	1.20304950107	-0.341257078972	1.32285315135	-0.996208435294	-0.0184495889411	0.791503860271	0.0722561955225	0.148610722798	-0.686231619998	1.29701845548	0.0114085680986	0.976187722636	1.26568837462	0.562668365811	-1.34757854612	-0.00734021354223	-1.20347902941	1.01880052529	-0.971407735492
G66	0.293546054308	-1.62631587189	-0.932848920691	0.0461103566634	-0.833218282137	-1.20877345496	1.30158577599	0.366785138068	1.13473354921	1.12625990651	1.34255038392	1.27733181036	-1.01991927254	1.06727726825	0.778749539477	-0.613601149084	-0.814370050666	0.953252359109	-1.35232283927	-0.76904379866	-0.517768501986
G67	-1.06795908236	-0.353207144467	-1.27196990062	0.313972478493	-0.398294373243	0.780945018189	-1.32754031003	-1.01595166523	0.248716445787	1.02672858157	-1.04718609186	-0.956833795329	0.143028837903	-0.990462447154	-0.0733577094197	0.884595632015	1.78704302096	1.51813806067	-0.79798165207	1.41903981404	1.17853628216
G68	-1.03848536894	0.449511822769	-0.885107778601	-0.331524477639	1.34550614113	1.7307413254	-0.617779163106	-1.08042092462	-0.846886507862	-1.05902282719	1.75342663535	0.61657572394	-0.212640886086	1.27939426682	-1.10392541522	-1.06637147701	0.342175681351	1.08815754353	0.361645207755	0.48760921741	-1.21257873918
G69	-0.421787034394	0.468328482611	-1.16364367184	-0.852546861707	-0.705322346428	1.53070287301	1.89563364205	0.369391931419	-0.730109867609	-1.58239468663	0.325065112343	1.81607770787	0.216266838111	0.183124082769	-1.14500356562	0.742815066253	-1.26315617587	-0.301285555267	-0.874975718896	0.772165152584	0.72065459525
G70	0.584377820214	0.290165362004	1.84026230244	-0.349165127498	-0.379718189717	-0.501665052319	1.06521102885	-1.02342942168	-0.69880593898	0.740794995977	-1.35182064194	-0.258746902016	-1.61276076306	1.86539924194	0.150835698344	-0.409048979934	-1.61823482223	-0.205473410545	-0.0844553999087	0.384809209805	1.57146899026
G71	-0.543068787529	-0.0367065213487	0.377456410098	-1.99044966059	-0.771670667071	-0.406572878669	0.010995506548	0.551076199846	0.671151706188	0.116709287703	-0.660845204109	-0.237934061057	-1.63020213465	0.320999168294	-0.431809181728	-0.172427508583	-0.272282695521	1.08855670432	2.62094087786	-0.41946645415	1.81554989416
G72	0.940823604716	0.533227212881	1.41066093269	0.137476628254	-0.146590955208	0.687873080655	-0.524632821603	0.139351396314	-0.617694944658	-0.00303144314267	-1.22725498665	2.06224850246	1.73276790097	-0.863461357511	-0.560955600608	-1.31545771089	0.309783492892	-1.59172625922	0.801319045532	-0.871901222452	-1.03282449543
G73	0.62500670956	0.92735995688	-1.14249413852	0.66555862647	1.21825038473	-0.577786997472	-1.25547776049	-1.21406775811	0.964594307672	-1.19087977457	-1.21835162684	0.323805592285	1.31230420398	-1.27152559843	-0.730457892263	1.06506463866	-0.079330613338	-1.20982378761	0.87559280822	1.20378863853	0.708870080665
G74	-0.245525878	1.45686403558	1.99680486459	-1.05476666093	1.34612595307	-0.0211879157359	-0.529463878561	-0.369830504191	-1.0548982851	-0.649958602202	-0.992022039101	1.13364239204	-0.803596907243	1.90020095497	-0.735074190289	-0.995395936609	-0.777441746283	-0.139268158625	-0.704517846356	0.558005706834	0.681304642149
G75	1.97244329469	-1.24393151251	0.306217799245	-0.364075103628	1.39687451305	0.493694394957	-0.659423322723	0.579420617982	-1.19821780814	-1.15824995462	-1.11101976251	-1.08044328579	-1.22992792857	-0.0937106480093	1.04704120743	0.397101782149	0.635295641042	0.535892314963	1.35989071608	0.630769573816	-1.21564252889
G76	-1.38414382351	2.48026996961	-0.544289700689	-1.05750157601	0.0107088736193	-0.199035181411	0.360900218094	-0.383268633025	-1.48989742695	-0.373761081523	-0.149315523482	-0.343534046891	0.297332471628	2.06370942627	-0.539161867374	-0.0627202791298	1.28937843431	-0.71980167267	-0.337135274947	-0.227610485589	1.30887717966
G77	-0.369529718248	-0.24065361695	0.231567162111	-1.09933827967	-1.35854677575	-0.431645333117	-0.0275356352492	-1.86349892533	0.301756984811	-0.607692424606	2.13581769792	0.578041696437	0.390843389914	0.272425589815	1.1944883799	-1.28192694754	1.64122402297	0.929313778254	-0.404022734105	0.916647548222	-0.907735859786
G78	0.463866920896	-1.72903697104	-0.900699913348	-0.0747363844331	0.663222116966	1.13219647007	0.341342884053	0.517444354224	0.370350866449	-0.21037033161	-0.0110200327796	0.471620883552	1.2296711265	1.28508828949	-1.091760818	-1.53957746373	-0.220030952871	-0.257867025802	2.08248132275	-1.49595775087	-1.02622759046
G79	0.656752168362	1.7052139324	-1.40089282125	-0.977668202569	0.336265827545	-0.333811063465	-0.930928936138	1.04677369995	-0.668069767419	-0.631302147515	-0.209926797733	-0.807915702858	1.1818423574	-0.836021575039	-0.00998297314034	2.07343117659	-0.502531724732	0.989188404413	-0.711514186089	1.21583942407	-1.18474109278
G80	-0.488369903599	-0.294943507182	-0.749489058837	-1.11711379763	-0.33726319022	0.0479664135342	0.0218568076866	0.3148315298	0.0198242926648	1.75545354067	2.21576430066	1.33785382552	-1.26213708063	-0.442436860522	0.0995876757345	1.50498712515	0.58372274532	0.0651337231782	-1.81305771957	-0.957954013369	-0.50421684837
G81	1.24929397893	-0.814375563219	-1.32571877246	0.175358627179	-0.887503426997	-0.739519081163	0.804962437693	0.602753010889	-0.85583528166	-0.473769372578	0.111103786957	1.01173985031	-1.00267704147	-0.434064213478	-0.16139177781	1.18050652707	-0.850638814576	0.860752236572	2.7324708642	-0.141997293895	-1.04145068049
G82	0.369462676956	-1.54366647781	-1.57911189562	0.175787362679	-0.189974156819	0.55289331605	0.558598395598	-1.89345481576	-0.49302275044	1.57374855005	1.30268080898	-0.161705152523	1.03606871748	-1.3790749003	0.766403331438	0.319419752084	1.11285009491	-0.282369504668	-0.789041348127	1.14384506912	-0.600337073279
G83	-0.795258206004	-0.295763256803	-0.770092040674	-0.363111814044	-0.10557844695	-0.410931051199	-0.940665326448	-0.565404097744	-0.678469818601	0.466126838514	-0.326636727943	3.0831496774	-0.458538906657	-1.05770032583	-0.340916735895	0.928759168502	-0.818216606946	1.76377558744	0.0428584778134	0.351499241788	1.29111437028
G84	-1.07107160107	0.373872807608	-1.47120562502	1.15641654105	-0.0671401954617	-0.13186295251	-1.15897654144	-0.393034590192	-0.90460086778	-0.56644346728	0.858299946949	0.114856798803	1.36224011408	0.108832504057	0.906424361641	0.939447908078	-0.619668008167	1.14301724367	-0.812932749762	-1.73422674642	1.96775511917
G85	-0.991940119197	-0.412544699366	-0.505077899439	1.15255680329	0.850925868675	0.803425902669	-2.59185591177	0.349064348395	1.07087984097	-0.71944541091	-1.19013843181	0.576788853448	1.7136670001	0.0961150556209	1.61346795616	-0.74243639947	0.00934367025713	-0.515693352749	-0.303585812662	0.138837282471	-0.402354544666
G86	1.4436875558	-0.135916835804	0.850882456677	-1.05978948083	-1.10342112137	-1.33016577642	0.302756976672	2.55052506037	-1.11840656147	1.54835468909	-0.315633179617	-0.0909735879782	-0.155734742641	-0.203013610094	1.11997764747	-1.34182644456	-0.0077148487685	-0.564866888582	-0.316171330781	0.253756896994	-0.326306874163
G87	-0.8571961625	0.538567001415	-0.774327592589	-0.44835661547	-0.732375865251	-0.591169728437	0.444660317117	0.871079119826	0.404876825986	1.21770939025	-0.104182103946	-1.2632904586	0.222149261208	0.0765318173063	0.502134331271	-1.28232702109	2.14613690888	2.00781781501	-1.6186931252	0.159099079189	-0.918843194386
G88	-0.975570782956	-1.09332006088	-0.702257874633	1.6558290306	-0.0351211001001	1.7993835518	-0.857686581824	-0.254172233608	0.732812747381	-1.05925242215	1.26544806503	0.560946996562	-1.02443751641	-0.838187819203	-1.01238406183	-0.964799570623	0.426074736736	-0.598807626399	1.15381467695	0.292289410739	1.52939843482
G89	0.142142448564	0.750912253261	0.108560948091	0.579657414329	1.47784594394	0.180367289108	-0.687959899526	0.123522283669	0.696003990293	-1.49071382999	-0.695576139288	-1.23372262983	1.58936357535	-0.6973498726	-1.49240202384	0.577951467003	-0.625428940987	1.58571765765	1.31706403991	-1.14407566276	-1.06188031235
G90	-0.394680648209	1.15049206691	-0.88074214546	-0.882259789723	1.04231633931	1.34966438421	0.728984439893	-1.02720544466	-0.612080425752	-1.09525584824	1.33267442044	-0.885433239143	-1.08061334431	1.36642903944	0.398581805725	1.38292715043	-0.998526644291	-1.08053384866	-1.00349661042	1.01466630621	0.174092036297
G91	0.861461066555	1.23989812148	-0.357661824798	3.24179400612	-0.351561656086	-1.27053150024	0.058419770772	-0.848703044851	-0.314090042996	0.463287908606	-0.207292367879	0.915791625875	0.554141960952	-1.01257874042	-0.706956113795	-0.00650111077029	-0.274920460169	0.523278863967	-1.1407642749	-0.611640232281	-0.754871955136
G92	-0.0817402412603	0.623031398498	-1.27373511729	-0.299996923823	1.87595929709	0.1513579604	-1.56650987384	-0.370944495067	-1.41649216103	-0.178365354643	0.916939724985	-0.833900279052	0.0503214650069	0.743595697838	-0.840931323401	-0.273886005446	2.02441491495	-1.26292658453	1.37016394851	0.507913409501	0.135730542601
G93	0.407929042102	-0.428861448046	-0.79648567915	0.999150338645	-0.545132623574	1.1269015507	0.989297780563	-1.93679973001	0.206857120131	-0.249759315909	-0.420593109283	-0.686989817979	0.866257136506	1.98590267878	-0.72056006839	-1.24987638744	0.563096017118	-0.770953441888	0.805331919742	-1.41769841036	1.27298644773
G94	1.07089103047	0.728808013384	-0.459572731828	1.73413358822	-1.26124358514	0.862218085913	-0.537826488714	-1.07934197766	-1.11168812064	-1.31120662347	-1.05886436603	-1.23915981298	1.33343207062	-0.930075277941	-0.727479111208	0.690551169731	0.477802602184	0.163343002685	0.358577163936	1.27728602495	1.01941534352
G95	0.109866218129	0.88985351925	0.969378954297	-1.25367496508	1.1955902668	-0.727139181942	1.38204054347	-0.878047252004	1.09674207826	0.897318593464	-0.342095060013	-1.45669841283	0.870638394677	-1.32929604916	-0.102884753299	-1.6291221755	0.918840452315	-0.113316349459	-1.10021967739	-0.523480611487	1.1257054675
G96	-2.25540306033	1.14374528186	0.769454499006	0.811219726397	-1.31420834937	-0.559926700356	0.484522436015	1.79169414003	-0.548322244043	1.00799677651	0.234596014627	-2.07759491008	-0.641860891472	0.742326028042	0.16963188881	-0.569628458447	-0.434729157355	0.0278027605092	0.335517131157	0.73527803326	0.147889055235
G97	-1.55481877727	1.23029994055	-0.46233004312	-0.952960675977	-0.200084767049	0.853935757064	-0.844484769086	-0.666261758915	-1.09651516033	0.966395296585	1.55168079633	-0.367431827818	2.77571371695	0.356380233239	-0.169591486785	-0.680634644126	0.0693019225926	-0.33896389613	-0.118434669111	0.465775882151	-0.816971069745
G98	0.599523859108	-0.547122102316	0.661666307369	-1.07933651033	0.37803789474	0.162063965858	0.392185776532	1.79872696546	-0.55617596895	-0.688234747382	-0.365834139236	1.79019157365	-1.1664759261	-0.497854032056	1.31899517163	1.5708281156	-0.832960513887	-1.19987866671	-1.1733586794	0.604284106096	-1.16927244969
G99	1.27973134985	-1.12716026459	1.25851091313	1.02490418906	0.952810679679	-1.06827229685	0.992903095917	-1.08997067779	-1.04073847521	0.487958247316	-1.12463849879	-0.485929188504	-1.01488786408	0.854831753914	0.729556184547	0.481137853994	-1.0669385741	1.09551434901	-1.11122448448	1.0616341313	-1.08973242331
G100	0.903217395972	0.179576407879	-0.428221065198	2.0736136832	-0.140543035431	-0.360661128802	-0.0949716885467	0.629482969066	-1.41502853266	-0.0950458358891	0.409743417391	-2.71354752505	0.667346894834	-1.19115819351	0.414789339165	-0.448644755536	-0.73157735539	-0.0218858238966	1.16518581039	1.20006237875	-0.00173335673228
