gene	t0_rep10	t1_rep10	t2_rep10	t3_rep10	t4_rep10	t5_rep10	t6_rep10	t7_rep10	t8_rep10	t9_rep10	t10_rep10	t11_rep10	t12_rep10	t13_rep10	t14_rep10	t15_rep10	t16_rep10	t17_rep10	t18_rep10	t19_rep10	t20_rep10
G1	1.45517924662	-0.327397401492	1.7574624916	1.09889169765	0.108654609882	-1.10416540558	-1.03524670557	1.32623838266	0.610408246905	0.851363516455	0.465109721633	1.44217480443	-1.03695571496	-0.0386199779516	-1.20517237688	-0.64172683904	-0.879376016507	-1.43311076794	0.152991327256	-0.733520475919	-0.833182363231
G2	0.00257975599182	-0.850282112892	0.463693204258	-1.40697548307	1.06597632232	1.35408585005	-0.363541312313	0.828042877419	-1.95543800433	0.862274650103	-0.46946197261	1.61112931622	0.68020855263	-1.24424565437	1.19209965653	-0.330391669139	-0.660897171921	-0.432409998549	0.951202194018	-1.35585231769	0.0582033173531
G3	0.499432783126	1.22062448266	-0.31312028383	0.775651262503	-0.980362378948	0.436422819519	-1.15314378687	1.67134333139	-1.52608965826	0.936984387316	0.407608728584	-1.60834769246	0.471042702676	-0.321750902666	-0.811325442002	-1.34102483847	-0.705997512977	0.721693063282	1.79534061398	0.29106600871	-0.466047687261
G4	0.999903521608	0.815894107952	-1.04505269818	-1.01541458413	-1.09824408718	-0.141877577241	-1.06941283687	-1.0851563417	-0.0302948486632	-1.04867647526	1.49025536096	0.795041802983	1.1351547393	1.30175368878	0.831646727833	-0.429756568831	1.51656393156	-1.06332325795	0.89672996847	-0.684576387876	-1.07115818558
G5	0.436376573707	1.80064646919	-1.26064126604	-1.88878632881	0.676723288802	-0.320528088683	-1.194005886	-0.035012785889	0.151223746613	1.19171103568	-0.546223820889	0.950115441428	1.8384958969	-0.859166979291	0.504539416855	-0.118736758336	0.490649791222	-0.640549811853	0.409287450849	-1.60407353772	0.0179561522507
G6	-1.49101208107	-0.528747401474	0.219441962432	0.842381206225	1.77645468182	0.691211742301	-0.0199655871301	-1.21236743546	1.47192330961	-1.51219483746	-0.582357345888	-0.115490075816	1.18372890959	0.480598106221	0.248827240273	0.664343662866	-0.536277724592	1.09505403685	-1.72593263584	0.148910772171	-1.09853050564
G7	-0.190459982569	-0.699128284775	-0.27485533227	-1.6384292156	1.93616924766	-0.579057765621	1.43265755173	-0.588651210514	1.18585399558	1.19503466306	0.14105006203	-0.36877360208	0.565856098932	0.224603262839	0.935835338987	-0.976925409263	-0.22427039376	-1.76667438693	-0.703656390764	1.26852148807	-0.87469973474
G8	0.660812494811	-0.930090016939	-1.17519310518	1.15205672399	0.653469842521	-1.09357135068	1.93342920319	-0.237987078166	-1.45452201735	-0.895538118813	0.620792123112	-0.152624445004	0.374178324176	0.879367460113	-1.40335529306	-1.2250301049	1.13751351596	-0.380050722331	1.45317427252	-0.351472862348	0.43464115439
G9	1.84653209742	-0.037548274901	-0.457700514894	0.679439963175	0.42281886634	-0.513694510771	1.49277376973	0.387191480919	1.47665299672	0.270697202539	0.60535893188	-1.54603900475	-0.616682822797	1.42434139128	-0.450636153113	-0.35759132677	0.0507917045478	-1.07220457773	-1.27997211226	-1.81576121129	-0.508767895264
G10	0.674278754035	-0.639672656271	-0.20811919	-0.6199697155	-0.379905813945	0.770143177616	0.450434567749	-0.348753662396	-1.02041343471	-1.70164753381	0.615593976566	1.3658322873	0.768958880946	-1.56197322009	0.240971559447	-1.83491877038	0.618071610009	-0.413293287599	1.11100253851	0.0594864241495	2.05389350838
G11	0.114639311557	-0.502612404003	0.959174777107	-1.02062326738	-1.04949833432	-1.066037665	0.35628635667	1.14281611368	-0.01448186785	-0.763001589846	-1.88804605101	-0.308258838679	-0.587937825208	1.6985741353	1.13023210491	-1.19866143409	1.13957396674	1.03678671208	-0.0221977881245	1.46684825455	-0.623574667082
G12	0.121355495282	-1.90422798139	-0.260261071856	0.628345523904	-0.759005995455	0.206417523123	0.0919765955705	-0.20731523217	1.52302999692	0.384946234337	-0.586648232628	1.33381306349	0.359930043894	2.09941784963	-0.635570407879	-0.892032895485	1.69502046118	-0.684123622575	-1.38533980586	-0.576574944675	-0.553152597351
G13	1.26691913223	-1.53564302529	-0.183839858848	1.14707333361	-0.93993597665	0.576491996713	-1.49270821809	-1.01922157683	0.661776657985	-0.959327831131	1.07998899046	0.534457189743	-0.584330556708	1.9377531593	-0.637093893063	0.138149565051	-0.451181306413	0.755951290179	-0.996398060031	-0.613579153517	1.3146981413
G14	-0.838599630317	-0.363012361068	0.324032285078	1.35723923697	-1.00563873786	-1.01991932401	0.896229458437	-0.854407367917	-1.01605881678	0.268489442854	1.05865270959	-0.476996791361	1.60378370367	-1.36963177076	-1.06689904964	-0.742590266174	1.1927488719	-1.06545640755	1.37927299602	1.05745686475	0.681304954156
G15	-1.19327728493	-1.62122354678	-0.58559142439	1.42861980465	-0.0766300423133	0.742431069904	1.34616868096	-0.828369244529	-0.709440389803	0.405210433026	1.38374494958	0.0423839389415	1.05869233928	-0.791060516424	1.189277448	-1.41217812713	0.280839560918	1.27056821602	-0.883154246331	-1.13499398815	0.0879823695017
G16	-0.511582488517	-1.5312397849	-0.127702630568	0.258189071308	1.62853693451	-0.215035875839	-1.21561745694	-0.170253947449	-1.16498196232	-1.90640574161	0.81241731576	1.29339317787	-0.34896661597	1.55889523955	-0.790672674925	0.213118860405	-0.560931956879	1.1151282673	0.499818887359	1.3144991381	-0.15060575625
G17	-1.97086781622	-0.722744428299	-0.392404906793	-0.466982182256	0.100202594761	-0.427624262537	-0.165134016265	1.15147844923	1.27250184832	1.89092119091	0.371929672496	0.168893184887	-0.940068155629	-0.723452241127	0.493021082071	2.46845363732	-0.837258972058	-0.647607955514	-0.66149720795	0.0944141467921	-0.056173662137
G18	0.491655057752	1.49791199678	1.09698541811	0.934922982517	-0.85944356027	1.25438417418	-1.36858702887	-0.670003630242	0.985861221529	1.15343769174	-1.40183137393	0.244406396444	0.989976837364	0.067746626782	-1.12544627626	-0.55854888274	-0.352022210567	0.793469454676	-0.332572800072	-1.35368397803	-1.48861811691
G19	1.15485174667	0.231359950051	-0.927839499676	0.330972258882	1.49123012129	-1.13708562063	-0.953189151694	1.00755010878	1.16794398342	-0.919140100855	1.93516983636	-0.960958945807	-1.10964830732	-0.000516273463819	-0.653267686377	0.0439498183565	-0.914677390677	-0.932079833827	1.02432491686	1.03589211582	-0.914842046151
G20	-1.37474187908	-0.267860538763	1.61332360643	-0.479379009254	0.580638004347	-1.34950298334	0.757843091011	0.278604386811	0.497935193017	0.227441545531	-0.709806238446	0.684725441268	0.707588113722	-2.44418351734	1.46486293301	0.245460431448	-1.501157788	-0.020262778268	1.07375484894	-0.125680180578	0.140397317525
G21	1.32571222374	-1.03801665132	-0.709481164722	-1.16056756379	-1.11893650542	1.03632636948	-0.97215574182	1.07401921932	1.26867604699	-0.95875712064	1.06222116997	-0.820183528109	-1.16350849888	0.966283619132	0.18690266733	1.05728337503	0.640424618622	-1.10376885145	0.952074303694	0.588507033581	-1.11305502073
G22	1.10799550863	-0.99874946339	0.0608613766163	-0.385958923957	1.46072809401	0.994397420705	-0.862758542544	0.169977722494	0.744460553689	-1.19138354152	-0.705216288176	1.04480511079	-0.757667825841	-1.46943630336	-1.48558356531	-0.583273932676	0.627225109891	1.54320080815	0.74946769159	-1.1595465739	1.09645556412
G23	-1.10928880458	0.979089127506	-0.151723137808	0.790927082611	0.64205959855	1.21214308076	-0.732017266607	0.790502852081	0.130071576091	0.638667417956	-0.182906577265	-0.577155654699	-0.736163912085	1.39430351139	-1.36586925213	-0.562526355997	-1.26174394801	-1.78335534891	2.19653009895	-0.0693400642798	-0.242204023518
G24	-1.01662634084	-0.357295301923	1.58124509826	0.334811596856	1.52550453876	-1.15568406323	-0.201117434151	-0.238902911942	0.388165871469	-2.58864286549	0.0379008663158	0.919957095031	-0.388377584329	2.05045560578	0.181494110298	-0.581785183633	-0.358209254299	-0.761968129097	-0.025388360355	0.086142802131	0.568319844379
G25	0.568914725847	0.696093035815	-1.20547298084	-1.82653062044	-0.953223757103	-1.5213430409	0.818265693112	0.630855277455	0.99314202958	0.587993936447	-0.980171675346	-0.886730478735	0.697972795678	-1.64691850944	-3.06197136092e-05	1.21171984942	0.667281785073	-0.120647370907	1.62103110609	0.507614841459	0.140183977448
G26	-0.949301899125	2.3787864105	-0.869637979668	0.442127303481	0.820711428276	0.235692885898	-0.791178817973	1.15068990367	0.0133270597184	-0.265473966029	-0.779003337974	1.31331019702	-1.07508631127	0.693991816039	-0.812040656458	0.759656615321	-0.966264778411	0.372040933183	0.965987885835	-1.47320924148	-1.16512545056
G27	0.304419078217	-0.109508138602	1.02131936983	-1.35424185551	0.855648680451	1.72858921987	0.491376713211	0.724178405402	-0.380638679617	-1.51080426667	-0.569046196796	-1.25381843673	1.66074999548	-1.1833521047	0.524723146078	-1.25170063129	0.127143329471	-1.2401015738	0.705319648051	-0.31783846032	1.02758275799
G28	0.42851899255	0.644432742814	-1.1083340468	1.50920306893	-1.1340737213	-1.17209109682	0.818135495332	-1.07896753801	1.00109139011	-0.240579719188	-0.711202280989	-0.246478774817	1.34787535491	-1.10285070324	-0.944144003105	0.303326796498	1.00208200155	1.28687518565	-1.03246355271	-0.9976055889	1.42724999754
G29	-0.0525515715804	-0.403087921411	1.32634621882	-1.45017618279	0.879454528535	0.0578843920101	-1.5301089143	0.485079981555	-1.0569295664	0.51480884736	0.556694130527	1.12942071891	0.401872247297	0.116077451276	2.06992747207	-1.21000931437	-1.08010087191	-1.35066444983	0.960950346707	-0.793586859599	0.428699317123
G30	1.10731610661	-0.495165707029	-0.594281892266	1.75790670749	0.706146948686	1.33199958042	-0.667458060644	-0.801098958946	-0.466917585589	-1.02469972503	2.01928722809	-0.953502179083	1.31056681013	-0.375659679229	-1.07399319419	0.952818383181	-0.354115351985	-1.35840460321	0.0239104957952	-0.651759663322	-0.392895659894
G31	-0.0311899119411	0.360963094493	0.579309819114	0.670133478525	0.72092680875	0.936620355348	-1.45486125008	-0.843429438516	-0.717745967872	-1.50956209304	-1.36787573927	-0.759215602782	1.98264012576	-0.398822697964	0.760233149816	-1.43246386111	0.841510570658	0.353869166983	1.16805666958	-0.84883117024	0.989734493799
G32	0.685125816877	0.717778966328	0.529747594739	0.763643608823	1.06178804319	0.25303788909	-1.75084631012	0.286350191163	-1.70111541963	1.33352008699	0.257040205816	-0.904554570116	-0.685382419559	1.01458948101	0.378197142145	-1.50779577028	1.07701379958	-1.04211671105	-1.51778678414	-0.128365551774	0.880130710921
G33	0.210908000623	0.505123202054	-0.79483023874	-1.25277533276	-0.691252331039	1.11672951437	1.44816221578	-0.860487550412	0.819383417756	1.25521656453	-0.0916486306991	0.0147399669961	-1.80356129539	-1.39552924413	0.809064000783	-0.177896491408	1.41393160336	-1.2283533338	1.21789825922	0.321660029351	-0.836482326459
G34	-1.98453662345	0.397572770309	0.622892886396	0.568775685584	0.904245011001	1.06609264381	0.236314948121	-0.867201330907	0.573689389518	0.668808119864	-1.06651024502	0.00245365435769	-0.0795272521978	2.48997300454	-0.535222410567	0.575036539117	0.0560571938126	-1.26306255599	0.114609050501	-1.1916885488	-1.28877193
G35	-0.573059633772	-0.758060220078	0.735121363611	-0.130275377976	0.514830875326	-0.0131780391872	1.06116123312	0.138495274937	0.932828239825	-1.34130085267	1.60163578811	-0.0195579229666	0.633417566699	-0.23351933124	-0.280320297624	1.2144656156	-2.48951682613	-1.65598474296	-0.846365191501	0.966537877212	0.542644601677
G36	0.908491426937	-0.711486361212	0.87557407765	1.47787932946	-0.518518780841	1.79103196333	-1.5435676459	-0.446352389677	0.732377752967	-1.16922595003	-0.185132144059	-0.221417613133	-0.601856790183	0.834398114615	-1.3316888248	0.975927013738	-0.791207401142	0.656187183915	1.12166905677	-1.58092968902	-0.272152329399
G37	1.67205113803	-0.515427527914	1.65035268528	0.377962127696	-0.67413513052	-0.508767442971	-0.800390772032	0.921446802465	-0.136459713662	-0.416542519381	0.764655924092	-0.627663430645	-1.09766973746	2.05521400224	0.111665083324	0.269297335096	-1.81507291146	-0.510851969202	0.0525704190466	-1.46503085293	0.692796490907
G38	-0.241783269666	0.478622158236	0.476296251152	-1.19340271604	0.672772822938	1.58038370173	-1.97410943871	1.67718922236	-0.14985548989	0.568402821829	-0.574331094671	-1.01891905044	-0.584985406996	-0.841561727447	-0.984006063598	0.721556732946	1.14048494368	0.705694729289	1.21332435673	-0.346055748466	-1.32571773496
G39	0.274028514246	-1.77189489215	-0.134192976325	-0.099196031265	-0.0248315447738	0.275313784547	-0.286977578253	0.17370630913	-2.05957868768	1.33881992359	0.451162130207	-0.344496387604	2.66043170752	0.859883165889	1.12744968716	-0.233612613497	-0.988029025684	-1.03530631359	-0.111596603611	0.0188761123098	-0.0899586801593
G40	-1.37112656838	0.651049555433	-1.40820031954	1.48463451279	-1.2391139343	0.920119981121	-1.15747727761	-0.748427603772	0.504772812749	0.0673421384497	1.54403248914	-0.657378028002	0.616355145124	-1.27363228134	0.516502406097	0.873274221393	1.31278582423	0.849199310624	0.248912105486	-0.631335585377	-1.1022889043
G41	0.772834426789	0.0525950921532	-1.56205319208	1.60885139351	0.732563487109	-0.437542180416	-0.0431825380853	-0.343956668606	-0.918516890563	-1.44217633372	-0.873414845581	-0.0469158248481	-0.617577383531	0.947887222687	-0.343910926167	-0.885219913526	1.77242283719	1.11927006751	0.280202431962	1.55513217673	-1.32729243852
G42	-0.11248182792	-0.00613523853076	0.632235566521	1.55168841335	0.302067013639	-1.27953370242	-0.718610732895	1.31343962692	2.25960026826	0.776921366987	-1.2704734411	0.265209922125	-0.762123185643	-0.407859235078	0.498233914899	-1.42668626536	0.0476876111722	-0.0910851766401	0.328384301866	0.0143502314187	-1.91482943158
G43	-1.02455054428	-0.021298298558	0.730130304981	0.0372499803937	-0.706212024456	0.716615482375	-0.422847415259	0.414195271081	2.07854652578	1.50901607645	-0.991713183749	-0.794361465857	-1.12429840048	-0.976185175811	-1.00060608166	1.08677571104	-1.17476309692	-0.946041633795	0.121658066277	1.07879635047	1.40989355198
G44	0.461879665756	-1.52171924737	0.855235926314	-0.212935471363	-0.672741094356	-0.397402591986	1.05578226654	0.732195950671	-1.1388208625	-0.262145078675	-1.39912752857	-0.0398604575201	-0.31804372258	1.29381535468	-1.06192232839	1.18259688396	1.78224413556	0.738647077483	-1.67674648323	1.03911262449	-0.440045018934
G45	-0.109641427321	-0.966925763971	-0.953293538018	1.79250054299	-1.42031400921	-0.264673621486	0.364045950154	-0.572220805075	1.50563867368	-0.907081591012	-1.22299722235	-0.087707457792	0.522368883386	0.83708032891	-0.95123390048	0.874666373478	0.100290639464	-1.28831698851	1.70756389953	-0.194235187942	1.23448622158
G46	-1.02924121536	-1.06647257524	1.17226291415	0.93554935832	-1.19804345122	0.983606301776	-0.61937917606	-0.0599431230992	-1.10159646943	1.89742648101	0.647476735751	0.491541891031	-1.1313315931	-0.958488980406	0.732162906029	0.546023722259	-0.129476679195	-1.08046576301	0.563728996239	-1.15277137313	1.55743109268
G47	0.329952636469	-0.122464748923	-0.246508220446	0.33357174796	-1.55416574716	-0.442072325354	0.297203843207	0.130917760967	-0.0777165994801	-0.809029097106	-2.33819616137	-0.000132277891206	2.40137680434	0.923765314285	-0.367922197151	-1.30505667437	0.273548550184	1.26611578562	-0.20880727968	0.242291294168	1.27332759173
G48	-1.09950468503	0.106178654874	1.90354731198	-1.16148274059	0.0405625485068	-0.611314596812	1.50190347541	-0.663115192627	-0.878612937224	0.0494179981127	0.396006671919	-0.444478935405	0.649040421997	-0.974125646962	1.348964058	-1.07999746669	0.648303729323	-1.15800615667	-0.965204601433	1.78668060638	0.605237482949
G49	-0.842463259276	1.21168981882	0.933926270411	-0.906407850029	0.483063712622	-1.14908925198	0.613118908443	-1.13333964725	0.99900010278	0.571470534891	0.0663679524221	-1.04923403064	0.720763001438	-0.82295044986	-1.15287954352	-0.615131697448	0.663479908782	1.12323536104	1.16653790077	1.16084312316	-2.04200086559
G50	-0.485745315212	0.107523056636	-0.455350719024	0.780569177898	-0.336563461198	-1.99346918065	1.50253544445	0.854394964675	-0.226827092935	1.08858106445	1.06625989663	-0.979206266724	0.203549681486	0.816518997344	-1.73319158103	-0.691399313989	0.945814181002	0.176176408259	1.32290842088	-1.58825004262	-0.374828320315
G51	-0.978125433157	-1.20665612014	1.39301317524	0.547625576521	0.894678346999	-1.59960302731	-1.59327320173	1.346429192	0.644799810693	-1.11133157731	0.627906306951	0.572271150217	-1.2032023744	1.02760790781	-0.0683177720835	0.492536494575	1.41178667199	-0.546634800924	0.224528533195	-1.06519438253	0.189155523375
G52	0.449253066313	1.37083619835	0.959360761405	-0.341222955019	1.64048757947	-1.0498617791	0.627106006628	-1.35512661201	-0.804602087873	0.74394518746	0.279397967516	0.641903130738	-1.37078101047	0.418280475327	1.62248075518	-0.888120314805	-1.16218909658	-1.08775655576	-0.899641716423	0.918131350041	-0.711880350401
G53	-0.844446812104	-0.166771719107	1.45270102458	1.40267160476	-0.400255214568	1.3676098924	-0.96393365302	-0.378999081614	0.408152528311	1.8803197494	0.86058230107	-0.813862767568	0.142844677222	-0.988249541739	-0.768022414	-1.03764770595	-0.932289794026	-0.638563858002	1.58055151966	-1.2363571254	0.0739663897091
G54	-1.01975025075	-1.5880526268	-0.896552877331	1.52841563786	0.575518036066	-0.939038365422	0.743555635712	-0.493840989422	-0.641757894446	0.977683512	-0.678837191854	-1.25820558462	0.704791176636	-0.299429487627	-1.30811799613	0.596019183725	1.45098953074	-0.632029986893	0.57671888989	1.27168707678	1.33023457188
G55	-0.983890998936	1.45888157354	-0.625833793441	-0.482986470883	0.979819151316	1.48845792782	-0.313242766483	0.861964802307	-1.29407715544	0.963572438004	0.737415478993	1.11597810863	-0.887692049909	-1.48650809877	0.87054583613	-0.178217262374	1.17809910972	-1.11240988685	-0.36418124386	-1.44774928652	-0.477945412984
G56	-0.262370997962	-0.154377930512	-1.8877063146	0.566289615544	0.0493608911986	-0.101950778819	-1.18867332126	1.37926501693	0.977328900738	-0.993185456984	0.948489286599	-0.659823319208	0.542494405222	1.8062445321	1.44464427799	-1.45287074306	-0.245284801674	0.972081128252	-1.1283642886	-0.620828183905	0.00923808200509
G57	0.381245806862	-1.00724571707	-0.943626502202	0.36565828341	1.06225513089	-1.05316958963	-1.06064256421	-0.950696370273	0.403881049677	1.67899923602	-1.22050604303	0.74940387097	0.776813637262	-0.828720473919	-1.03408109349	1.14274132632	1.78816579538	0.848438134029	-0.553854989077	0.587165312205	-1.13222424014
G58	-0.902399115525	-0.813738460778	-0.93840970213	-0.82047016318	0.972225502869	2.12799855709	-0.19848117915	0.625175273447	-0.90191233344	1.65467564381	-0.407312104663	1.22312709921	-0.867211120097	-0.92163194626	-0.802093786723	-0.437534922823	0.160772465503	-0.294404058223	0.693189312969	1.74014611219	-0.89171107409
G59	-0.892140799189	-1.09635390522	-0.401607176497	0.372889138997	1.29867675886	-1.24132848173	0.510761525001	0.475761769375	-0.0465464735064	1.74631579306	-0.768808805631	0.596787633142	-1.03017257523	0.252746382218	1.38417731065	-1.40344251352	-0.199947183025	1.38976744968	1.25237897759	-1.00605872867	-1.19385609636
G60	-0.67646169172	1.14100527746	-0.264875580756	-0.897845684124	1.14925441526	0.195017729352	-0.304474987374	1.25280402744	-0.901616845162	-1.5610138802	-0.72411303677	0.980795189335	0.263060375829	0.0909895209412	-1.09905108454	1.2897999592	-0.943451916579	2.44254551028	-0.203090136846	-0.563209427258	-0.666067733772
G61	1.93823115703	-0.989319650338	-0.264048708943	1.29419653684	0.946211450731	0.172646619316	0.582385099794	0.725034964286	0.792993268635	-0.720175811203	-0.817666824327	-1.0125731724	-1.25646572568	-0.774504335303	-1.07512118765	0.826616102716	-0.933098471029	-0.91431486662	1.81711103384	0.465378225803	-0.803515705509
G62	-1.64119834405	-0.513613814509	0.810015198283	1.10160421885	-0.465285579215	1.40411693125	0.450609392704	-0.411184701519	0.0146733562633	-1.54597079439	1.46447831516	1.34723250569	-0.0868481319129	1.19481221044	0.366897410248	-0.655260244132	-1.31081548254	0.619153958513	0.322880702376	-1.3243419402	-1.14195516731
G63	-0.881496352764	0.0545010465758	0.149773354206	0.0490015682439	-1.78670357982	-1.61294590774	-0.40219626411	0.504481352128	1.85816284975	0.333362583056	0.402939839708	0.71395388633	-1.05396186466	-0.529476270826	0.338384184904	-0.655072013568	1.94852717652	-0.915413329926	1.40986235245	0.808191351876	-0.733875962345
G64	0.712909604401	0.785969805939	0.932861050555	0.229284420102	1.12062886385	0.673848307638	-1.8043862796	-1.90948233608	1.07445126183	-1.13019848216	-1.0470863871	0.391738276461	0.696044949433	0.57401034903	-1.26459849921	0.521516239758	-1.05463803811	0.582837083779	-0.15993064836	1.15342257985	-1.079202122
G65	1.00888979574	-0.294953806368	1.20029557101	-0.609660655637	0.124860170829	-0.0308994988909	1.47935631473	0.979392139052	0.0458304115368	0.0759332916127	0.344534533755	-1.12001605129	1.93869293085	-1.44238285602	0.149919522693	-1.73076403988	-0.313020500349	-0.491241716941	1.0754519533	-0.790135165449	-1.60008234428
G66	-1.57705371071	-0.538871267198	-0.52258284765	-0.736483633429	-0.853943716325	0.94389674497	-1.38982221715	-0.406988564979	0.430580150291	0.593584137693	2.49221391277	0.462356188587	0.525251871081	-0.69095121582	0.565360832454	-1.00019324437	1.81750970116	-0.923601899016	-0.0790557144816	0.663526210831	0.225268281287
G67	0.985107280859	-0.602883912745	1.08087650224	-0.69142523726	-0.977879894189	0.923641311852	0.0891859758372	-1.30995436585	-0.777983629067	1.80332993082	-0.785799977285	-1.82017877575	0.949932065557	-0.370486012415	1.45362499512	0.126340827202	-0.00742883530204	0.0867514025944	0.778170203546	0.647466422038	-1.5804062778
G68	-0.327628196503	1.35530387005	-1.42285722866	1.10898058026	1.47486120494	-0.00555934305604	-0.481914142361	1.90330851887	0.200180625909	-0.71583474519	0.864092761475	-0.849749508804	-1.34439704796	-0.510393832684	-0.410432851938	-0.0743355318727	0.343685586422	0.301106743408	0.96445203105	-2.06792880731	-0.30494068605
G69	-0.0939922338068	0.152120159599	-0.661422339389	-1.01402266701	0.707931008017	-1.33612961175	1.4153217274	0.552292547949	0.807915081302	-0.251943302679	0.104468276202	-0.350791870425	-1.28140611465	1.7776918997	0.388625726448	1.11728187876	-1.33146279641	-1.24500585445	0.461979384207	1.5093764381	-1.42882733712
G70	1.36612288885	0.929485345629	-0.403701829734	-0.807919133984	1.69326638011	-0.422080348254	-0.897345098419	-0.790998096461	1.15788608361	1.15939663592	0.261850530355	-1.23817227675	-1.19939298483	0.777450274984	1.0811536697	-0.762597019764	1.03738408958	-0.649625608256	-0.168226764159	-0.315022032201	-1.80891470592
G71	0.740969537935	1.13165436689	-1.62108657504	1.56607423138	0.431557130624	0.6535121713	-1.18441802463	0.396668620309	0.743715814434	0.721718076153	-0.476867516751	1.27875061084	0.0927466485893	-0.314682632606	-0.579610442405	-2.06531638481	-1.26010472738	-0.502630004158	-1.17577900526	0.843839507991	0.579288596586
G72	-0.76715405806	0.286484988174	-0.283242185441	-0.859465993912	0.61626584514	0.781969772202	-0.537128677337	0.948150558167	0.410972410775	-1.27817535928	-0.996986424465	-1.07572037076	-1.20733569857	1.09719053735	1.74993316898	0.125072791233	-0.772013477351	-1.72378297288	1.05208309132	1.26535142314	1.16753063158
G73	0.782324427993	0.123823776535	-1.20065246557	1.70366589781	-1.45857898962	-0.477580315649	1.05080587298	0.667444712857	-0.63218837617	0.516845341448	-0.742459669776	0.713149128431	-0.884460412282	1.8717822611	-0.45282957126	-0.836530795376	-0.73628676907	1.64617290524	0.236579939902	-1.18016176194	-0.710865137568
G74	1.06106612093	1.97790564208	0.636094849234	-0.885862513815	-0.898023339883	0.227155641352	-0.573825830216	-0.954743466375	-0.0752899885592	1.39431309785	-0.972742925817	-0.0672573774756	0.194895326801	1.39188977486	-0.964840184951	-0.904107897711	-0.972781610563	-0.471068093383	1.99312532623	-0.204834148456	-0.931068402129
G75	0.306116411925	-0.817138704777	1.19205759744	0.842830725285	-0.966565871135	-0.578356088842	0.807978752521	0.918804824933	-0.0418677269816	-0.430029389974	-0.711380850033	-1.02283197886	-1.23255472135	-0.736388241482	0.804216032407	-0.79966512213	2.12918202801	1.2188276198	-1.17945193463	1.33151151566	-1.03529487779
G76	0.538624106077	-0.145830264257	0.864714295977	1.34103246177	0.594936790774	-1.20318937198	2.48388911422	0.252567401858	-0.00964021319622	0.882297476543	0.510614439293	0.13566876508	-0.314784416888	0.460274312064	-1.02894237791	-1.02847015414	-0.97973272577	-1.39610351481	-1.18784925432	0.616421183631	-1.38649805401
G77	0.235110337649	0.334739557316	-1.25304418982	0.899580440517	0.342870990936	-1.31354035303	1.45761816617	0.342849704461	-1.25043872522	-1.17284100764	-0.333941010395	0.77049499613	-1.19995572006	1.0668112489	2.57286344492	-0.481852213665	-0.992114573827	-0.0253382039985	-0.447925829102	0.287649616339	0.16040332343
G78	-0.103022470215	0.339552525572	0.637430627197	-1.09543751317	1.03567629583	-0.161908342103	-0.585018575877	-1.27369214608	-0.599294942153	0.45394684532	3.0475996392	-1.18144975452	-1.27784642857	0.315984422601	-0.134208880328	0.23342347051	0.444871610165	0.482428259717	-0.501385304392	-1.14905348286	1.07140414414
G79	-1.26662580438	0.904407708565	-0.0585842024402	-1.02314802378	-1.2320546364	1.79660121226	-0.0228564993903	-0.225844693109	0.434854470822	-0.509214788948	1.47131079251	1.51906265945	-0.203941113458	0.298407766598	0.165935633595	1.12714658919	0.126287656746	0.174734530676	0.00745775078101	-1.37769117913	-2.10624583015
G80	-1.69044069985	-0.115980827153	1.96664244942	-0.395103781039	0.660477994529	-0.366289459651	-0.628143881648	1.23198561894	-0.962678027582	0.319599575185	-0.0325577514613	1.12830099022	-1.02996995524	-1.39289750098	-0.621914242201	0.885749852964	1.94633253519	-0.794490300597	0.640026579001	-0.236898164646	-0.511751003397
G81	0.876327370979	-1.21943687782	0.500439775394	-0.426644641045	0.262310057659	0.923414463711	-1.69393011229	0.804725176321	-0.0316130506875	-0.993969284188	1.26032093011	-1.5687444534	0.55650288143	-0.491153030035	-0.27884928919	-0.277286099797	1.52903869706	-1.35406837689	1.49270251913	-0.862971692933	0.992885036469
G82	-1.05101630369	0.810521101822	-0.339175393172	1.3942722138	-0.769254602725	-1.3914057053	0.214065151753	1.09162506535	0.76401586758	-0.9544979022	1.36123689418	-0.508599878869	-0.869497899223	-0.685496992687	1.28321621625	0.733218682306	0.697930383583	1.49814676907	-1.10751092528	-1.28722740322	-0.88456533933
G83	1.30639493408	0.359075899387	-0.926964122358	-1.05669778574	1.27179559518	-0.761178856896	-1.0231017279	-0.916659705343	1.51080374863	-0.224639669505	2.6493171115	0.017367241126	-0.996329089826	-0.489494781823	-0.429552896079	-0.260480637992	0.296445663858	-0.0666312179603	1.05742048596	-0.349988828393	-0.9669013599
G84	-1.46182658487	0.437247516752	1.18924834116	1.13406710496	-1.49635835952	0.645090316575	-1.65738794582	0.471955821317	-0.813553734021	1.00101347635	0.730814255548	-1.30920032724	0.889234729604	0.689072494511	-0.544392004787	-1.45043838741	1.04251313921	0.750247173757	-0.648401921845	0.756545761382	-0.355490865618
G85	-1.40253152318	0.842549716831	0.00644842847509	-1.41466239255	-1.39920303038	0.62638885802	0.537749089056	-0.757804245399	-0.667190993391	-0.0448601547222	1.15413428519	0.824022687651	0.537467515756	1.52892958956	-1.47683081335	-1.39361108343	0.737996610499	0.503662912081	1.36820754967	0.72681024666	-0.837673253048
G86	-0.856756352013	-0.12453957465	-0.541704805171	0.913644080788	-0.490863269563	-0.104944617212	-0.803713675997	-0.6524662741	0.91651413376	2.1552963059	-0.44103555456	0.920283037991	-0.532992219018	-0.914393621206	-1.202786912	0.743644133215	2.17364123298	0.550591786386	-0.789639337569	-1.47855865884	0.560780160884
G87	0.167894405118	-1.08590101732	0.27081067561	0.155415008429	1.32213486217	0.947271242022	-0.0848855165097	0.398060934982	0.840362900049	-0.490706768632	0.432805549936	-1.12223387577	1.06447693444	1.83446739539	0.757005156586	-1.2716921194	-1.48315505511	0.85440430798	-1.62184138305	-1.42483241702	-0.459861219909
G88	-1.1511714197	0.862524127143	-0.296634182427	-1.29081078773	1.01351565365	-0.670565114475	-1.17326844598	-0.100963948972	-0.554491195152	1.41437837408	-1.2951132333	1.27342267405	1.17598197495	-1.22787426688	0.736399922029	1.00746363257	0.775290624027	-0.632431651467	0.783039738717	0.778768353867	-1.427460829
G89	0.23948286886	0.588613599858	1.31046862067	1.53493148958	-1.09312747793	0.226600946719	1.62074742931	2.05182797016	-0.748520881374	-1.25931881742	0.126957026778	-1.16546985621	-0.504137135824	0.171637796513	1.07080245726	-1.26026911158	-0.372687308152	-0.744094176791	-0.863215596898	-0.344535726247	-0.586694117277
G90	-0.155696429258	-0.151622087464	-0.622558773342	0.545600024698	-1.7345232479	-0.432239025505	-0.587725684422	-0.407193894488	-0.131286144476	-0.211768552288	1.51058418378	1.5205807766	1.32357278956	-1.02293811225	0.181690068521	-0.843655151297	-0.424436079771	-0.918632577913	2.66874042801	-0.377189213547	0.270696702765
G91	-0.986788745092	-0.434635050316	0.630365447069	0.473826460544	-0.979306152419	-1.5455869297	2.52797586908	-1.12986562273	-0.340573417337	-0.799507516733	1.22175127367	1.65977739588	-0.0629305374072	0.534825657746	0.458137280254	1.03271120976	-0.137690884886	-0.998410700163	-0.680212299103	-0.386599559683	-0.0572631784343
G92	-1.00365693354	-0.463206757773	-1.04692037587	1.12444825975	1.54071579448	-0.357811317409	0.692665158738	0.906884572842	-0.68947833835	-0.333724417684	-0.738892801995	-0.841257767521	2.13526997023	1.16315000937	0.293383391898	0.312161875966	-1.52159791605	0.176737713206	0.127532448207	-1.79289078869	0.316488220199
G93	-0.0421082886654	1.16299665901	-0.94995392679	0.278250859939	-1.16430209845	1.11814725675	-0.228251547297	0.0536524331168	0.903546982669	-1.22364929966	0.423167733641	2.0125092352	0.0243913637426	-0.154620452226	-0.316735676538	-0.812122658948	-0.0957087006482	-0.661980389659	1.64169904498	-2.32550111807	0.356572587892
G94	0.691571103182	0.673981981608	-1.18972086322	-1.06592093556	1.08543165467	0.794856615856	-1.15790591259	-0.905930040889	-1.0154544572	-1.14781285539	0.829252263524	0.98683893267	-1.06868446343	1.02283196542	-1.18135198032	1.07065773055	0.6390533423	1.12735635576	1.31356678249	-0.383594656691	-1.11902256275
G95	-1.19790641556	1.04346288965	1.49639450462	0.446569373688	1.12334113775	-0.892278448625	-1.23053168059	1.54706830748	0.455502376399	1.49969634579	-0.5981758879	-1.33639012751	-0.124691272317	-0.923172242333	0.541835768337	1.12433952348	-0.710140671801	-0.992696395384	-1.09153584332	0.327107459368	-0.50779870122
G96	0.754936586697	-0.825899287573	-0.184738338608	-1.51215060345	1.61887633774	-0.516270417237	0.677141276115	-1.34866838518	2.07427830665	-1.59271736777	0.102589164624	0.189114890032	-0.435573915769	-0.840512610672	-0.0616938449621	-0.324127475125	0.82571490745	0.475715417907	1.75367322685	-0.266316157894	-0.563371709826
G97	-0.157312624834	1.19876207236	-1.40984611867	1.59079825629	-1.28804713192	0.930149206803	-1.20754518221	0.705006857891	-0.606942782649	1.47131881881	-0.708739470467	0.376574767326	-0.901410903065	-0.502183099449	-0.935869476187	-0.808208288591	-1.06318028149	1.42832533981	0.442973598619	1.14587006244	0.299506379185
G98	0.591108940354	-0.925788224238	-1.38043836557	-0.0187185432541	-0.463793118284	-0.580034401683	-0.222303638969	1.21502777029	1.93020584909	0.0418140355347	-0.687467713361	0.049333293424	-0.0755064576714	0.0280360649794	0.526099313377	-0.678122777544	-1.13886261989	1.86384588945	-0.720370408443	-1.31505022292	1.96098533532
G99	-0.905114849291	1.23302052069	1.01578473276	-1.15331530527	0.245072576687	1.71153239371	0.762736720312	-0.133186061508	-0.612513659522	-0.00752394146352	-0.697416088066	-1.44604928748	-0.905786399639	0.660236131501	-1.53156888471	-0.100129596323	-0.161646643516	-0.716473700503	-0.291771854296	2.19428603672	0.839827159206
G100	0.276075196813	-0.811021069139	1.4761596292	-0.00079960556209	-2.63874061048	0.548787824708	0.279662045341	1.77707623052	0.732194912691	-0.773491614587	-0.117324238877	0.657275772038	0.607631968177	1.00819534963	0.505492108907	-0.45684456157	-0.482966635146	-0.404595538774	-1.33205347964	-1.32629859489	0.475584910628
