row	hyper	r2	mse	sse	n	df	DW:Lag1	dual_gap	time
0	(0.001, 0.30000000000000004)	0.9056872456304211	0.0012936021188605998	0.24578440258351394	190	68	2.0071546291522973	0.00012052953058835914	0.022
1	(0.001, 0.30000000000000004)	0.6188234818497897	0.0009402266849702978	0.17864307014435657	190	47	2.061362292234313	4.416991270797532e-05	0.009
2	(0.001, 0.30000000000000004)	0.7128445777117346	0.0011274259297016037	0.2142109266433047	190	65	2.009096602029965	3.67637555880318e-05	0.01
3	(0.001, 0.30000000000000004)	0.8867189208763292	0.0009025251869857144	0.17147978552728574	190	65	1.843564737742362	0.00010923392962480793	0.011
4	(0.001, 0.30000000000000004)	0.8200949889943503	0.0011894448771485983	0.22599452665823366	190	70	1.9247289314308473	6.600213314125747e-05	0.016
5	(0.001, 0.30000000000000004)	0.14299199052088007	0.0002384542914621076	0.045306315377800443	190	10	2.0839166136965037	4.641964374690888e-08	0.006
6	(0.001, 0.30000000000000004)	0.818881118352432	0.001341037054859799	0.2547970404233618	190	66	1.9167848273331665	0.00012381504440045488	0.009
7	(0.001, 0.30000000000000004)	0.8250785446019242	0.0010493553703236228	0.19937752036148831	190	69	2.0163868436083954	8.875209708056331e-05	0.012
8	(0.001, 0.30000000000000004)	0.865381864025401	0.000685597561447901	0.13026353667510118	190	41	1.8292765067423906	3.053441791897593e-05	0.014
9	(0.001, 0.30000000000000004)	0.8885862764797848	0.001716470008366785	0.32612930158968917	190	72	2.1044339025663907	0.0001948573187898761	0.013
10	(0.001, 0.30000000000000004)	0.19748873412489565	0.00018115195169035695	0.03441887082116782	190	8	2.189270984778164	1.2831450959399637e-07	0.007
11	(0.001, 0.30000000000000004)	0.76448215591687	0.0010909779908142517	0.20728581825470782	190	63	2.2399012270279055	7.22121032735723e-05	0.01
12	(0.001, 0.30000000000000004)	0.2617778669054437	0.00016006355846569435	0.030412076108481925	190	12	2.244639751710899	4.243714543765431e-07	0.007
13	(0.001, 0.30000000000000004)	0.5287136694850434	0.0005050802922485867	0.09596525552723148	190	32	1.9039420771646702	1.7522442985404285e-05	0.009
14	(0.001, 0.30000000000000004)	0.5262491755189942	0.00033082131055460164	0.06285604900537431	190	19	2.0949756677609654	4.001955451540806e-06	0.008
15	(0.001, 0.30000000000000004)	0.9191128514169395	0.0011229622013225523	0.21336281825128495	190	68	1.826219224012718	0.00022859006346326316	0.013
16	(0.001, 0.30000000000000004)	0.7795906837613522	0.001595168367191102	0.3030819897663094	190	73	2.018838388634127	0.00013386686198757491	0.019
17	(0.001, 0.30000000000000004)	0.8929934436762547	0.001394977957530874	0.26504581193086607	190	69	2.2450808879177924	0.00016939216018047043	0.014
18	(0.001, 0.30000000000000004)	0.8621401417964877	0.0005676811454534411	0.10785941763615381	190	41	2.0103355206900653	7.021320223010719e-05	0.012
19	(0.001, 0.30000000000000004)	0.7506696503123097	0.0005698168732898731	0.1082652059250759	190	34	2.127821921668659	1.5684172739380275e-05	0.011
20	(0.001, 0.30000000000000004)	0.9282828934150779	0.0009414461117550562	0.1788747612334607	190	55	1.9470311847077055	0.00020840427560739339	0.01
21	(0.001, 0.30000000000000004)	0.8418345024174537	0.0011230038570140153	0.21337073283266292	190	55	2.1872125600929	9.787339447300814e-05	0.015
22	(0.001, 0.30000000000000004)	0.9272459829980171	0.0013761434591434787	0.26146725723726094	190	67	2.057188324147242	0.00026608350136925196	0.023
23	(0.001, 0.30000000000000004)	0.9262274658673322	0.001595040116809595	0.30305762219382304	190	71	2.097640175048732	0.00028419883761743314	0.017
24	(0.001, 0.30000000000000004)	0.7584513851735581	0.0011518266137602964	0.2188470566144563	190	55	2.0518503374913495	7.667049593754194e-05	0.01
25	(0.001, 0.30000000000000004)	0.9006882532926243	0.001395528876356299	0.2651504865076968	190	75	2.201514839892846	0.0002235686422547012	0.011
26	(0.001, 0.30000000000000004)	0.7652904842721137	0.0020180166105888808	0.3834231560118873	190	66	2.296348360835636	8.940994227812915e-05	0.018
27	(0.001, 0.30000000000000004)	0.8908874091445252	0.0010606302898323477	0.20151975506814607	190	62	1.9468061529910747	0.0001333561106468817	0.012
28	(0.001, 0.30000000000000004)	0.9185572630952168	0.0016962349894602737	0.322284647997452	190	82	2.038626022958003	0.00039569419189933175	0.033
29	(0.001, 0.30000000000000004)	0.824148346994021	0.0014259778126259432	0.27093578439892924	190	70	1.786951073541553	9.235534316009986e-05	0.014
30	(0.001, 0.30000000000000004)	0.8315073684187355	0.001391525175381592	0.2643897833225025	190	58	1.9567668230483062	8.51094487303583e-05	0.015
31	(0.001, 0.30000000000000004)	0.23929800097839604	0.00017172510510740614	0.032627769970407165	190	10	2.000355517820618	1.2631957022057883e-07	0.008
32	(0.001, 0.30000000000000004)	0.7017356473729272	0.0006720268978914046	0.12768511059936688	190	45	2.0659773349761155	1.7443290774799003e-05	0.007
33	(0.001, 0.30000000000000004)	0.8154194774056673	0.001072134198022287	0.2037054976242345	190	56	2.1720542075297358	9.944952209506308e-05	0.008
34	(0.001, 0.30000000000000004)	0.7037457260380742	0.001405221752303001	0.2669921329375702	190	58	1.9970967952055123	5.909168038342738e-05	0.011
35	(0.001, 0.30000000000000004)	0.9542164550832447	0.002003675879730705	0.3806984171488339	190	90	2.1014738302939286	0.0005800857232792223	0.013
36	(0.001, 0.30000000000000004)	0.9633941512237729	0.0018515411582223	0.351792820062237	190	85	1.9494271775843188	0.0009067141493366293	0.073
37	(0.001, 0.30000000000000004)	0.6046137565327951	0.0006202655619178918	0.11785045676439945	190	36	1.8825245805954542	1.5797348993887295e-05	0.009
38	(0.001, 0.30000000000000004)	0.9142406743100977	0.0010333106578812176	0.19632902499743132	190	58	1.8411884949010076	0.00019436214955614872	0.008
39	(0.001, 0.30000000000000004)	0.722941294984909	0.001196870942961091	0.22740547916260728	190	64	1.8636106963897554	6.424000889887482e-05	0.011
40	(0.001, 0.30000000000000004)	0.917883830528212	0.0009223796527807093	0.17525213402833478	190	58	1.9221305632807262	0.000158156520714825	0.013
41	(0.001, 0.30000000000000004)	0.9111280275124467	0.0014371667026614708	0.27306167350567945	190	69	2.1169843166844955	0.0002447761472118004	0.011
42	(0.001, 0.30000000000000004)	0.8866152605030975	0.0024610063087123217	0.46759119865534116	190	81	2.10228056946881	0.0003911712280257884	0.018
43	(0.001, 0.30000000000000004)	0.8950988525602332	0.001360003054616803	0.2584005803771926	190	63	1.8988832337864157	0.00017204558961175787	0.01
44	(0.001, 0.30000000000000004)	0.8248090344830278	0.0013341295675644998	0.25348461783725496	190	67	1.8258962660476554	0.00013938719303213665	0.012
45	(0.001, 0.30000000000000004)	0.9454726111568809	0.0017146026256586186	0.32577449887513754	190	87	2.3093585250028785	0.0005211279461435625	0.014
46	(0.001, 0.30000000000000004)	0.8972092258700334	0.00238091358872312	0.45237358185739274	190	87	2.0449485413208834	0.0003019515275087814	0.014
47	(0.001, 0.30000000000000004)	0.9040105928290971	0.001941514535905247	0.3688877618219969	190	67	2.1046088879376486	0.00018395300761686606	0.012
48	(0.001, 0.30000000000000004)	0.9020676106804223	0.0013790057441172103	0.26201109138226997	190	72	2.2565650397224224	0.00019618042109098566	0.015
49	(0.001, 0.30000000000000004)	0.904201625936642	0.0009353855115974272	0.17772324720351118	190	56	2.136834316370534	8.917627652360594e-05	0.011
50	(0.001, 0.30000000000000004)	0.9260828996852791	0.001624331899613747	0.3086230609266119	190	74	1.9292749405804352	0.0003676153816793426	0.012
51	(0.001, 0.30000000000000004)	0.8849904368358259	0.0017787029949500905	0.3379535690405172	190	80	2.0316215982600037	0.00028431459715450025	0.014
52	(0.001, 0.30000000000000004)	0.8823670547966905	0.0012796395171254945	0.24313150825384397	190	67	1.9477070628022444	0.00014806500295372338	0.015
53	(0.001, 0.30000000000000004)	0.6839907673921368	0.000804008032951305	0.15276152626074796	190	46	2.18499381036056	1.7935741005781214e-05	0.02
54	(0.001, 0.30000000000000004)	0.7320322809651235	0.0012035767221596646	0.22867957721033627	190	66	1.7173324985530838	5.410463638433338e-05	0.011
55	(0.001, 0.30000000000000004)	0.9204661398294546	0.0013791760596423572	0.26204345133204787	190	71	1.8945009246279858	0.00021954043282484959	0.018
56	(0.001, 0.30000000000000004)	0.878015487970281	0.0015931105178963274	0.3026909984003022	190	70	2.176182366291199	0.0001811277923988719	0.014
57	(0.001, 0.30000000000000004)	0.8572298618231966	0.0011406887013883336	0.21673085326378339	190	64	2.0974992078030805	0.00011592589127876196	0.018
58	(0.001, 0.30000000000000004)	0.8672118295072679	0.0007757131275909819	0.14738549424228656	190	53	2.231734082980172	9.532484739235847e-05	0.009
59	(0.001, 0.30000000000000004)	0.8273018823068065	0.001036822714430097	0.19699631574171844	190	52	2.051465323432631	8.253274193814608e-05	0.014
60	(0.001, 0.30000000000000004)	0.8491816480640006	0.0007845234541693039	0.14905945629216774	190	61	1.875026537955607	6.489730309230946e-05	0.013
61	(0.001, 0.30000000000000004)	0.8859641497110828	0.0014726051439010017	0.2797949773411903	190	78	1.8435883401921591	0.00019246915962267686	0.018
62	(0.001, 0.30000000000000004)	0.910303678498596	0.0014136352406704008	0.26859069572737615	190	72	1.8345933992569354	0.00014783029019971305	0.017
63	(0.001, 0.30000000000000004)	0.8673121445843054	0.001396400711229479	0.265316135133601	190	65	1.8049389182956053	0.00011912084646353849	0.014
64	(0.001, 0.30000000000000004)	0.8341884539534066	0.001153100943928523	0.2190891793464194	190	66	2.1732543520215906	0.0001227650194478569	0.011
65	(0.001, 0.30000000000000004)	0.8405309788389212	0.0012892041211532933	0.24494878301912573	190	65	2.2511704226903047	9.82958387722721e-05	0.012
66	(0.001, 0.30000000000000004)	0.7660802242453745	0.0010776339803188172	0.20475045626057525	190	63	1.8726147717397703	6.315505567300317e-05	0.011
67	(0.001, 0.30000000000000004)	0.8232824390296322	0.0013301830380435566	0.25273477722827575	190	66	1.817943248777383	9.62067033856151e-05	0.011
68	(0.001, 0.30000000000000004)	0.9144495202806285	0.001309783696604939	0.2488589023549384	190	69	2.065943463218057	0.0002724188368474767	0.013
69	(0.001, 0.30000000000000004)	0.7706449677931551	0.0007734508785640737	0.146955666927174	190	40	2.054573020172151	2.3369596812955473e-05	0.008
70	(0.001, 0.30000000000000004)	0.9030167399371374	0.001987630865520816	0.377649864448955	190	75	2.2103329818404265	0.0002903711950825172	0.016
71	(0.001, 0.30000000000000004)	0.9480100791598939	0.0017569117618174922	0.33381323474532354	190	72	2.021696786087838	0.0006011573906506973	0.052
72	(0.001, 0.30000000000000004)	0.8974798701017709	0.0013955892810647995	0.2651619634023119	190	70	2.0540529392280593	0.000217713278940046	0.02
73	(0.001, 0.30000000000000004)	0.9483878354982428	0.0017560701623156765	0.33365333083997856	190	72	1.9966298653402694	0.0005314900874518469	0.029
74	(0.001, 0.30000000000000004)	0.8691621119718088	0.0014092128350470122	0.26775043865893233	190	76	2.2739457256472657	0.0002004249326494345	0.011
75	(0.001, 0.30000000000000004)	0.9487854919349711	0.0022840853002018624	0.4339762070383539	190	78	2.2563112697072465	0.0006681424803583469	0.024
76	(0.001, 0.30000000000000004)	0.9477817863830829	0.0013367495034429524	0.25398240565416097	190	49	2.1323838668074444	0.0002057095808843945	0.012
77	(0.001, 0.30000000000000004)	0.7928464222619618	0.0010454578623650874	0.19863699384936662	190	56	2.119617656538298	9.436388484010405e-05	0.013
78	(0.001, 0.30000000000000004)	0.9106483194589969	0.0013795524092246427	0.2621149577526821	190	60	2.065963786474031	0.0002688980452432155	0.014
79	(0.001, 0.30000000000000004)	0.8647079980654636	0.001058978462507046	0.20120590787633874	190	54	1.9976039422720113	8.248219518416922e-05	0.015
80	(0.001, 0.30000000000000004)	0.7891492006147384	0.0013576662078474118	0.25795657949100825	190	69	1.8263714615785247	0.00012083125805961714	0.019
81	(0.001, 0.30000000000000004)	0.672135168926812	0.0005999248750887901	0.11398572626687012	190	43	1.9848433335217224	1.813829841217085e-05	0.01
82	(0.001, 0.30000000000000004)	0.9043824697800863	0.0017611843228397147	0.3346250213395458	190	69	1.9580592688254208	0.0002685174529026835	0.01
83	(0.001, 0.30000000000000004)	0.7899321652437717	0.0006968837526427313	0.13240791300211893	190	48	2.1237958671562756	3.395749425727512e-05	0.01
84	(0.001, 0.30000000000000004)	0.8596563906566413	0.0012492408699847192	0.23735576529709665	190	65	1.991861118733342	0.0001341700964787862	0.015
85	(0.001, 0.30000000000000004)	0.7069448329622243	0.0008868112526571393	0.16849413800485646	190	49	2.1797042722714557	1.8910813998351816e-05	0.01
86	(0.001, 0.30000000000000004)	0.8571128172250465	0.0006965071490300782	0.13233635831571486	190	51	2.1479317030876	4.6136382648442886e-05	0.01
87	(0.001, 0.30000000000000004)	0.9215726322176304	0.0007251413855977355	0.13777686326356975	190	48	1.9245755446178274	5.237425437260024e-05	0.01
88	(0.001, 0.30000000000000004)	0.9571777664123206	0.0017789819436109479	0.3380065692860801	190	75	2.310193719672012	0.0005246728633691022	0.148
89	(0.001, 0.30000000000000004)	0.9155942019390962	0.0014481970023903577	0.27515743045416796	190	71	1.7580518640844676	0.00014998729110243803	0.173
90	(0.001, 0.30000000000000004)	0.869101028989719	0.0015952612184048824	0.30309963149692765	190	75	1.8159067886461098	0.00015015752579788932	0.047
91	(0.001, 0.30000000000000004)	0.6661536999209425	0.0012495812550360253	0.2374204384568448	190	59	2.114912965107119	4.920888452580874e-05	0.016
92	(0.001, 0.30000000000000004)	0.9010804335160558	0.0014958484887422562	0.2842112128610287	190	71	2.2059928745489685	0.00021653074191074762	0.019
93	(0.001, 0.30000000000000004)	0.8793527939598277	0.0012571702815183966	0.23886235348849538	190	63	1.882895039275104	0.00015458843852442228	0.078
94	(0.001, 0.30000000000000004)	0.8512943165612261	0.0012672817690403209	0.24078353611766096	190	63	2.201723786745813	0.00011309391770314425	0.312
95	(0.001, 0.30000000000000004)	0.6929406501871607	0.0014575683381991078	0.2769379842578305	190	61	2.0491680835483588	4.30023316343453e-05	0.006
96	(0.001, 0.30000000000000004)	0.5780656480655283	0.0007835442782958785	0.14887341287621692	190	46	1.89732068615727	3.2650725382249446e-05	0.004
97	(0.001, 0.30000000000000004)	0.8372765266074897	0.0019239364567558718	0.36554792678361564	190	69	2.0114213100761735	0.00019288467545552912	0.011
98	(0.001, 0.30000000000000004)	0.8417708411190592	0.001665224211040337	0.316392600097664	190	83	2.0088838377441323	0.00014159832837656872	0.01
99	(0.001, 0.30000000000000004)	0.7980188918116515	0.0014878335886695832	0.2826883818472208	190	76	1.96456264136806	8.628761306134214e-05	0.011
