gene	t0_rep1	t1_rep1	t2_rep1	t3_rep1	t4_rep1	t5_rep1	t6_rep1	t7_rep1	t8_rep1	t9_rep1	t10_rep1	t11_rep1	t12_rep1	t13_rep1	t14_rep1	t15_rep1	t16_rep1	t17_rep1	t18_rep1	t19_rep1	t20_rep1
G1	-0.128719314286	-0.116803314286	-0.0878132142857	-0.117681114286	0.0303612857143	0.106312685714	0.134660985714	0.0584367857143	0.181990785714	0.128369685714	0.113880885714	0.175816585714	0.157900485714	0.0661527857143	-0.0931766142857	-0.0924682142857	-0.107798514286	-0.140509314286	-0.0858531142857	-0.0740154142857	-0.109044814286
G2	-0.048113547619	-0.068178347619	-0.037137147619	-0.018288047619	-0.032689047619	-0.050383647619	0.067674252381	-0.020868147619	0.00811855238095	0.039561152381	0.033282052381	0.095514752381	0.097843952381	-0.033422147619	0.106244352381	-0.033781247619	-0.027588347619	0.024009652381	-0.039655047619	-0.00868984761905	-0.053454147619
G3	0.0364983857143	-0.0509341142857	-0.109269014286	-0.0803015142857	-0.120814614286	-0.00912151428571	0.101832285714	0.0917518857143	-0.0295535142857	0.0661064857143	0.0307771857143	0.101410085714	-0.0178169142857	0.113996085714	-0.00265421428571	0.114350785714	0.0194432857143	-0.0512459142857	-0.100228414286	-0.0138320142857	-0.0903947142857
G4	0.102370528571	-0.177327471429	-0.182055171429	-0.229686871429	-0.161388971429	-0.103765471429	-0.0739851714286	-0.0467086714286	-0.0717782714286	-0.110876471429	0.00387862857143	0.235452928571	0.216211928571	0.143427228571	0.139460128571	0.181718128571	0.0536261285714	-0.00561707142857	0.0315374285714	-0.00998807142857	0.0654946285714
G5	-0.018934747619	-0.134920847619	-0.092949447619	-0.012564047619	0.064510552381	0.121845252381	-0.036386647619	0.00428755238095	-0.047707647619	-0.00305464761905	0.00780255238095	0.00416315238095	0.019154252381	0.019776752381	0.051185752381	-0.029026947619	0.063609052381	0.00700765238095	-0.025250547619	0.047265052381	-0.00981204761905
G6	0.000488742857143	0.0137816428571	-0.0107177571429	0.0241863428571	-0.00352135714286	0.000684642857143	0.0138513428571	0.000822542857143	-0.00935005714286	-0.0115830571429	0.0120630428571	-0.00783795714286	0.00445224285714	-0.00740435714286	-0.00623425714286	-0.00653555714286	0.00853564285714	-0.0137567571429	-0.000895857142857	-0.00127335714286	0.000244142857143
G7	0.145416795238	0.0406484952381	-0.0489884047619	0.0713677952381	-0.0384332047619	-0.0415381047619	0.0544990952381	-0.0671348047619	0.0132283952381	0.0221895952381	0.0050996952381	0.0461202952381	-0.0062321047619	-0.0105462047619	-0.123324204762	0.0723184952381	-0.0213416047619	-0.0670587047619	-0.0283607047619	0.0402137952381	-0.0581444047619
G8	-0.0417546142857	-0.0972691142857	-0.157926114286	-0.0788635142857	0.0132890857143	-0.0303940142857	0.178556985714	0.0858945857143	0.0844353857143	0.118475285714	0.0310630857143	0.0836621857143	0.0631181857143	-0.000116714285714	0.000895985714286	-0.0245414142857	-0.0176694142857	-0.153145614286	-0.0494936142857	-0.0174052142857	0.00918858571429
G9	-0.0182771952381	-0.0225009952381	-0.0089846952381	0.0540137047619	0.0301238047619	0.0080263047619	0.0367385047619	0.0432487047619	0.0202811047619	0.0304774047619	0.0233670047619	0.0192812047619	-0.0187609952381	-0.0330495952381	-0.0201332952381	-0.0317258952381	-0.0222962952381	-0.0276831952381	-0.0060780952381	-0.0235561952381	-0.0325112952381
G10	0.176530061905	-0.0363942380952	-0.0832125380952	-0.139604138095	-0.191889938095	-0.162143538095	-0.174414038095	-0.196653038095	-0.183732538095	-0.174670038095	-0.139869838095	-0.0171390380952	0.0810965619048	0.101924561905	0.121417661905	0.0799381619048	0.167012261905	0.238711961905	0.210326261905	0.238038461905	0.0847269619048
G11	-0.0122651904762	-0.00674379047619	0.00511530952381	-0.00745959047619	-0.00572649047619	-0.00977719047619	-0.00284299047619	-0.0102291904762	0.00634830952381	-0.00553179047619	0.0270226095238	-0.0120018904762	-0.00548109047619	0.00741900952381	-0.00681969047619	-0.00178469047619	-0.0115666904762	0.0179818095238	0.0225002095238	0.00799980952381	0.00384320952381
G12	0.0381679380952	0.0527423380952	-0.0232447619048	-0.0136075619048	0.0499143380952	-0.000359461904762	-0.0416468619048	-0.0433572619048	0.0739393380952	-0.00508246190476	-0.117418961905	-0.0199238619048	0.0682439380952	-0.0186400619048	-0.0514156619048	-0.0378350619048	-0.0190387619048	0.0203622380952	-0.00394606190476	0.0234931380952	0.0686535380952
G13	0.00536064761905	-0.00964575238095	-0.00901365238095	-0.017450752381	-0.020824052381	-0.020378352381	-0.020812352381	-0.020876552381	-0.020555952381	-0.020281852381	-0.020920552381	0.010921447619	0.010540647619	0.030571547619	0.033967047619	0.011292347619	0.00457254761905	0.016583547619	0.00347114761905	0.055517247619	-0.00203835238095
G14	-0.0496028285714	0.0471531714286	0.00723967142857	0.0473140714286	0.0415103714286	0.0512521714286	0.0468348714286	0.0619354714286	0.0298482714286	0.0460323714286	0.0571914714286	-0.0113369285714	-0.0387554285714	-0.0371122285714	-0.0449034285714	-0.0434346285714	-0.0429008285714	-0.0417735285714	-0.0502499285714	-0.0287503285714	-0.0474918285714
G15	-0.00324209047619	-0.00388999047619	-0.00239949047619	-0.00521549047619	-0.00347359047619	0.00136060952381	-0.00434689047619	0.0169585095238	-0.00550509047619	0.00275920952381	-0.00600459047619	-0.00014129047619	-0.00060509047619	0.00153080952381	0.00349100952381	0.00321550952381	-0.00061779047619	-0.00082149047619	0.00618320952381	-0.00137019047619	0.00213420952381
G16	0.030359452381	0.048925452381	-0.011925547619	-0.042992847619	-0.011265347619	-0.033754947619	-0.059719047619	-0.045427847619	-0.051052547619	-0.031611347619	-0.034945047619	-0.010080847619	0.014174652381	0.00569855238095	0.082775152381	0.010686052381	0.012888452381	0.00138855238095	0.021802052381	0.046935352381	0.057141652381
G17	-0.0721588857143	0.0531607142857	0.0533301142857	-0.0570346857143	0.0970229142857	-0.0372961857143	-0.0572246857143	-0.00334848571429	-0.0382007857143	-0.0187356857143	-0.0242678857143	0.00444701428571	-0.00182698571429	0.0120923142857	0.0292752142857	-0.0341152857143	-0.0482442857143	0.0100172142857	0.0461552142857	0.00487631428571	0.0820768142857
G18	0.210676795238	0.181267695238	0.000509195238095	-0.130844704762	-0.186750404762	-0.243192304762	-0.248982404762	-0.215600004762	-0.228160504762	-0.239994004762	-0.224893604762	-0.0623112047619	0.0926959952381	0.0923615952381	0.117819495238	0.144834295238	0.249815795238	0.297752295238	0.155720895238	0.0863924952381	0.150882595238
G19	0.0414057761905	-0.0103524238095	-0.0198667238095	-0.0137632238095	-0.0261879238095	-0.0262740238095	-0.0287918238095	-0.0309079238095	-0.0263837238095	-0.0302477238095	-0.0302082238095	-0.0141380238095	0.0576592761905	0.0255354761905	0.0130859761905	0.0174977761905	0.0135132761905	-0.00229902380952	0.0171992761905	0.0473330761905	0.0261908761905
G20	-0.00453304761905	-0.00551994761905	0.00288945238095	-0.00451334761905	0.000339652380952	-0.00577004761905	0.000176252380952	-0.00455694761905	-0.00646254761905	0.000282452380952	-0.00538394761905	-0.00521474761905	-0.000580747619048	0.043365352381	-0.00134174761905	0.010259652381	-0.00417344761905	-0.00402094761905	-0.00115084761905	-0.00405064761905	-3.98476190476e-05
G21	-0.0131374666667	0.0104568333333	0.000982333333333	0.00154483333333	-0.00860576666667	0.0213129333333	0.00457183333333	0.0159111333333	0.0731927333333	0.0100702333333	0.00711403333333	-0.0133480666667	-0.0107866666667	-0.0170545666667	-0.00972306666667	-0.0287593666667	-0.0126234666667	0.00371573333333	-0.0349278666667	-0.000334566666667	0.000428233333333
G22	-0.167327142857	-0.0938699428571	0.0354105571429	0.143454857143	0.0806730571429	0.174980757143	0.251045057143	0.0774149571429	0.0536900571429	0.120571057143	0.257141057143	0.0587796571429	0.0361382571429	-0.127459942857	-0.0817952428571	-0.120467342857	-0.180775742857	-0.110552942857	-0.150968942857	-0.0683446428571	-0.187737442857
G23	-0.13546322381	-0.0971381238095	-0.14839662381	-0.19548882381	-0.12541182381	0.00822187619048	0.12208447619	0.19782437619	0.17252867619	0.22459817619	0.26933377619	0.24536407619	0.0500586761905	0.0597563761905	0.0381250761905	-0.0228495238095	-0.11116322381	-0.13130892381	-0.13113142381	-0.12391622381	-0.16562762381
G24	-0.1983918	-0.1692187	-0.1368303	-0.129019	-0.0015183	-0.0796479	-0.0014877	0.0727963	0.1142305	0.1043853	0.0847776	0.2562303	0.1423735	0.0627559	0.0995994	0.0678481	-0.0062049	-0.0680184	-0.024874	-0.1005502	-0.0892357
G25	-0.0218180238095	-0.0533558238095	-0.00251742380952	0.00845847619048	-0.0307606238095	-0.0658174238095	-0.0463616238095	0.00478177619048	0.13340287619	0.16540167619	0.14996157619	0.0241850761905	-0.0291636238095	-0.0562430238095	-0.0652584238095	0.00387227619048	-0.0547589238095	0.0226163761905	-0.00520712380952	-0.0183222238095	-0.0630958238095
G26	-0.00536907142857	0.0480045285714	-0.0737151714286	0.0769462285714	0.0269976285714	-0.00517097142857	0.0243494285714	-0.0114847714286	0.0282551285714	0.0550841285714	-0.0972979714286	0.0404588285714	-0.0502910714286	0.0336586285714	-0.0442752714286	0.0142715285714	-0.0238304714286	-0.00945437142857	-0.0122869714286	0.00252672857143	-0.0173766714286
G27	0.0175436095238	0.0285360095238	-0.0182443904762	0.00793500952381	-0.0228711904762	0.107438009524	0.0207173095238	-0.0112816904762	0.101564709524	-0.0425885904762	-0.108027890476	-0.0363697904762	0.0293133095238	0.00346690952381	0.00089750952381	0.0192227095238	-0.0890404904762	-0.0449345904762	0.0305743095238	-0.0422103904762	0.0483596095238
G28	0.0632365238095	-0.11036527619	-0.13303327619	-0.13421017619	-0.12724947619	-0.12919887619	-0.0944621761905	-0.12128467619	-0.0883763761905	-0.12160687619	-0.10762987619	0.00339522380952	0.13672042381	0.0681704238095	0.12083142381	0.19268652381	0.11738132381	0.0950291238095	0.14225102381	0.11213622381	0.11557882381
G29	-0.174116519048	-0.102344419048	-0.0635890190476	-0.0944247190476	-0.0481518190476	0.114011680952	0.282482480952	0.280651380952	0.287349380952	0.239107180952	0.299314780952	0.264169880952	0.0599022809524	-0.131467519048	-0.194428419048	-0.165159919048	-0.163320019048	-0.165702519048	-0.147966619048	-0.204194619048	-0.172122919048
G30	-0.0504191666667	-0.0138584666667	0.0378892333333	0.0305543333333	0.0866038333333	0.00586583333333	0.0244265333333	0.0364440333333	-0.0232283666667	-0.0310001666667	-0.0889090666667	-0.0501566666667	-0.0281963666667	0.0289497333333	0.00731213333333	-0.0101011666667	-0.00667506666667	0.0224833333333	0.0106637333333	-0.0231740666667	0.0345258333333
G31	0.0699781238095	0.0715956238095	0.0286573238095	-0.0191842761905	-0.00625967619048	-0.0250540761905	-0.0404453761905	-0.0130163761905	-0.00873707619048	-0.0235494761905	-0.0268976761905	-0.0446458761905	-0.0612251761905	-0.0351315761905	-0.0289698761905	0.0994687238095	-0.0177375761905	0.00926632380952	0.0544403238095	0.00965102380952	0.00779662380952
G32	-0.0124974857143	0.0109119142857	-0.00805428571429	0.00786461428571	0.00423081428571	0.00703541428571	-0.0123130857143	0.0414006142857	0.00856571428571	-0.00925278571429	0.000761214285714	-0.0161064857143	-0.0101185857143	-0.0152956857143	-0.00505928571429	-0.00538468571429	-0.0137309857143	0.0149760142857	0.0210593142857	-0.00512548571429	-0.00386678571429
G33	0.0359813190476	-0.0547295809524	-0.0361245809524	-0.0429518809524	-0.0538803809524	-0.0256477809524	0.0340856190476	0.00811641904762	0.0130974190476	0.138475219048	0.0609253190476	0.0655531190476	0.00343891904762	-0.00686758095238	-0.00770138095238	-0.0432638809524	-0.0279126809524	0.00982641904762	-0.0488043809524	-0.0165561809524	-0.00505948095238
G34	0.0163807857143	-0.0346706142857	-0.0126901142857	-0.0410725142857	0.0263088857143	0.00309808571429	-0.0160752142857	0.00302178571429	0.0290235857143	0.0225252857143	-0.00214001428571	-0.00956601428571	-0.0211536142857	0.00821048571429	-0.0261981142857	0.0327292857143	-0.0190298142857	0.0503658857143	-0.0118355142857	0.0165675857143	-0.0138001142857
G35	0.00619807142857	-0.0183078285714	-0.0426097285714	-0.131441828571	-0.0213472285714	-0.00939882857143	0.0573758714286	-0.00858162857143	0.00322547142857	-0.0601227285714	-0.0426506285714	0.0707758714286	-0.0220403285714	0.0722105714286	0.104710171429	-0.0314435285714	0.170610271429	-0.0665718285714	0.0463593714286	-0.0652653285714	-0.0116842285714
G36	-0.10169682381	0.0262932761905	-0.12042872381	0.0277970761905	-0.00135242380952	0.0974794761905	-0.0316438238095	0.0361891761905	0.00172637619048	0.0267642761905	0.0287446761905	0.0920996761905	-0.0671979238095	-0.0397046238095	0.0542953761905	-0.0289702238095	0.0275990761905	-0.0540114238095	-0.0320582238095	-0.0359923238095	0.0940680761905
G37	0.27494647619	0.31182287619	0.11750977619	-0.0788644238095	-0.22307992381	-0.30788902381	-0.32899392381	-0.35029772381	-0.29745982381	-0.32089922381	-0.36488082381	-0.18271582381	0.18801237619	0.11180417619	0.19205687619	0.17877567619	0.23248327619	0.18718707619	0.24136957619	0.20419577619	0.21491677619
G38	-0.0131821428571	0.0287825571429	-0.0186706428571	0.0165478571429	0.00159565714286	0.0230524571429	0.0290954571429	-0.00422624285714	0.0136430571429	0.0267521571429	-0.0142757428571	-0.0152797428571	-0.00741324285714	-0.0218109428571	-0.00274914285714	-0.0369331428571	0.000125257142857	0.000769757142857	0.0350105571429	-0.00356874285714	-0.0372650428571
G39	0.00526081904762	0.0126845190476	-0.00219528095238	-0.0111567809524	-0.0288290809524	-0.00527228095238	0.00617491904762	-0.0110202809524	0.0191161190476	0.00769481904762	-0.00476138095238	0.0149726190476	-0.00599548095238	0.0223065190476	0.00154151904762	-0.00971768095238	-0.00629828095238	-0.0139447809524	0.0281496190476	-0.0235977809524	0.00488761904762
G40	-0.0349980142857	0.0456952857143	-0.0319015142857	-0.000157714285714	-0.0703356142857	0.0643204857143	-0.0612278142857	-0.0163658142857	0.0372381857143	-0.0475732142857	0.0727761857143	0.0415432857143	0.0186588857143	0.0111579857143	-0.148028614286	-0.00566471428571	-0.0331024142857	0.0460889857143	-0.0380537142857	0.00400438571429	0.145925485714
G41	-0.112433366667	0.108761633333	0.145861733333	0.175038633333	0.170555833333	0.0916917333333	0.111620933333	0.157401233333	0.174411433333	0.143172133333	0.128181033333	-0.0501316666667	-0.121626266667	-0.152400666667	-0.135149766667	-0.142936566667	-0.151200666667	-0.127798966667	-0.131015066667	-0.144668866667	-0.137334466667
G42	-0.0236274095238	-0.103830709524	0.0278664904762	-0.0361437095238	0.0202071904762	-0.0382604095238	0.0813410904762	0.0610943904762	0.0169152904762	0.0332899904762	-0.0547723095238	0.0111298904762	-0.0463155095238	-0.0900247095238	0.00615019047619	0.0242597904762	-0.00843720952381	0.133034990476	0.0256040904762	-0.0596285095238	0.0201470904762
G43	0.13246507619	-0.0740639238095	-0.15639692381	-0.0677069238095	-0.15625892381	-0.17829162381	-0.15038272381	-0.17001452381	-0.0617134238095	-0.10716962381	-0.12169332381	0.14499027619	0.15037397619	0.0930871761905	0.17275307619	0.0977631761905	0.20652057619	0.0161607761905	0.0925468761905	0.14836997619	-0.0113390238095
G44	0.0522162904762	0.0357130904762	0.0598510904762	0.0657337904762	0.0501055904762	-0.0662161095238	-0.0287525095238	0.0217732904762	0.00177459047619	-0.0633186095238	-0.145702709524	-0.181443909524	-0.0432472095238	-0.0177620095238	0.0111942904762	0.0214054904762	0.0818663904762	0.0547386904762	0.0180978904762	0.00425289047619	0.0677196904762
G45	0.106030685714	-0.0516452142857	0.0971443857143	-0.0147482142857	0.0333882857143	-0.00398091428571	0.0241040857143	0.0793421857143	-0.0752956142857	-0.0284515142857	0.00997208571429	-0.125150014286	-0.0834106142857	0.00353138571429	-0.0210877142857	0.0811127857143	0.0709516857143	0.0410894857143	-0.105604914286	-0.0276436142857	-0.00964871428571
G46	0.210713585714	-0.204371214286	-0.265316314286	-0.268871214286	-0.262458414286	-0.267987614286	-0.272465614286	-0.279335714286	-0.278076514286	-0.299870814286	-0.251902114286	0.208282785714	0.287440585714	0.243750585714	0.343778985714	0.147061385714	0.224751285714	0.279724285714	0.264028985714	0.214180085714	0.226942985714
G47	0.107281980952	0.190329980952	0.0576353809524	0.00468128095238	-0.0661970190476	-0.220805819048	-0.286202719048	-0.323157119048	-0.293427519048	-0.322896619048	-0.330176519048	-0.199966419048	0.0863360809524	0.242690380952	0.167929980952	0.185111180952	0.105166180952	0.112012480952	0.293588880952	0.170491880952	0.319574080952
G48	0.204756152381	0.097732752381	0.063927852381	-0.023627247619	-0.044692247619	-0.117566147619	-0.260554047619	-0.297838547619	-0.313498147619	-0.293447147619	-0.312569747619	-0.265230847619	-0.124718747619	0.094071052381	0.179744752381	0.147049152381	0.185884152381	0.264663152381	0.290410152381	0.249083752381	0.276419952381
G49	0.116751590476	0.116751690476	-0.0835050095238	-0.152305209524	-0.176759609524	-0.152873909524	-0.145009909524	-0.137615809524	-0.0667598095238	-0.121687709524	-0.130427809524	-0.112360809524	-0.0328985095238	0.145758490476	0.125895990476	0.00505199047619	0.101640890476	0.0683199904762	0.221417490476	0.133025390476	0.277590590476
G50	0.0529037619048	-0.0314239380952	-0.0159297380952	0.0475260619048	0.00409326190476	0.0182005619048	0.0425729619048	0.0618984619048	0.0454474619048	-0.00101533809524	0.0280769619048	-0.0191567380952	0.00315196190476	-0.0395065380952	-0.0276293380952	-0.0598676380952	0.0161388619048	0.00599586190476	-0.0376142380952	-0.0580147380952	-0.0358479380952
G51	0.161774733333	0.185510333333	-0.00884616666667	-0.166172466667	-0.153073666667	-0.190612166667	-0.209230666667	-0.138806966667	-0.173390666667	-0.0844065666667	-0.124818666667	-0.0658087666667	0.00792383333333	0.0802296333333	0.0738593333333	0.192489033333	0.0556882333333	0.110471733333	0.141222333333	0.139948133333	0.166049433333
G52	0.224001595238	0.224745495238	0.0729545952381	-0.0678598047619	-0.214952404762	-0.239804104762	-0.304406204762	-0.229477904762	-0.229947904762	-0.272054304762	-0.281986704762	-0.0355489047619	0.0523025952381	0.0230807952381	0.163502595238	0.196188495238	0.140504095238	0.210190195238	0.167528695238	0.203216495238	0.197822595238
G53	0.179818880952	0.127260080952	-0.0692999190476	-0.0919068190476	-0.0393929190476	-0.0696394190476	-0.130039519048	-0.0962226190476	-0.0993996190476	-0.00780831904762	-0.117650519048	-0.177371719048	-0.0663258190476	0.0417353809524	0.108625480952	0.0282236809524	0.0718874809524	0.0951505809524	0.106358280952	0.105762680952	0.100234680952
G54	-0.0805118619048	-0.0826198619048	-0.0583036619048	-0.0395636619048	-0.0717062619048	-0.0345002619048	-0.0146160619048	-0.0604982619048	0.0649159380952	-0.0413214619048	-0.0285968619048	0.0630006380952	0.0300346380952	0.0768352380952	0.0724433380952	0.0400954380952	0.0397040380952	0.0385757380952	0.0331612380952	0.0771979380952	-0.0237259619048
G55	0.00682532380952	0.0143428238095	0.0574224238095	-0.0219479761905	0.0676882238095	-0.0550564761905	-0.00925527619048	-0.0690986761905	-0.0479500761905	-0.00924357619048	-0.00917637619048	0.10901872381	0.0501459238095	-0.0606309761905	-0.0183356761905	-0.0117814761905	-0.0164781761905	-0.0335023761905	-0.0645025761905	0.0676070238095	0.0539092238095
G56	-0.0166588571429	-0.000381157142857	0.0720917428571	0.0124454428571	0.207182742857	0.229287342857	0.163521142857	0.170562842857	0.0815722428571	0.196057942857	0.248007142857	0.124636842857	-0.150163257143	-0.150377757143	-0.126249957143	-0.0753852571429	-0.169857157143	-0.231291357143	-0.205799157143	-0.240676857143	-0.138524657143
G57	-0.269102785714	-0.0187810857143	0.0834779142857	0.293981014286	0.206851514286	0.181055914286	0.161340214286	0.0975654142857	0.0919861142857	0.256233114286	0.225022714286	0.210287314286	-0.0676813857143	-0.138996085714	-0.0698039857143	-0.164026385714	-0.183313185714	-0.226743585714	-0.211882885714	-0.298988485714	-0.158481385714
G58	-0.0699709047619	0.0141191952381	0.000352795238095	0.112228895238	0.0260186952381	0.0093203952381	0.241349095238	0.123754895238	0.0921631952381	0.0445927952381	0.0642849952381	0.0526653952381	-0.0691491047619	-0.100484004762	-0.0923846047619	-0.0586299047619	-0.0279787047619	-0.0869106047619	-0.0509026047619	-0.123849004762	-0.100590904762
G59	0.00235642380952	-0.00931107619048	-0.0416582761905	-0.0234552761905	-0.0162573761905	-0.0357926761905	-0.0449188761905	0.00488662380952	0.0195236238095	-0.0110067761905	-0.0246341761905	0.0408140238095	0.0339826238095	0.0266101238095	-0.00947337619048	-0.0116129761905	0.0181044238095	0.0157902238095	0.0125720238095	0.0378211238095	0.0156596238095
G60	0.00837250952381	-0.0680407904762	-0.0821126904762	-0.130910190476	-0.123808690476	-0.120878790476	-0.0900781904762	-0.0915911904762	-0.0412465904762	-0.0914340904762	-0.0458397904762	0.0164039095238	0.174153009524	0.0871770095238	0.142395409524	0.0638560095238	0.0689492095238	0.107252609524	0.0845096095238	0.0716379095238	0.0612338095238
G61	-0.0160904428571	-0.0176039428571	-0.0219917428571	-0.0229718428571	-0.0166754428571	-0.0151356428571	-0.0202221428571	0.00823695714286	-0.00975754285714	-0.00560564285714	-0.0126373428571	0.0890936571429	0.0803677571429	0.0369727571429	0.0196845571429	-0.0219194428571	-0.00806724285714	-0.00467524285714	-0.0115085428571	-0.0146456428571	-0.0148478428571
G62	-0.0521358142857	-0.0783004142857	-0.0317462142857	-0.120613114286	0.0735587857143	0.0242376857143	0.158116285714	0.0541135857143	0.153710985714	0.194014885714	0.168465585714	0.0965341857143	-0.0525723142857	-0.133422714286	-0.0508429142857	-0.0396263142857	-0.0258061142857	-0.0752412142857	-0.0587557142857	-0.112125514286	-0.0915636142857
G63	-0.0412341571429	0.0989490428571	0.0106005428571	-0.0911081571429	-0.0136111571429	0.0282140428571	-0.0285034571429	0.0150876428571	-0.118766157143	-0.0499603571429	0.107252642857	-0.0181929571429	0.0155720428571	-0.0729404571429	-0.0396939571429	-0.0183895571429	0.108355642857	0.0682515428571	-0.0273769571429	-0.00656095714286	0.0740551428571
G64	0.083184247619	-0.105269652381	-0.131032652381	-0.115807852381	-0.068930452381	-0.140181752381	-0.075598552381	-0.022416252381	-0.084847452381	-0.091113152381	-0.071833952381	0.107259147619	0.072048447619	0.018551147619	0.028534447619	0.109704047619	0.107182547619	0.077363647619	0.144788847619	0.068634747619	0.089780447619
G65	0.104800957143	0.0273617571429	-0.0862104428571	-0.0432096428571	-0.0108536428571	-0.00841864285714	0.108797457143	0.0208450571429	0.0358616571429	0.00454585714286	-0.0476100428571	-0.0651807428571	-0.0647431428571	-0.0978372428571	0.127439057143	0.0624887571429	0.00671275714286	-0.0129971428571	-0.00331774285714	0.00994885714286	-0.0684237428571
G66	-0.0791080238095	0.0703749761905	0.00431607619048	-0.0143107238095	0.0166412761905	-0.0121966238095	0.0123520761905	0.0198795761905	-0.0437533238095	0.0507317761905	0.0511254761905	0.0177017761905	-0.0482052238095	0.0170233761905	0.0972500761905	0.00239467619048	-0.0673111238095	-0.00715712380952	-0.0254177238095	0.00157257619048	-0.0639038238095
G67	0.0115646095238	-0.00359499047619	-0.0448479904762	-0.106707690476	-0.0476470904762	-0.0575071904762	-0.00300479047619	-0.0301776904762	-0.00083899047619	-0.0166673904762	-0.00756469047619	0.292353509524	0.0974336095238	-0.0128625904762	0.0196543095238	0.0378972095238	-0.0109353904762	0.0467323095238	0.00077160952381	-0.0193123904762	-0.144738290476
G68	-0.113272495238	-0.0474988952381	-0.0156721952381	-0.0124930952381	-0.0830145952381	-0.0788664952381	-0.0351299952381	0.0879596047619	0.0760489047619	0.0948244047619	0.0414295047619	0.182071404762	0.127960304762	0.106613804762	-0.0097567952381	0.0551024047619	-0.0714723952381	0.0084670047619	-0.101828995238	-0.0893122952381	-0.122159095238
G69	0.19704617619	0.0936605761905	0.20648317619	0.0669713761905	0.0211941761905	-0.0831407238095	-0.18590922381	-0.25101502381	-0.24810352381	-0.22157542381	-0.23620902381	-0.18801832381	-0.14137352381	-0.0439795238095	0.14007467619	0.10914327619	0.20408847619	0.11211817619	0.24448357619	0.0966492761905	0.10741137619
G70	0.0120794428571	-0.0102675571429	-0.0119728571429	-0.0119703571429	-0.0119604571429	-0.0116502571429	-0.0116333571429	-0.0119395571429	-0.0119728571429	-0.0119505571429	-0.0119408571429	-0.00194235714286	0.0222853428571	0.0106956428571	0.0223456428571	0.0258836428571	0.000553942857143	-0.00393505714286	7.78428571429e-05	0.00451544285714	0.0246991428571
G71	-0.128214233333	-0.173747533333	-0.183189733333	-0.0927365333333	-0.0700670333333	0.0736065666667	0.142182666667	0.274472666667	0.324572866667	0.286955466667	0.253084066667	0.265677066667	0.0642082666667	-0.0664944333333	-0.144085533333	-0.159327833333	-0.168436433333	-0.127437433333	-0.122085033333	-0.148086733333	-0.100851133333
G72	-0.070755852381	-0.087376452381	-0.081697952381	-0.084042952381	-0.079348252381	-0.022172652381	0.023722147619	0.107972347619	0.076318147619	0.085706447619	0.092267147619	0.456129647619	0.075454047619	-0.012308752381	-0.066934552381	-0.080965152381	-0.071428352381	-0.047557252381	-0.068927652381	-0.067835152381	-0.076218952381
G73	-0.119287914286	-0.103561714286	-0.115512614286	-0.112803514286	-0.100166614286	0.0172240857143	0.0390418857143	0.170710385714	0.312799285714	0.272561085714	0.200551685714	0.314255885714	0.0255568857143	-0.0209981142857	-0.106900114286	-0.0956944142857	-0.115509614286	-0.128743514286	-0.132766514286	-0.0961332142857	-0.104623314286
G74	-0.185481228571	-0.212922228571	-0.200786528571	-0.176688628571	-0.0678476285714	0.0388842714286	0.231590871429	0.197156271429	0.153041171429	0.296403471429	0.284715171429	0.393476171429	0.310578071429	0.0700984714286	-0.0447136285714	-0.129971728571	-0.170377228571	-0.172934628571	-0.201170328571	-0.214487728571	-0.198562428571
G75	-0.146278104762	-0.0796569047619	-0.0205560047619	-0.0307189047619	0.0105193952381	0.0735398952381	0.0661837952381	0.223447695238	0.0967832952381	0.0495248952381	0.103197795238	-0.0220863047619	0.133807795238	-0.0099017047619	-0.0724356047619	-0.103042504762	-0.161269004762	-0.105785304762	-0.0183828047619	0.0053944952381	0.0077140952381
G76	0.326341709524	0.0603788095238	-0.0302422904762	-0.0943224904762	-0.168575290476	-0.167113390476	-0.143367790476	-0.176411590476	-0.175324390476	-0.202337890476	-0.0959550904762	-0.0951067904762	-0.189094690476	-0.101381590476	-0.0295894904762	0.0847234095238	0.147604209524	0.308595309524	0.168787209524	0.350023509524	0.222368609524
G77	-0.101121380952	-0.101510880952	-0.0961000809524	-0.100336180952	-0.102721580952	-0.0976582809524	0.00567471904762	-0.0103449809524	0.00510991904762	0.0657842190476	0.154488219048	0.245532819048	0.235855519048	0.226024619048	0.0885806190476	-0.0263288809524	-0.0737763809524	-0.0528505809524	-0.0833119809524	-0.0946050809524	-0.0863843809524
G78	-0.00804280952381	-0.0215264095238	-0.0297430095238	0.0242639904762	0.00363999047619	-0.0178555095238	-0.0348969095238	0.00222629047619	0.0131865904762	-0.0343565095238	0.0205549904762	0.0223798904762	-0.00325550952381	-0.00612340952381	0.0210131904762	0.00551609047619	0.00321089047619	0.0238087904762	0.00775609047619	0.00712519047619	0.00111809047619
G79	0.00555797142857	-0.0221196285714	-0.0149285285714	-0.0206843285714	-0.0388239285714	-0.0116792285714	-0.0159338285714	-0.0453860285714	0.0746621714286	0.0661832714286	0.00689827142857	0.0279965714286	0.00466727142857	-0.0289175285714	0.0222851714286	-0.00559272857143	0.0142998714286	0.0230814714286	-0.0168460285714	-0.0157621285714	-0.00895812857143
G80	-0.00250226190476	-0.0155542619048	-0.0156034619048	-0.0141972619048	-0.0117780619048	-0.0150045619048	-0.0153786619048	-0.0156063619048	-0.0156063619048	0.000797638095238	-0.0102524619048	0.00688023809524	0.000848738095238	0.00335113809524	-0.00575956190476	0.0291704380952	0.0223882380952	0.0298792380952	0.0134171380952	0.0147579380952	0.0157525380952
G81	-0.171548357143	0.0963903428571	0.0521095428571	0.0704392428571	-0.00897025714286	0.0932473428571	-0.00828095714286	0.0107828428571	0.0689232428571	0.0904729428571	0.0534630428571	-0.00466295714286	-0.0226209571429	-0.0605939571429	-0.0914355571429	-0.0222500571429	-0.0866476571429	0.0130014428571	-0.112360257143	-0.0644534571429	0.104994442857
G82	-0.011390947619	0.035539552381	0.061535652381	0.024346552381	-0.00748254761905	-0.038780547619	0.025256852381	0.00829755238095	0.035886152381	0.027670552381	0.077343052381	-0.030419647619	-0.00767244761905	-0.058543647619	-0.018497947619	-0.039135747619	-0.023271347619	-0.040133147619	0.036762652381	-0.060763847619	0.00345325238095
G83	0.125360990476	-0.00850390952381	0.0737641904762	-0.0373825095238	0.00837279047619	0.0339470904762	0.0355868904762	0.0646179904762	-0.0111981095238	-0.0991206095238	-0.0546832095238	0.0312566904762	0.0930513904762	-0.0563433095238	-0.137632509524	-0.112712809524	-0.0377119095238	-0.00831640952381	0.0434071904762	0.0418545904762	0.0123854904762
G84	-0.0984440333333	-0.0122531333333	0.0253285666667	0.0803425666667	0.0944782666667	0.0694968666667	0.0542819666667	0.102450766667	0.0792453666667	0.127963866667	0.0929010666667	-0.000118633333333	-0.0852578333333	-0.0356494333333	-0.0743805333333	-0.00995023333333	-0.0734173333333	-0.108041833333	-0.0464694333333	-0.0776828333333	-0.104824033333
G85	0.0169784761905	-0.0728259238095	-0.0943103238095	0.0205614761905	0.0375638761905	0.0532890761905	-0.0326919238095	-0.0685016238095	0.0470482761905	0.0262633761905	0.0620011761905	0.0448352761905	-0.0267769238095	0.0127775761905	-0.0114745238095	-0.0386131238095	-0.0104920238095	-0.0612522238095	0.0118669761905	0.0508960761905	0.0328569761905
G86	0.0609626095238	-0.0416447904762	-0.0819202904762	-0.0829656904762	-0.0750693904762	-0.0439656904762	-0.0775019904762	-0.0367316904762	-0.0416218904762	-0.0778872904762	-0.0746555904762	0.0678950095238	0.115225109524	0.118096309524	0.0714885095238	0.0367963095238	0.0432548095238	0.0602447095238	0.00199130952381	0.0417218095238	0.0162878095238
G87	-0.017141047619	-0.014439947619	0.00947255238095	0.00939215238095	0.00524815238095	-0.020810147619	0.023869452381	0.00202625238095	-0.054445947619	-0.019125447619	-0.022474447619	0.022680452381	0.012395752381	0.040531352381	0.00804055238095	-0.015387847619	-0.015579847619	0.020425352381	-0.00221114761905	0.020989052381	0.00654475238095
G88	0.000888614285714	0.00126161428571	-0.0331595857143	-0.0140582857143	-0.00343898571429	0.0113490142857	-0.0188996857143	-0.0274553857143	0.000519214285714	-0.00241148571429	0.00310031428571	-0.0284164857143	-0.00239038571429	-0.000589485714286	-0.0219845857143	0.0296298142857	0.0266091142857	0.000813814285714	0.0928193142857	0.000752914285714	-0.0149393857143
G89	-0.3017359	-0.0670977	0.0231585	0.097091	0.0087432	0.03916	0.0985678	0.1830611	0.2115276	0.2320423	0.2615108	0.2983347	0.2822022	0.2319578	0.0094469	-0.1751145	-0.2418855	-0.2760328	-0.2888395	-0.3169903	-0.3091077
G90	-0.0148717380952	-0.000155538095238	0.0280354619048	-0.0119179380952	-0.0650360380952	-0.118145238095	0.0645201619048	0.0429900619048	0.00865246190476	-0.0704460380952	-0.00932103809524	-0.0317813380952	-0.0450618380952	0.00587996190476	0.0462107619048	0.0496131619048	-0.0234300380952	0.00805956190476	0.0126808619048	0.0377648619048	0.0857594619048
G91	0.0117546	0.0166126	-0.0127704	-0.1034196	-0.0550077	-0.0014547	-0.0678496	0.0223853	0.0703933	0.0702276	0.0716744	0.1135424	-0.0089537	0.0148967	-0.0606878	-0.0178073	-0.0436198	-0.0216808	0.0586645	-0.0496364	-0.0072636
G92	0.00687778095238	0.0309123809524	0.0183892809524	-0.0407193190476	0.0440097809524	0.0483389809524	0.0400574809524	0.109128680952	-0.0134551190476	0.000568580952381	-0.111866619048	0.0215694809524	-0.0443185190476	0.00885628095238	-0.0170712190476	0.0517635809524	-0.0424482190476	-0.0817512190476	-0.0476944190476	-0.0369036190476	0.0557559809524
G93	0.0549789571429	-0.0290439428571	-0.0383153428571	-0.0279662428571	0.0439973571429	0.0348352571429	0.00773265714286	-0.00340104285714	0.0924853571429	0.0216293571429	0.0345899571429	-0.0555747428571	0.0334630571429	0.0623939571429	0.0365911571429	-0.151454042857	0.0502423571429	-0.0284522428571	-0.0331076428571	-0.0973429428571	-0.00828124285714
G94	-0.0395797333333	0.0999739666667	0.0704399666667	0.0234254666667	0.0834715666667	0.0437289666667	0.0396124666667	-0.0441637333333	-0.112151233333	0.0113506666667	-0.00742753333333	-0.0122787333333	-0.00697343333333	-0.00863303333333	-0.0937199333333	-0.00566113333333	-0.0119563333333	0.0384483666667	0.0455161666667	-0.0576715333333	-0.0557512333333
G95	-0.0332143857143	0.115707514286	-0.0257154857143	0.0632154142857	0.152951914286	0.0678129142857	0.0468455142857	-0.0323292857143	-0.0536123857143	0.131070614286	0.114612914286	0.00588331428571	-0.0476384857143	-0.0817701857143	-0.0210010857143	-0.0696823857143	-0.0234939857143	-0.0736527857143	-0.0366667857143	-0.149823485714	-0.0494993857143
G96	-0.000317466666667	0.0627888333333	0.0355455333333	0.00885733333333	-0.0966425666667	0.0325926333333	-0.00714456666667	-0.0541841666667	-0.0645597666667	-0.0213033666667	0.0617820333333	0.0693150333333	0.0410877333333	-0.111336866667	-0.0466401666667	-0.0316056666667	-0.0515377666667	0.0111357333333	0.0997638333333	-0.0439895666667	0.106393233333
G97	-0.0480820142857	-0.0113511142857	0.0332968857143	-0.0457678142857	0.0740838857143	-0.0264611142857	0.000425885714286	0.0565230857143	0.0439779857143	0.0152595857143	0.0240520857143	-0.0715640142857	0.0280231857143	0.00361108571429	0.0339296857143	-0.0402645142857	-0.0283739142857	0.000831085714286	-0.0126674142857	-0.0569954142857	0.0275128857143
G98	0.0169629809524	-0.0692092190476	0.00385148095238	0.0626484809524	-0.0510445190476	0.0117580809524	0.101907980952	-0.0235483190476	0.139215480952	-0.0831780190476	0.0485164809524	0.0313511809524	0.00515678095238	-0.0480167190476	0.00834398095238	-0.0615223190476	-0.0308919190476	-0.0579172190476	-0.0309504190476	0.0450835809524	-0.0185178190476
G99	-0.0441717	-0.0273808	0.0886614	0.1221283	-0.0116313	0.1087704	-0.0951204	0.1183625	-0.0262011	0.096164	0.1051769	0.0642755	0.0178684	-0.0254437	-0.0670099	-0.0496037	-0.1258802	-0.0767288	-0.0748887	-0.0485708	-0.0487763
G100	-0.0448656428571	0.00629395714286	0.0647822571429	-0.0633696428571	-0.0777631428571	-0.0151992428571	-0.0849282428571	0.0274115571429	0.0853234571429	-0.0337287428571	0.0452961571429	-0.0333783428571	0.00865275714286	-0.0366406428571	0.0973484571429	0.0761375571429	0.0909370571429	0.0258075571429	-0.0128126428571	-0.0730508428571	-0.0522536428571
