row	hyper	r2	mse	sse	n	df	DW:Lag1	dual_gap	time
0	(0.001, 0.30000000000000004)	0.8807600619159173	0.0017208465711305815	0.3269608485148105	190	74	1.7247908103243512	0.00020683080607253324	0.008
1	(0.001, 0.30000000000000004)	0.6443112607946124	0.0009054314742177465	0.17203198010137183	190	54	1.9722509866750335	1.8921653333114907e-05	0.004
2	(0.001, 0.30000000000000004)	0.7507520415545833	0.0011974674082796484	0.2275188075731332	190	61	2.069766986532109	4.264457395333765e-05	0.006
3	(0.001, 0.30000000000000004)	0.7757109787823828	0.001896128186609457	0.3602643554557968	190	70	2.197272067340683	0.00012451300247962038	0.005
4	(0.001, 0.30000000000000004)	0.7611672356236273	0.0018267244558627569	0.3470776466139238	190	70	2.3401359437105635	9.668122882527941e-05	0.008
5	(0.001, 0.30000000000000004)	0.1763257610403518	0.0003163048123577619	0.06009791434797476	190	12	2.0764960535530825	6.284898152048024e-07	0.003
6	(0.001, 0.30000000000000004)	0.7147584599914958	0.001624133380013308	0.30858534220252853	190	72	1.9035447910200425	5.2164338060212145e-05	0.008
7	(0.001, 0.30000000000000004)	0.7769964926881394	0.0014774290748163828	0.28071152421511275	190	62	1.8194052215696852	0.00011555071059599076	0.006
8	(0.001, 0.30000000000000004)	0.8258444368626219	0.0006785686329994473	0.128928040269895	190	39	1.9901376428578565	7.13112002672378e-05	0.004
9	(0.001, 0.30000000000000004)	0.894624766457616	0.0017304914132512585	0.3287933685177391	190	67	2.1130507534209095	0.00029975769641565897	0.006
10	(0.001, 0.30000000000000004)	0.32917674143356523	0.00020956545616607306	0.03981743667155388	190	17	1.816512004011869	1.8502497294708986e-07	0.004
11	(0.001, 0.30000000000000004)	0.7323698844705726	0.0014514906147534584	0.2757832168031571	190	62	1.948520916684647	5.9660961927054945e-05	0.007
12	(0.001, 0.30000000000000004)	0.17145862162228898	0.00018993711201197545	0.03608805128227534	190	15	1.9646213701177246	2.0075654585255398e-07	0.004
13	(0.001, 0.30000000000000004)	0.6858489716030882	0.0006263736588557167	0.11901099518258618	190	42	1.9635269929904413	2.0053032178557473e-05	0.005
14	(0.001, 0.30000000000000004)	0.5833621796726896	0.0003965566009982098	0.07534575418965986	190	19	1.9639704951083645	4.664986512636915e-06	0.005
15	(0.001, 0.30000000000000004)	0.8963603614038819	0.001534214602154509	0.29150077440935673	190	77	1.6362917234555834	0.00024215380644382334	0.006
16	(0.001, 0.30000000000000004)	0.7898277224066825	0.001541471739815863	0.292879630565014	190	62	1.9678873372504155	0.00013424052876115367	0.005
17	(0.001, 0.30000000000000004)	0.89753853056623	0.0015572837019921083	0.29588390337850057	190	68	2.110749611967799	0.00024254181545885212	0.006
18	(0.001, 0.30000000000000004)	0.8578190824652803	0.0005670514021425681	0.10773976640708795	190	36	2.0203607210257095	2.868647309640926e-05	0.005
19	(0.001, 0.30000000000000004)	0.790271944228877	0.0004783740564203769	0.09089107071987161	190	28	1.9065468220844684	6.744587089643761e-06	0.004
20	(0.001, 0.30000000000000004)	0.8939757916847497	0.0016051408728995874	0.3049767658509216	190	59	1.8525952603801377	0.00020338322509599882	0.008
21	(0.001, 0.30000000000000004)	0.7930654165048986	0.001370356420057191	0.26036771981086626	190	59	1.6583855364900397	0.00011640637967008649	0.006
22	(0.001, 0.30000000000000004)	0.9194445860791755	0.0016197626547284098	0.30775490439839787	190	66	1.8004968320199704	0.0002898612979460591	0.005
23	(0.001, 0.30000000000000004)	0.9255627620258389	0.001551928397765232	0.29486639557539407	190	72	2.039103207172788	0.0003684175077512397	0.006
24	(0.001, 0.30000000000000004)	0.7624030786357257	0.0013606446963338	0.258522492303422	190	57	1.7419292911651671	9.650070415773149e-05	0.005
25	(0.001, 0.30000000000000004)	0.8647792192210157	0.001882786326331497	0.3577294020029844	190	84	1.9524203660233412	0.00021947671359401344	0.006
26	(0.001, 0.30000000000000004)	0.7821431624685758	0.0019189484275259046	0.36460020122992187	190	66	2.192596029626339	0.00011895428702923816	0.006
27	(0.001, 0.30000000000000004)	0.8424733684977557	0.0015432929295772504	0.2932256566196776	190	64	2.035570180568323	0.00013082447268175645	0.008
28	(0.001, 0.30000000000000004)	0.9177404792518814	0.0017975697286722963	0.3415382484477363	190	77	2.009069766153488	0.00024274285657327477	0.013
29	(0.001, 0.30000000000000004)	0.8022353746189311	0.0017849461113197513	0.3391397611507527	190	77	1.7977507586408146	0.00011128077668476344	0.007
30	(0.001, 0.30000000000000004)	0.8009013430977997	0.0012804622496419352	0.24328782743196767	190	52	1.8472408241600686	6.0874433128355054e-05	0.005
31	(0.001, 0.30000000000000004)	0.3342874737632804	0.0001873780923595405	0.03560183754831269	190	15	2.050106746291071	2.2523416538799967e-07	0.005
32	(0.001, 0.30000000000000004)	0.5827327076957745	0.0008756344800864703	0.16637055121642935	190	51	2.075197879616915	2.6577610954536812e-05	0.005
33	(0.001, 0.30000000000000004)	0.8384197214029859	0.0009760460922993539	0.18544875753687723	190	50	1.9344143330076318	7.71184301194272e-05	0.005
34	(0.001, 0.30000000000000004)	0.7233681490036405	0.0014716350578952795	0.2796106610001031	190	62	1.9538221120426067	5.525849527876492e-05	0.005
35	(0.001, 0.30000000000000004)	0.9368785898314318	0.0029372681269797967	0.5580809441261614	190	92	1.858233307321055	0.0007994850946921872	0.011
36	(0.001, 0.30000000000000004)	0.9476850071555424	0.0028686661309649847	0.5450465648833471	190	93	1.9292383600122687	0.0010159121095574264	0.027
37	(0.001, 0.30000000000000004)	0.6143105570218705	0.0005534131838234444	0.10514850492645444	190	39	2.0295814123019142	1.2921829586023947e-05	0.004
38	(0.001, 0.30000000000000004)	0.8756256270135345	0.0013762863509670575	0.2614944066837409	190	61	1.9117502129124058	0.0001549434037919628	0.007
39	(0.001, 0.30000000000000004)	0.7205847975646119	0.0013367586070306345	0.25398413533582054	190	69	2.152099250606247	5.4547914551117405e-05	0.006
40	(0.001, 0.30000000000000004)	0.8905035160850014	0.0011239398246754154	0.21354856668832894	190	54	2.118488172681479	0.00014818563810553576	0.004
41	(0.001, 0.30000000000000004)	0.853309046586802	0.0018325955834340088	0.34819316085246166	190	75	2.0027160335763408	0.00016159740600069084	0.007
42	(0.001, 0.30000000000000004)	0.8764257644648188	0.00269922379847076	0.5128525217094444	190	85	2.025042161388078	0.00034366946025132794	0.008
43	(0.001, 0.30000000000000004)	0.8814032669884505	0.001516197260010572	0.2880774794020087	190	69	1.821579293349875	0.00010493137776046435	0.005
44	(0.001, 0.30000000000000004)	0.726021016009929	0.0014741231550849242	0.2800833994661356	190	59	2.078502393960189	5.715901418396063e-05	0.007
45	(0.001, 0.30000000000000004)	0.9202783814845173	0.002621964761773956	0.4981733047370517	190	82	2.0294160280110036	0.00045632591998290284	0.015
46	(0.001, 0.30000000000000004)	0.9024832968471878	0.0023061177932048563	0.43816238070892266	190	81	2.157996972280775	0.00038374516050643237	0.008
47	(0.001, 0.30000000000000004)	0.9112909135427165	0.0018674761041089268	0.3548204597806961	190	76	2.0820456263646925	0.00039052079319823463	0.01
48	(0.001, 0.30000000000000004)	0.8713017044430489	0.0018459301842251414	0.35072673500277685	190	58	2.0886119505310203	0.0001718095994734936	0.005
49	(0.001, 0.30000000000000004)	0.8544897278034743	0.0011201072760605659	0.21282038245150753	190	52	1.9142141059026163	6.726976420823316e-05	0.007
50	(0.001, 0.30000000000000004)	0.9034525261295393	0.001831544704369073	0.3479934938301239	190	64	1.9755717327604487	0.00017472619686170754	0.009
51	(0.001, 0.30000000000000004)	0.8654854494441481	0.002051624332530368	0.3898086231807699	190	78	1.9978684768399926	0.00015604697505822163	0.013
52	(0.001, 0.30000000000000004)	0.8747885246148476	0.0014272480479399481	0.27117712910859015	190	64	2.0028324290065043	0.00020449114915782607	0.011
53	(0.001, 0.30000000000000004)	0.6574496674732522	0.0009115166062711846	0.17318815519152508	190	53	1.9462288242581856	2.924172029664107e-05	0.005
54	(0.001, 0.30000000000000004)	0.6998021921462237	0.0013245208926826089	0.2516589696096957	190	71	2.1362573497493824	5.2756331384129496e-05	0.009
55	(0.001, 0.30000000000000004)	0.905462156623637	0.0021541849564289117	0.4092951417214932	190	77	1.8364846151365224	0.0004155001071007858	0.006
56	(0.001, 0.30000000000000004)	0.8560722422338899	0.002021104602503677	0.38400987447569856	190	76	1.8112212410943875	0.00011428460170592736	0.008
57	(0.001, 0.30000000000000004)	0.8391642445203971	0.0014970326485045954	0.28443620321587315	190	71	2.090986878094964	9.03075285592081e-05	0.016
58	(0.001, 0.30000000000000004)	0.7820126353911094	0.0009987065854144385	0.18975425122874331	190	54	1.738832295365711	4.7802775527933106e-05	0.005
59	(0.001, 0.30000000000000004)	0.8167989554861393	0.0013163329786407755	0.25010326594174737	190	64	1.8855947382592726	0.00012206861453484263	0.008
60	(0.001, 0.30000000000000004)	0.8516204343031826	0.0008279451806267844	0.15730958431908904	190	59	1.9273723775191662	7.56679480816147e-05	0.007
61	(0.001, 0.30000000000000004)	0.8218072884661025	0.0023178784427248995	0.4403969041177309	190	74	1.8403046927127718	0.00013452719753354048	0.006
62	(0.001, 0.30000000000000004)	0.8681999364994754	0.001932622242166642	0.36719822601166197	190	77	2.2888383837191006	0.00016721986583445592	0.007
63	(0.001, 0.30000000000000004)	0.8229031663641615	0.0017648512944093192	0.33532174593777064	190	74	2.0377602983900798	0.00015141009169955533	0.007
64	(0.001, 0.30000000000000004)	0.8178858110539563	0.0012675063677218957	0.2408262098671602	190	67	2.0050305042747105	7.728287031427694e-05	0.006
65	(0.001, 0.30000000000000004)	0.8146040090897884	0.0013963228617298764	0.26530134372867653	190	60	2.026246118455038	0.0001330481371737413	0.004
66	(0.001, 0.30000000000000004)	0.567916201551615	0.0016641530909637585	0.3161890872831141	190	57	2.1505493841703216	4.460711887560587e-05	0.004
67	(0.001, 0.30000000000000004)	0.7347920053527102	0.0019618167094774415	0.3727451748007139	190	74	1.8001423895108382	8.635844841847762e-05	0.006
68	(0.001, 0.30000000000000004)	0.8958462549120053	0.0019084425378006582	0.36260408218212503	190	65	1.9326678360816676	0.00019460258714837364	0.005
69	(0.001, 0.30000000000000004)	0.8162154464435957	0.001224143098876862	0.23258718878660378	190	51	2.142435949740011	0.00012180892345692307	0.004
70	(0.001, 0.30000000000000004)	0.9143864333444672	0.0022234009163486436	0.4224461741062423	190	89	2.036800282243156	0.00022903494268700086	0.009
71	(0.001, 0.30000000000000004)	0.9365559475327564	0.0023373480819808825	0.4440961355763677	190	78	2.082671893835161	0.0002958038256310469	0.007
72	(0.001, 0.30000000000000004)	0.8931675398849342	0.001944250974333972	0.3694076851234547	190	69	1.7667085512566836	0.00031943854473537314	0.007
73	(0.001, 0.30000000000000004)	0.9586898846993838	0.0015979179275986172	0.30360440624373725	190	77	1.798985263956184	0.0005748994869922974	0.006
74	(0.001, 0.30000000000000004)	0.8448874474860353	0.001693758196306174	0.3218140572981731	190	64	2.0295561714826436	0.0001845608204041893	0.006
75	(0.001, 0.30000000000000004)	0.935756566370446	0.0026394107934986644	0.5014880507647462	190	93	1.7054763550097136	0.0007258347055657532	0.008
76	(0.001, 0.30000000000000004)	0.9333273993395789	0.0017565251353145758	0.3337397757097694	190	76	1.7146982289751262	0.0004013950639165098	0.006
77	(0.001, 0.30000000000000004)	0.7053283055055487	0.0010400453648691335	0.19760861932513535	190	49	1.9703695562314139	5.488344919285515e-05	0.006
78	(0.001, 0.30000000000000004)	0.8815197961825688	0.0013887038449452514	0.26385373053959776	190	58	1.8944167595997035	0.0001467788980893392	0.006
79	(0.001, 0.30000000000000004)	0.8279866299240803	0.0010661970616301169	0.2025774417097222	190	45	1.7950786791054183	6.0964167964555616e-05	0.004
80	(0.001, 0.30000000000000004)	0.7555831354503071	0.0014303844442184609	0.27177304440150757	190	68	1.9446192048590212	5.919802269982455e-05	0.011
81	(0.001, 0.30000000000000004)	0.6841383660750116	0.00071128845121872	0.1351448057315568	190	46	1.7833221112987159	1.2399620157255153e-05	0.004
82	(0.001, 0.30000000000000004)	0.8593767076420009	0.0019632745102381903	0.3730221569452562	190	84	1.647757789852327	0.00022697354532796865	0.006
83	(0.001, 0.30000000000000004)	0.7488356587448273	0.00094211597197287	0.1790020346748453	190	49	1.8738771366426445	2.096471427240343e-05	0.005
84	(0.001, 0.30000000000000004)	0.7820812090008826	0.0014852967264396683	0.282206378023537	190	69	1.8115461159718784	9.973214441705291e-05	0.01
85	(0.001, 0.30000000000000004)	0.7351642377249186	0.0008856264203181346	0.16826901986044557	190	45	2.25680927123953	2.9258669949960847e-05	0.004
86	(0.001, 0.30000000000000004)	0.8416448606035717	0.0008081127386672647	0.15354142034678028	190	51	1.7250841226440463	6.541480385391374e-05	0.007
87	(0.001, 0.30000000000000004)	0.8796338708680408	0.0009829679164448646	0.1867639041245243	190	47	1.853092915161563	0.00012744515180193594	0.008
88	(0.001, 0.30000000000000004)	0.9525863319178882	0.0017989001672310517	0.3417910317738998	190	76	1.927126610433513	0.0005893143987495408	0.014
89	(0.001, 0.30000000000000004)	0.908784059187566	0.0015397292744156734	0.29254856213897795	190	59	1.9551991417166725	0.00028740998417081665	0.006
90	(0.001, 0.30000000000000004)	0.8304528994439584	0.001996651168846227	0.37936372208078306	190	82	1.970859610862446	0.0002118904328711757	0.006
91	(0.001, 0.30000000000000004)	0.7183935693852381	0.0011874595980577711	0.22561732363097653	190	63	2.2233012629809	5.0648810054537696e-05	0.005
92	(0.001, 0.30000000000000004)	0.8246396224068079	0.0016960698641566825	0.3222532741897697	190	78	1.6932173855960206	0.00011595210325165972	0.007
93	(0.001, 0.30000000000000004)	0.8031651533707794	0.0016536036163236957	0.31418468710150216	190	70	1.827776163923973	0.00013556270540038273	0.007
94	(0.001, 0.30000000000000004)	0.7901515847799425	0.001708246981643197	0.3245669265122074	190	71	1.9275663745033103	0.00011049876565932815	0.006
95	(0.001, 0.30000000000000004)	0.7025233231209511	0.0014902667428474967	0.2831506811410244	190	75	1.80314921301585	8.856677543472857e-05	0.006
96	(0.001, 0.30000000000000004)	0.5830993147606627	0.0008323214025782002	0.15814106648985804	190	53	2.0669585860611983	3.207240924077426e-05	0.005
97	(0.001, 0.30000000000000004)	0.8333856703996245	0.0023119142895223076	0.43926371500923844	190	83	2.086766802837037	0.00020498393631601664	0.008
98	(0.001, 0.30000000000000004)	0.8496102419979481	0.0017209445890993401	0.3269794719288746	190	75	1.912578693830361	0.00018715339251595964	0.05
99	(0.001, 0.30000000000000004)	0.7767721603785189	0.0015703138687063645	0.29835963505420926	190	71	1.7470865345927393	0.00010967498424052646	0.093
