gene	t0_rep6	t1_rep6	t2_rep6	t3_rep6	t4_rep6	t5_rep6	t6_rep6	t7_rep6	t8_rep6	t9_rep6	t10_rep6	t11_rep6	t12_rep6	t13_rep6	t14_rep6	t15_rep6	t16_rep6	t17_rep6	t18_rep6	t19_rep6	t20_rep6
G1	1.07056791356	-1.29753691261	-0.32142989451	-0.66191163317	-1.20125423234	-0.207065200471	1.18443918024	-1.22724278298	-1.26362978189	0.841075674398	0.274248758382	0.489841417214	-1.28452336816	-1.12168064035	1.07920392463	0.906557338852	0.743606910374	-1.25911770869	1.07849956912	1.24357751598	0.933773952428
G2	1.61839115551	1.10781365419	-0.218455131032	-0.584087269945	-0.693970817777	-0.837620589981	0.186677503313	-1.02694665687	1.79543276873	-1.00823206744	1.80668512482	-0.940416796494	-0.736912486255	-0.927119574829	-0.99936487919	0.180563253499	0.187371841999	-0.361351558479	-0.843504919586	1.42919022219	0.865857223629
G3	0.0957809990722	-0.82687237045	2.12741271783	0.915818772124	-0.841294312427	0.283352854073	-0.851200624611	-0.671971634574	-1.00879968821	-0.371701665788	-0.0536304989998	-0.872705116888	2.18461965478	2.06120587982	-0.828361154479	-0.802514251012	-0.288038573726	-0.0625079524118	-0.647579170069	0.447559610077	0.0114265258611
G4	0.981459477065	-0.86510993302	1.23174624927	-0.883391317112	1.17728153257	1.79268616404	-0.82176610241	0.359217031983	1.55364785083	1.40840798093	-0.964932912699	-0.955025376202	-0.96907434175	-0.0190258273493	-0.562494821154	-0.821926037552	-0.944914754906	-0.987018501891	0.69466715687	0.498940312024	-0.903373829536
G5	0.262405260597	0.360161927767	-0.998253049011	-0.979704457471	-0.992133656593	0.333355650057	0.513753183722	-0.993972727895	1.9759679477	-0.871079241595	-1.00433457192	0.303138983162	-0.98559929971	-0.942574205243	1.53757185864	0.611811206833	-0.574300176832	0.852493796496	0.632191402449	-0.972938616555	1.93203878541
G6	0.050884419412	0.422560291974	-0.868989485109	-1.04609802346	-0.925980420105	0.293548424723	0.291061838045	-1.49011266266	-1.24430770576	-0.51769580492	-0.0164233858055	1.53958159809	1.11901871759	0.0736002300413	0.887574096188	0.73779591586	0.94349595188	-1.37070211335	1.09330642554	-1.56391652686	1.59179821868
G7	0.467430138697	0.440984563892	1.62054158163	-0.952044705545	0.103665238794	0.943894628985	-1.41636750947	-1.42785965745	0.117240005778	-0.260915972858	-0.900525778912	-1.37413171516	0.322742831163	-1.26898315474	-0.216952757548	0.463253197291	-1.26685430732	1.069588498	1.01103349075	0.818454138455	1.70580724557
G8	-0.130182780573	0.00618717613147	-1.05864872351	-0.961998467072	-0.639958702324	0.56960116105	1.18282317716	1.12977603321	1.38211508779	-0.825614631505	-0.941987817768	-0.927226047132	1.35976638412	1.49355700779	0.690014163621	-1.01511447153	0.573386887432	-1.03756139483	-0.989029685097	-1.19661208027	1.3367077233
G9	-0.726437632338	-0.587176724419	1.32685496136	-1.37096513777	-0.027064366373	1.08610525397	-0.171772778483	-0.878727469101	-0.0637689425012	-0.970905967871	-1.47539108138	0.402290728187	2.1930996632	0.304220778235	-1.42507174945	1.3320724827	-0.344444130087	1.2894581483	0.711504384484	-0.15590167354	-0.44797874713
G10	-1.43033172171	0.807279084574	0.353431279364	1.39445764893	0.9791594119	0.0114437672399	0.934756792673	-1.11089137653	1.28379275644	-0.593143212138	1.06705917117	1.27787562856	-0.821661682491	-0.472734439256	-1.01238952748	-1.13504203996	-0.660587755498	1.29951784154	-1.22626118928	-1.21679620068	0.271065762635
G11	-0.239259498161	0.410693277924	-0.392841495352	-0.9666839728	0.100455955502	-0.125894902892	-0.97247712168	-0.665777850247	2.33713175422	-0.264635555693	0.768755358039	-1.62758752808	0.381286642519	1.81154598848	1.69282714934	-1.21857473336	-0.918247528491	-0.647469950708	0.286728431661	-0.290075165081	0.540100744861
G12	-0.834239731724	0.457365596894	0.9996642631	1.12804747382	-0.872646679042	-0.88579065691	1.03064619013	0.863156564772	-0.705953992781	0.250567256974	1.24566342429	0.232593215133	1.07046617178	-0.846958266719	-1.06441965179	2.13627597143	-1.35202577729	-0.558937732883	-0.0192861305476	-1.04743013625	-1.22675737239
G13	-0.812214494701	0.534887301454	1.10981852683	0.766525290518	0.478019877403	0.0605405738521	1.73702500846	-0.910244378964	-2.11377303212	1.28481523423	0.756626163167	-0.471581556534	-1.45492252566	0.9436345542	-0.0255389920522	-1.74099151024	0.00965285455659	0.118014832251	-0.844156254727	-0.108725299061	0.682587827135
G14	-1.20192811214	-1.43727658551	-1.17040258588	0.667600210617	-0.470631452359	-1.09606778486	-0.928108460623	-0.11151461301	0.47612076096	0.101446234228	-1.05052034794	0.806372903172	0.814594263654	1.27774751641	-1.10328725296	1.49406060735	1.75495991426	-0.403202777448	1.02005323402	1.05496365569	-0.494979327632
G15	-0.290116287828	0.244048984012	1.54150805872	-0.806395152995	-0.664899158803	0.180021499247	-1.36977556372	0.521230328195	-0.209218063141	-1.56944239908	0.338471032281	1.02459256186	0.0204514208312	0.309200694111	1.5551698805	-2.32506718199	0.377016689454	-0.0125172690938	-0.728908243808	1.70803140643	0.156596764822
G16	0.687806181963	-1.29026738584	1.18243191281	2.30653450429	0.00638537297059	1.35161417789	-0.913295477116	-0.866592667945	0.608947870036	-0.81909578175	-0.640504627284	0.998693107871	-1.274332753	-0.243568837324	-1.22149893052	-0.444763486621	-0.553105370619	1.17628704933	-0.715926940226	-0.161156799877	0.82540888096
G17	0.343982747775	-0.344315159419	1.07251822306	0.420823124906	-0.694769316845	-0.561635982698	-0.777713434179	0.359092987154	-1.60330576415	0.880054552223	0.635691794631	-1.41425528912	0.926257500353	-0.644093969705	0.281912318794	1.17812723203	-2.08938280391	1.20527200161	-0.979936171337	1.61189571374	0.193779695084
G18	1.45882298797	-0.595936987507	0.63495365897	-1.22709275976	-0.833539793554	-0.831709330936	1.308658491	0.939120493684	0.162135530654	0.142925307175	0.0742820831704	1.87321520181	1.31979015601	-0.815349023898	-0.212224728465	-0.36947110139	-0.219684958409	-0.74760789391	-1.81099281861	1.00603660176	-1.25633111577
G19	-0.680399706152	-1.65719629517	-0.540958775797	0.113202707545	0.399646187139	2.32181221337	0.4028373546	0.147567626947	-0.37213877712	-1.12745275051	0.384534087828	0.277149632001	1.63459736375	-1.88712882149	-0.837422688295	-0.996800061439	-0.0238364933732	0.773099103091	1.06392556487	0.673411319918	-0.0684487917072
G20	0.166859548944	-0.434867669943	0.41797381535	-1.22255391708	0.854706910498	0.560734978278	0.682441571712	0.0962092536308	0.889577359976	-0.0393237686073	0.585043419803	0.910089983744	-2.04547059224	0.475480718078	0.711118544117	1.01224917062	-1.81672466319	-1.11799399415	0.315151810835	-2.0069287132	1.00622623283
G21	-0.817840069459	0.361997141614	-0.893660199829	-0.922720674043	-0.748010735443	-0.748295970548	2.43599829604	-0.846493310419	-0.639707309595	0.544246909384	-0.534749382242	1.28205733962	0.127765853318	-0.428406518172	1.37532320508	-0.00161833692809	-1.2425749016	1.55366387728	-1.0770053735	0.91943073339	0.300599426044
G22	0.654408028734	0.939668967761	0.0503609107914	-0.593884451778	-0.680693594444	-0.683733696842	-0.815948110641	-0.77179252587	-0.658014991307	-0.928343780477	-0.130006481973	-0.500446363829	-0.32910314854	1.3936495818	-0.193808578293	-0.150277836702	3.44895907346	0.211854835174	0.884314270596	-0.783576427393	-0.363585680225
G23	-0.549471609891	-2.10423355759	0.370222205098	-0.297985995611	-0.78530333459	0.176699936019	-0.811841072806	-0.192232215183	-0.185670926553	0.545225647429	0.780550315318	-0.283270756885	-1.62993420713	1.20612852314	-0.0901893492089	1.12876330448	0.21613915884	2.42362487791	1.0894617681	0.0759836259782	-1.08266633687
G24	-0.579532284777	-1.45820193716	1.44991485861	-0.0626886754604	0.341827771068	2.06280153699	-0.391498925278	1.02250726748	-0.746304368633	-2.14997913832	0.116346347814	-1.03721651625	-0.772051432866	0.760458396232	0.467235240392	-0.162164199894	1.6649505247	-0.46720998727	0.303484495706	-0.292918612451	-0.0697603606196
G25	-1.04991676756	-0.68216163601	-0.756232655436	-0.563467207321	1.50725737982	0.383184260627	-0.311478543222	0.139043492635	-0.680273661003	-0.823759761492	1.95789141419	-0.396965411521	-1.10253207102	-0.419997106621	-0.948878105138	0.746171455295	-0.451884684484	0.171899057683	2.35109420885	1.42252250156	-0.491516159831
G26	-0.934330318096	-0.47536264969	3.06457272253	0.0299084391076	1.12990629749	-0.463082036444	-0.395311844876	0.0286123321687	0.528334463135	-1.02483098511	0.341379137865	-1.27104269949	-1.33207313497	1.10881215706	-0.0255001325309	0.0417921196038	-0.81556641915	-1.04105662385	0.112162625718	0.521343586333	0.871332963181
G27	-1.36529729289	-0.864213860345	0.309120936235	0.829299876117	0.196056120515	-0.951914867198	-1.23134685683	-0.857620083727	0.149097620573	1.22720770485	-1.27371092714	0.781818291208	-0.699933214253	0.648736757399	0.808080062603	2.60956434841	-0.364595065712	0.782108893968	-1.19280130678	0.248963258948	0.211379604034
G28	1.23984599939	0.735071349769	-1.2200255035	0.523409880929	-0.681825471509	-1.27381770596	-0.00167153918303	-0.880115897776	1.06973773645	2.16541483163	0.693016618562	0.595293691145	-1.75723138113	0.229907489831	0.529924149675	-0.457661455126	-0.500906057887	-1.44490010673	0.331481375368	0.931413500372	-0.826361504317
G29	0.976047732383	-1.48000940814	-1.63214762019	1.51899033369	-1.24145273619	0.442608860946	0.473373204399	0.589550550303	0.231935105968	-0.0757746953967	1.16863542042	1.073222043	-0.476399163084	-1.3528417154	-0.885743125952	-0.439095474774	0.411375525236	-1.67229512711	1.08074361692	0.629661555468	0.659615117497
G30	-1.50340503145	-0.35308740021	-0.0141604064177	-1.03995136003	-0.325581038345	-0.691627471989	1.36527119893	-1.0346877033	0.534361483863	0.894642020822	-0.32855350982	-1.06286624733	-0.944525769915	0.738295180211	1.51574896365	-0.558890460958	0.299800254733	0.213252628165	2.13875258301	-1.13009356798	1.28730565437
G31	2.66855624355	-0.743434812448	-0.048478746907	0.329810091648	1.79007925403	-1.34758877857	-0.152204971421	1.20868089107	-0.348666543985	-2.16074289419	0.0762984071223	-0.618252832851	0.689080390271	-0.478654106	-0.058483721649	0.554336816316	-0.337593050058	0.0638314319895	-0.398416026153	-0.299999350579	-0.388157691191
G32	-1.40326891183	-0.0122498168471	-0.115590069034	0.24309013354	-0.628501349086	0.298815346956	-0.163200302251	0.345078422978	1.84478154708	-1.14299205481	1.53668461429	1.2858490706	-1.2922189479	0.0440344427763	0.419042318696	0.167136738136	-0.183817734177	-1.10431374611	1.31684970459	0.629275729916	-2.0844851375
G33	0.612693594701	-0.587079025782	0.106371880787	1.21833472356	0.776792143458	1.80670192205	0.663351915745	-0.577343017196	1.85487034133	-0.52258791714	-0.900821807708	-0.809502670737	-1.4798395577	-0.165163844845	-0.420592899988	0.302463961844	1.46002952603	-1.72624508756	-0.675108612168	-0.953780540279	0.0164549715998
G34	-1.18636388255	-0.991653307531	0.558750597413	1.45075236241	-1.61407854706	0.830618039595	-0.697834566075	0.859008446617	0.770002541911	-1.07631443665	-0.79556985281	1.27117365847	0.690484732817	-1.16310780149	-0.588207198774	0.902620022935	-0.423444931234	1.10938714141	-1.38177214	1.10777656144	0.36777255916
G35	0.849743117141	0.912072205436	-1.22806926643	0.881817802224	0.525851976601	-0.811048000444	-0.420462940784	-1.21346168754	-1.24651289708	0.643266566731	-1.14879727284	1.04713702871	1.14325899068	-1.21209189797	0.930389936308	0.624491018487	-0.527062053318	1.17831086214	-1.18417831498	-1.10925467078	1.36459949771
G36	-1.54215962723	0.228519294176	0.987994339112	0.703809160819	-1.66816614959	-0.172581587107	0.381703536934	-0.614734596512	-0.671490504647	0.954100914343	1.45064806023	-1.00581062443	1.34791766485	0.0323561446113	1.36955256069	-0.375575193795	-0.354503387018	0.930105581183	0.787589340906	-1.43192893893	-1.3373459886
G37	0.809462679259	-0.674805449203	0.319323714673	-0.699884978014	-0.256184961749	1.06285039253	0.0491136726936	-0.337808210042	-0.0888036233176	0.449718955226	0.716759552853	-0.07609255634	0.986393962707	-1.6427925922	1.19876615322	-1.20901009327	-1.7602756413	-0.517692555647	2.42292207554	0.387495203086	-1.1394557007
G38	-1.4607099797	-0.492705933839	0.00547383667613	0.165034329442	-0.361933345177	-0.644222982165	-1.30864244767	0.516199848737	0.274374752715	-0.151150743023	-0.887855898569	1.0977100866	0.181802541627	-1.18756954137	-0.387613010883	2.33913699286	0.322680096295	-0.613576198319	-0.216910408907	0.301230379253	2.50924762541
G39	-0.745545463542	-1.02897438697	1.54477952167	0.930098271197	-1.08596634168	0.788435527395	0.849879950863	-0.756695844941	0.923658061511	-0.386707689883	0.393872203621	1.21443447453	0.567254280463	-1.20597553539	-1.09797080742	0.872751679388	1.18520942241	-1.36618639044	-1.19167597656	-1.17416222352	0.769487267289
G40	-0.543567910906	1.24689593408	0.574409984614	0.454893650064	-1.03694842253	0.527161957255	0.859859052928	-1.08163072527	-1.07659392803	0.980868389187	-1.08662763768	-1.090116666	-1.08934635332	-1.01880678495	1.25758804081	1.06609628457	-1.08862723606	1.0945252278	1.24286042428	0.896292342631	-1.08918562347
G41	-1.25537388252	-0.377417717082	0.159071504081	-0.801918147826	3.31120183255	0.256643760004	0.530744863029	1.10986532261	0.0097291492159	-1.03337363185	-0.451161346909	-0.432984289947	0.349491994399	-0.434709959912	0.449667135852	-0.360448629096	-0.563725360651	-1.26726662469	-0.679151110418	0.247742179103	1.23337296005
G42	-1.14102013128	1.09581901138	0.857251088518	-1.1531459069	1.14311026194	-1.40884423927	1.44274487763	1.39258727078	0.334642979524	1.18064864449	0.907643325377	-0.726636928042	-0.265453504058	-0.230730681607	0.403781428435	-0.425797717046	-1.16670123236	0.0213345139313	-1.26941838007	-1.57516063259	0.583345951223
G43	-1.22643343451	-1.06377885687	-0.609763650259	1.37220129795	-0.351482880095	1.06677598713	-1.3567767649	-1.48614682385	-0.6779540487	0.417178701983	0.761209688402	-0.000413867759905	-1.04412241228	0.685878934103	0.303249094077	1.61272668641	2.09214245829	-0.125481521205	-0.478460692432	-0.538642067519	0.648094172023
G44	-1.18173306998	0.960495858979	-0.731967541781	-1.44572288844	0.732522371911	-1.55728158919	-1.23593404383	1.22332886228	-1.4735233338	-1.63497975122	0.895254181011	0.225800056177	0.808270564748	0.869908150799	0.975724416372	-0.246154749188	0.282953942491	0.526821839762	0.299209634355	1.00457896344	0.702428125092
G45	-0.334966256252	1.6398448487	0.0439047392378	-0.0807937856297	1.17364456717	-1.50008130358	0.871197835715	2.01213338884	-0.127420241391	0.983996520097	0.426335753297	-1.24103699794	-2.16228712123	-0.396734112289	-0.466178577919	0.702293433982	-0.710290380554	0.042943519616	-0.988965186614	0.140860829699	-0.0284014729569
G46	-0.975098084414	-0.704819023697	-0.904956098222	-0.900516732008	-0.306346735051	0.144314220536	-0.698590854037	1.75658757403	-0.719233906935	-0.605494733123	-0.156021960847	-0.17750065915	0.773594381466	-0.353652099157	1.85771372501	1.9201259912	0.797671414701	-0.222390485756	-1.11092963362	1.5853716647	-0.999827965622
G47	0.57838227225	-0.0923076123531	-1.59758805975	1.59371495172	-0.196718787045	2.17114869143	-0.0923913767906	0.184567359313	0.363021510203	-1.55046458049	-0.157088635035	-0.345963081949	0.582984529772	-0.19307144411	0.0491059042805	-1.43103085226	-0.586223421355	1.3234501908	-1.12874893007	1.30060643206	-0.775385060625
G48	0.978268394335	-0.823862749002	1.07998378426	-1.38952673945	-0.539384827273	1.37781203415	1.28199075006	-0.662544743467	-1.2158972674	0.951871111103	1.50684566135	-0.815599656214	-0.98074934041	-1.10460841686	0.720320322232	0.551339596713	0.597205019729	0.390822088251	-1.22589073403	0.505756514624	-1.1841508027
G49	1.13050490138	0.721320628713	-0.727154681839	0.143655553183	-0.915072918579	-0.785870228019	-0.547586225404	0.747811176065	-0.406211834275	0.865107155321	-0.948026899732	0.829489665473	-0.954727043312	0.739644688729	-1.6656125913	-1.68642419876	1.27898582279	0.174886580422	1.66115375914	1.23886037328	-0.894733683287
G50	0.264152537877	0.345037217617	-0.552056634535	-0.399419751288	0.497047056882	0.0384095153923	1.97324677933	0.350039191393	0.7907344884	-0.694526618673	-1.12601275636	-1.38564251367	0.600947845274	1.12037670171	-1.45256128644	0.60116990671	-0.755885068942	-0.402365659829	0.232689308069	1.83612863555	-1.88150889447
G51	1.57063461198	0.932467227335	0.547424723149	-1.57155162684	1.26665503279	-1.02867253109	-0.798843149855	-1.14138245568	1.11385489959	1.16003095401	-0.861278695991	-0.0702405173894	-0.570282655445	1.14464494956	0.0702375821401	-0.380289404769	1.14630923595	-1.39535225841	-0.78773888672	0.611214851073	-0.957841885394
G52	1.0824510074	-1.75809994105	0.24399659834	-0.415699448738	-0.220168719908	0.73393357825	0.548060501269	-0.0405461003828	-0.32810779891	-1.04561074145	-0.318565556263	-1.72606733019	-0.14889042306	-1.55661121217	0.575434777076	1.56125886813	0.249369683569	1.06066883201	1.55371530303	-1.14726264189	1.09674076494
G53	1.02497173048	2.02863707287	-0.986739824189	1.01763546005	0.883434595013	0.648878512442	-1.04799365614	-0.404908943347	1.89197700119	-1.05359107161	0.0426383734753	-1.00154947126	-1.02300332884	-0.117645315973	0.394744533465	-0.896227962083	-0.695178025917	-1.05117103817	0.336474393818	0.990621183916	-0.98200421919
G54	-0.0824344090743	1.20163650463	-1.23586181763	0.81202005564	0.811535032533	-1.10873840441	-0.951470886752	0.571086868546	-1.41027171763	1.27420624982	-1.45544418956	0.240973119653	1.07988100709	-1.06386723471	0.73175444718	-1.19394651265	0.731899790805	-0.384454378469	1.25344905722	-0.892038408854	1.07008582663
G55	-0.442951505209	-0.0170345448532	2.09304600114	0.160365631461	1.52337937119	-1.33238530234	-0.408624134825	1.76278345385	-1.08731573104	0.182451553084	0.140840410871	0.387530262012	-1.19543421912	-0.229681547946	0.745872668155	-1.68686419465	-0.0914226602946	-0.604770839017	-0.50053682958	1.28838488559	-0.687632728482
G56	1.5061744636	-1.11539165111	0.763023610763	-0.989742461557	1.56063283639	-0.991015098257	0.705459393209	1.39958120774	0.0898398351719	-0.937476167281	-1.02618352938	1.2134924712	-0.65465612699	-0.398887584196	-0.127342712143	1.4855154006	-0.783629452331	-1.02530818236	-0.929563117474	0.923381947113	-0.667905082713
G57	-0.454847272858	-0.586166225163	0.642231674608	-1.18244149322	-0.160062870602	-0.109515814306	-1.02602306573	-0.615353350725	-1.16909177235	-0.31220025553	1.93148679245	1.12513950179	0.303401966901	2.38911967643	0.229361062226	0.926616294317	-0.618095746213	-0.578677702499	1.12331218151	-0.546526487971	-1.31166709307
G58	-1.010597239	1.23523765472	0.0163581610388	0.903103158837	0.888538758082	1.11031819931	0.796801072056	-1.10727433908	0.2449848244	1.14210733875	0.70813996391	-1.46830128414	-0.785289502112	0.372784480374	-0.344190582773	-1.38429376861	1.51326245613	-1.23099804155	-1.13970357861	-1.16083837445	0.699850642741
G59	0.569118428852	-1.50413855736	1.47512655733	-1.68483592046	1.57010681399	-1.07160075777	0.832463768738	0.59119310432	0.418715251719	1.3535896259	0.817077429827	0.489179394146	-0.86694187888	-0.709748638575	-0.919615166628	0.200248680276	0.385010586793	-1.37939987491	-0.267281567829	0.722781378849	-1.02104865833
G60	-0.0332565492094	0.300544780712	0.409586680368	-1.44358969299	0.87278590853	-0.616476859938	-0.575552652517	-0.759224221692	2.67502103125	-0.199251723819	0.0530302969883	-0.889866607169	-0.143638250875	-1.25004675035	1.16554074038	0.82090230051	-1.09180804026	-0.731653074567	-0.121778796612	1.79046216385	-0.2317306826
G61	-1.08352530669	-1.08824764503	1.79493667661	-0.69128263699	0.855589793934	-1.23023425753	1.63058782442	-0.879999082966	-0.433164214401	0.67605403281	-0.389971215583	2.08112677712	0.801551813939	-0.879149717945	0.04804698171	-0.148431807915	-0.23467679128	-0.0686620030606	-0.435149892085	0.931291501071	-1.25669083015
G62	1.00390984978	-0.644534051219	-0.862849898353	0.104366400532	0.227671023017	-0.585007681743	1.05343218584	-1.08594255291	-0.636321532246	1.01088117774	-0.27836915634	0.967375146821	-0.466051461055	-0.637388313061	-1.36676498259	1.25045305594	-0.628655950104	-0.461096856826	1.75659652677	1.85828613798	-1.57998906797
G63	-0.184781896606	0.616661006899	-0.688552221195	-1.04580637791	0.867952546078	0.163961879457	-0.367507291909	-0.908253384282	0.405775057952	2.15738395602	-0.289944103389	-1.64478458051	-0.914565755014	0.39734133134	0.33392348644	-0.977662722554	-0.417524941725	1.04961369814	2.34035713995	0.0301970213334	-0.923783848506
G64	0.803315603833	-0.0870224160375	-0.16531516231	1.3810481096	0.9716444823	-0.507530315538	-0.866270372179	-0.156838357646	2.15296335355	0.602455047771	-0.654216120601	-0.336024279133	-1.2552249904	-0.881453925802	-0.836347751434	-1.33805991528	2.13561259948	0.538701481201	-0.776110625397	0.0483118876514	-0.773638333624
G65	-0.938404746978	-0.69073848558	-1.37464047992	0.99665264304	1.12469918316	2.12278016491	0.826175594914	0.809425422382	-0.764219730776	-0.822725091331	-1.1399325323	-0.418606905403	-1.09308937451	0.979460646257	0.550101152755	1.13836078048	0.61135812763	-1.0250190782	-1.00825072935	0.655969793322	-0.539356354506
G66	-0.855683780468	-0.494997468682	0.056841153618	-0.221289470592	1.79455633416	0.398123033062	-1.4979042157	-0.9051479693	1.68575973161	0.5058428223	-0.0297218177985	-0.89645013793	0.023116386091	0.367426162026	-0.585792060047	-0.202875962885	0.257705294708	-1.27968543333	2.57163353612	0.178800517043	-0.870256654014
G67	-0.384554897946	-0.937145270864	-1.04874875626	-0.223170921708	0.850659463219	0.765700606492	-0.890944250349	-1.08183600301	1.79218371195	-0.0432546877933	1.19069557471	-1.51066111875	-0.85007244124	0.766979702932	-0.628305971571	-0.481391282802	1.65034969994	0.490562748777	0.0704163488	-1.09103464184	1.59357238731
G68	0.505990818829	-1.10334000268	-1.17698015361	-1.10248169578	-0.441178813826	0.863661718098	0.832213052002	0.381322278914	1.41757728447	-1.17836333992	1.27518761104	-1.00908542806	-1.17618315434	0.400028636887	-0.639318639776	-0.71947676042	0.724282572273	0.425816564597	1.55222821331	1.40799393295	-1.23989469496
G69	-0.365810838286	1.3895611412	1.61887200777	-0.354049191892	-1.22977738603	1.14410251708	0.731705311683	1.28442427218	-0.826978516962	-0.353321778884	-1.27737696774	-0.318587131701	-0.122128832556	-0.00544800022374	0.68956943995	1.58609786033	0.227111887649	-1.62516962227	-1.20374465357	-1.20297397436	0.213922456615
G70	0.643802928697	-0.869902934143	0.766129175855	-0.887245622233	0.430961564119	0.00249654338696	1.00031457892	-0.0525949316271	-0.779558590049	-0.341419917212	-1.59957532025	-1.03864537135	0.617488072779	-0.794168904921	-1.1835951433	2.44349631263	0.295887744984	0.0532424940712	-0.247618070084	2.03159104997	-0.491085660244
G71	-0.627413016076	-0.403562583056	1.79288739962	0.288721095105	0.201730971268	0.675083507761	1.07674198369	-0.85864389789	-1.26192601209	-1.42623699501	-0.805166635358	-0.399326610601	-0.371691501225	0.140824883382	-1.71065488001	0.256239259215	0.517533148966	-0.252990542908	0.222006796594	0.366546884531	2.57929674408
G72	-0.792518898545	-0.55121389001	-0.792422865851	-0.918211976	0.0124385748026	0.333623349535	0.392722326705	0.00306852766202	-0.177427207153	-0.313440369471	-0.44433521785	-0.248299335306	1.56785496767	-1.48749721561	1.81876781859	-0.403200070685	-1.20850852066	1.62624170236	-1.23391031147	1.08576741418	1.73050119711
G73	0.780818053906	-0.0840992873045	-1.26303573651	-0.730896381154	0.116820313932	-0.884764252377	0.995825057293	-0.830720869662	-0.487118968362	-1.0004897874	-1.20264245218	-0.333167390475	-0.997176935235	2.07518384533	-0.176193787415	-0.89660015992	0.602937101969	0.562474588776	0.574425324691	0.963429505475	2.21499221663
G74	-0.995923053951	-0.444606566059	-0.68324528024	-1.0582939841	0.0460771333752	2.24895117093	-0.325504476679	2.16169750852	-0.507283377633	0.0739280970253	-0.71920407097	1.91867930743	0.791079580449	-0.793945476272	-0.148669564842	0.394372370899	-1.0351559575	0.467046122761	-1.05603597526	-0.287450463796	-0.0465130441067
G75	-0.30477754923	-0.955307205719	-0.1116638652	-0.670538812883	-1.29571738319	-0.0632498208365	-1.19584904442	0.0285192308463	0.783076765849	1.00244738574	-0.295433195272	-1.00515307699	-0.246688827043	-0.0140976296815	-1.66780561934	1.22708285985	1.77910866924	2.11617241185	1.08739143818	-0.603352209159	0.405835477402
G76	-0.503428359817	-1.28405433119	1.30443488197	-0.222173238049	0.636834382271	0.811811361866	-1.0860813161	-0.911949892259	-0.167785517323	-0.700434291914	1.73164422353	-1.60683069071	0.42883451374	-0.764482572695	0.392080224923	-1.1244924834	1.45062188634	-0.230858156852	-0.445079877935	0.437067556594	1.85432169701
G77	-0.566974856728	-0.334827149759	-0.97921438131	0.921573209811	1.45058205734	-0.978692779213	0.46030308804	-0.576189827121	-0.506121278658	-0.314554214893	2.27933824371	-0.449996892941	2.61977054617	-0.547258297433	-0.768069852144	-0.526707174782	-1.00324285128	-0.222126323173	0.463189286314	-0.138148385437	-0.282632166512
G78	-0.00317771772945	-0.604155939974	0.104949239497	1.54284047696	0.386177975117	-0.592020707942	0.566664889895	0.951442701052	-1.35175846273	-0.867865667432	0.581538825437	-0.537662960819	-2.76131632432	0.681511535403	-0.536830314698	0.0100392854695	0.189519668189	0.711446668265	-0.990951831189	0.917720533118	1.60188812844
G79	1.19440909169	0.220333275926	-0.51320837884	-0.611551713482	1.06257495134	1.34320095542	-1.10885777927	0.961631608766	-1.38614028629	-1.3909545988	-0.3667777543	-0.944738431672	0.702098067984	0.463186799752	-0.857657634906	2.18898008157	-0.693494941601	-0.346659467464	-0.517026474687	-0.603332926057	1.20398555492
G80	-0.813118532256	0.389237936057	-0.784788059808	0.659101398755	-1.31905733171	-1.12555228891	-1.31041836744	0.0143484555542	0.491111482728	1.16409246793	1.97816294512	0.725998427367	0.383131887867	-1.3067756224	-0.333822589001	-1.43109834364	1.58336317296	-0.394660309532	0.055456878033	1.30035380619	0.0749325861354
G81	-0.0670831785774	-0.399456714849	-0.659225609924	0.827466991463	-0.306029659485	-0.407028619789	0.538575784364	-0.710198090822	2.74784353025	-0.116765775411	1.62287257175	-1.21080027911	0.828899619236	-0.287379545039	-0.345778591827	-1.21652819486	-0.362308313356	0.835683838435	-1.38426373224	-0.934121445168	1.00562541496
G82	-0.500182796689	-0.487253728741	0.550662953358	0.195466750657	-1.40544863687	0.954729753946	0.825893975353	-0.340665188797	-0.777362771036	1.12751651543	0.533772032979	-0.304539082459	-1.57467903265	-0.514682944049	0.0674419455257	0.93872392826	2.32052242525	-0.922463072943	-0.483079686121	1.33177573267	-1.53614907308
G83	-0.761806626234	-0.832345411119	0.809822158386	1.17663490889	-0.578994737914	1.17222253718	0.515555898234	-2.00008187348	1.09350597861	0.889597915184	0.511301929144	-0.562188792737	1.94070233943	-0.752394075517	-1.18912154276	0.519794599601	-1.5714730175	0.349567131279	0.230730815777	-0.37302362353	-0.588006510924
G84	1.23050680616	-0.583577660104	0.301634303079	-0.975900527584	0.441914697894	0.65970016225	1.20256464988	-1.03848761854	-0.892643672138	-0.988605525362	1.96210974829	0.296280264464	-0.152737141541	0.916034377271	-1.32193412205	0.997035694591	1.03135162842	-1.08726649496	-1.18019041004	-1.319359404	0.501570244017
G85	1.48526183015	-1.30065747886	0.646053195618	0.470846412374	-1.44198784523	0.423297447586	0.239998063444	1.34869622929	-0.500147267067	0.370786336784	0.279669572089	1.65332738655	-0.435637395081	-0.0401065916834	-2.11355726525	-0.263324210108	-1.06764189193	0.193629434104	-0.884188550995	1.46884964076	-0.533167052536
G86	-0.383109695535	-1.46994060461	2.14525621434	-0.833000867146	0.0365614823855	0.829074648499	0.38753500869	0.586158786892	1.6657377557	-1.2544823482	0.460995769003	-0.463350376334	-0.664508578927	-0.0193916351492	-0.91551046121	1.4231651812	-1.9348479055	-0.107986529682	-0.0122040612148	0.608507314353	-0.0846590975623
G87	-0.0512575823462	-0.534957824494	0.329556273805	1.83335255318	0.214125437503	-0.245541483168	-1.37722917629	-1.07840645201	1.28122993218	-0.714552233955	-0.0199550998682	-0.943430460333	0.236438555945	1.2307367604	1.58046185627	1.34531010156	-1.46990120518	-0.637421978836	-1.17856657684	0.867687910129	-0.667679307653
G88	2.03992620163	-0.360933675466	0.275279297376	0.342600560728	-0.399934070765	0.401261604546	-0.371970218793	1.24168880695	-1.3861827369	-0.852965807607	-1.14917771541	0.109303966384	-0.530310977601	0.673026165584	-0.638396048046	-0.169043723527	-0.34292912755	-1.25534253463	-1.00074363691	0.990114227523	2.38472944249
G89	0.413663842737	-0.484296250439	-1.74066578488	1.32551980985	-0.266983423483	-0.600822023106	0.191302924902	-1.13577934452	1.15121253288	1.03195569231	-0.00990537090833	0.822225963532	0.00483112071804	0.615563675007	-0.64216137112	1.22882873102	-1.63328533134	0.400805899881	1.09275577831	0.362860968603	-2.12762803996
G90	0.864082734555	0.632651129778	1.33361959022	-0.929552532378	-0.982224159669	0.819595661976	-1.00788670552	-1.10428104544	-0.649720454181	-1.14707807846	0.742420751135	1.27502035656	0.953324558366	-1.00112502061	-1.1661545081	1.34112171704	1.59226078098	-1.05033361894	-0.0132900294527	0.291654479344	-0.794105607218
G91	-0.209135607885	-1.4696595011	-1.15386642741	0.0389989492764	0.358162282932	0.133626211814	0.487605407102	1.02942778944	0.658482063588	-1.3136114171	-1.03734914066	1.79507295532	-0.728096599747	1.95618261936	0.389909769987	-0.304381878329	0.472952061471	-1.03669680155	0.745262210508	-1.58469973976	0.771814792746
G92	0.128180204493	-1.1545871577	-1.30047556868	-0.397177819685	0.983125271239	-0.549047247607	-0.134397043081	1.12021233445	-0.966559686003	1.15615231141	-1.02469715461	2.14683328226	-0.890215776073	0.253365950475	-1.33341306487	1.2912759181	0.27331436084	1.09406227484	-0.924380432587	-0.547773908427	0.776202951214
G93	-1.30141784508	-0.255862432285	-0.58769813747	2.10532174752	0.177403694046	1.70415631082	0.166343009521	-1.25955237401	1.25895292338	0.105836470997	-0.823707443877	-0.832941295124	1.11312806979	1.02774690992	-0.779004205099	-1.11300372171	-0.145609901675	0.783928595545	0.572650884384	-0.916905196429	-0.999766063169
G94	1.30277999434	-0.383563943176	2.27557482117	1.43255992739	-1.19026015552	-0.495180445014	-1.56122872634	-0.153660161279	-1.02664201683	-0.0478897939987	0.962926996114	0.308937119677	-0.963247535045	-0.97682143157	0.421013393082	0.097479831201	-0.584669008495	-0.181444435254	0.265533701992	1.49093455448	-0.993132686929
G95	-0.823215829665	1.22595329933	-0.564692033944	1.3627026614	-1.17325454538	0.129584996523	-2.339803546	1.64458288942	-0.609259958587	0.75344342211	0.203003873909	-0.0179287164355	-0.198258499988	-0.763765496022	0.779069412335	0.351312498589	-0.877826831379	-0.663733125252	-0.803524299158	1.06031710964	1.32529271855
G96	-1.12421961642	-0.493164549425	0.951894254858	0.821579772096	0.710468003568	1.12129679735	-1.62472276368	-1.19093591078	-0.0439460399109	0.6763975455	-0.0424201582634	-0.690083591516	-1.45389559942	0.425838700505	1.26051865788	0.365732232129	-1.18266751778	0.90761924504	1.31928954335	-1.56520290427	0.850623899199
G97	1.36431318305	1.08534201419	0.691432128233	-0.396010588846	-0.445220324378	-0.20122884929	1.42328692762	-0.283507889602	-0.635994597074	1.15583246813	-0.628081164097	2.33961751606	-0.679804855547	0.823604221584	-0.987020418842	-1.1177878144	-0.0463785897898	-1.14948323412	-0.196130249436	-1.50882486681	-0.607955016644
G98	-1.15413215486	0.997028641257	1.27662049818	-1.0818175419	-0.90229390489	-1.29140706899	-0.622118364844	-0.952509759061	0.645214834648	0.938887688616	-0.828735980013	1.11015139748	0.915859908821	-0.898057186988	1.28961628406	1.12004105296	0.250924468138	0.861112629313	-1.32602969964	0.746197746199	-1.09455348848
G99	-0.212105076987	0.544538951271	-1.83420662438	-0.533607835361	-1.08262860773	-0.66477800647	-0.163385024932	1.65062335289	0.297081101733	1.01555840191	-0.481364807405	0.65719096018	-0.380039374065	-0.668160548784	-0.61776396243	2.10238953218	0.767738199039	-0.930591045899	0.918700837116	1.05134642776	-1.43653684964
G100	-0.596960839859	-0.798914211404	-0.948151218383	1.24803630437	1.71255684325	0.5894967537	-0.0434900084693	1.9901732683	-0.948728006947	-0.291250591322	0.727987556668	-0.139391658278	0.864278473984	0.127325573118	-0.40937794437	0.168620469011	-0.308301024	1.0822517962	-0.479169360638	-1.66006833026	-1.88692384466
