gene	t0_rep4	t1_rep4	t2_rep4	t3_rep4	t4_rep4	t5_rep4	t6_rep4	t7_rep4	t8_rep4	t9_rep4	t10_rep4	t11_rep4	t12_rep4	t13_rep4	t14_rep4	t15_rep4	t16_rep4	t17_rep4	t18_rep4	t19_rep4	t20_rep4
G1	-1.06686618914	0.863725873599	0.428926205513	0.989989775036	0.992676550756	-1.21595536639	-0.58937523005	0.79794615356	0.527806121514	-1.26177874063	0.822627686061	0.969697862216	1.15871764789	-1.4761944918	0.230044332968	0.265511788116	-1.54247924206	1.15718650674	-1.37899278414	0.536387529379	-1.20960198913
G2	-0.0180432750288	0.141650940259	-0.996295261465	-0.463743023778	-0.542434940269	1.25758295809	1.68881351439	-0.682684089007	-0.277029230393	1.90534955934	0.155149442209	-0.385013773036	1.52012608606	-0.469824165326	-0.634037561334	2.02994263377	-0.95122500764	-0.892314165949	-0.957188937009	-0.657479997343	-0.771301706553
G3	-0.4304582429	0.98288744134	-0.332737198302	1.24463183477	-0.031196167815	0.901258990357	-1.6616193223	-0.231572723754	1.06245188069	-1.14453743591	-1.02684598584	-1.83128219457	-0.174245475059	-0.749648014573	0.0830769664529	0.972090214204	1.45879513266	1.2374956936	-1.32871815114	0.150190364933	0.849982393154
G4	0.931411154072	2.06861512492	0.641550641757	-1.02803660138	0.377433408436	-0.386005003676	0.486784401243	-2.68398163339	-0.119948644638	0.286590908911	0.926565186563	0.399082361987	0.57026099322	-0.546874873235	-0.602319094477	-0.211407047428	-1.06157239558	0.14823521233	0.54113624833	0.812958274503	-1.55047862248
G5	-0.81757020626	0.223626027403	2.05129063315	-1.05633287242	1.7039939736	0.318091439161	0.678626451663	-0.662175297663	0.39950085378	1.44057929238	-1.04170872849	-0.913904482014	-1.02256250001	-0.942031451472	0.394443028221	-1.0924693399	-0.881602583655	1.12813015049	0.543162694419	-0.990430498381	0.539343415998
G6	-0.633763970825	1.12444581738	-0.917679472732	2.57548463394	0.545558016898	-0.573191034907	-0.186777821322	0.694429841907	-0.293662676869	0.944916227999	-0.0577619582013	0.77282251785	-0.249475294164	0.185453983912	-1.59166393413	0.922714319602	-1.67815174257	0.433198871539	-0.806001970367	-1.40158131709	0.190686962153
G7	0.874559744619	-1.37634191114	-1.12779313927	0.876081808038	-0.385015076327	1.5676419139	-1.05143432969	0.527632586761	-1.56157598308	0.560544592956	-0.545909209715	-0.894007336467	-1.65343264115	-0.474476838216	0.718310258364	1.05883795027	-0.120140082109	1.64382681074	1.04633846211	0.112303454286	0.20404896511
G8	-1.22852273221	0.948949362427	0.0243275942804	-0.728759575275	1.30612109049	-0.639896543952	-1.20030624616	-1.19587710176	-1.43287035182	-0.746811927433	1.11477778059	0.865463690901	0.235717041882	0.348179659264	-1.39630221903	0.811497866972	-1.13780996065	1.00010580644	1.29748830708	0.588126831247	1.16640162674
G9	-0.227504789388	-1.06888028186	-0.309920447046	0.36344046492	-0.713005333306	0.692343884091	0.219678352185	-0.142487205601	-1.89873528273	-0.558372397063	1.22297521091	0.393179862364	0.646784689013	0.997320211832	-0.109303157308	0.828402169691	2.11253460093	0.963153526993	-2.14813950083	-0.77274226009	-0.490722317699
G10	-1.05445084841	-0.489927577094	-0.882855200606	0.58662733546	-0.766864023076	-0.124786903636	-1.32614052383	2.12477112473	0.44238600343	0.458112359168	-0.426043908889	0.790974262149	0.768244015981	-0.908983386974	1.29516399172	0.633672824348	-0.309305091475	-1.32141942718	-0.554341571188	-0.92051963652	1.9856861819
G11	-1.0211490564	0.631370043881	-0.670917117535	0.105864619659	-1.3159498594	-1.00629580515	-0.00307350870793	1.4629539664	-0.184114971385	1.98208416992	0.827564761642	-0.411247376219	-1.11599590987	1.58961124539	0.864375622183	-0.845412485334	1.17408756214	-1.05995029491	-1.21824211589	0.383702125867	-0.169265616293
G12	-0.234471925006	0.519581411361	0.668847095238	0.842103927212	0.926083552284	-0.210595201078	-1.61332364372	0.830975855491	0.654368581035	1.31891071951	0.572169601718	0.594889227322	0.188623005891	-1.80192359948	-0.946299529346	-1.73245977289	0.0824360926402	-0.993853056327	0.132629089465	1.56052634917	-1.35921778048
G13	-1.10954591918	0.495648567959	0.28304426713	1.44600241069	-0.195864387976	0.21886936984	0.522014589853	0.205320059518	-1.75479498148	-0.157819160026	-1.06982268227	0.498995169452	0.230889450893	-0.985488136308	-1.06612013948	0.047237867035	-0.113128752916	0.340415789128	2.96943492229	0.311408456826	-1.11669676098
G14	-1.36604006065	-1.09915973524	-1.00350493971	-1.01057892771	0.0974086278329	0.922468314296	-0.0717595900911	-0.296839727032	0.799332323552	1.77827741212	-1.12254366354	-0.367347329886	-0.936204803599	1.1105816696	-0.814231730129	-0.408400657955	-0.443091633968	1.59656112282	0.844710601203	1.82961474743	-0.0392520193382
G15	0.0829887549883	-1.18684347194	0.886541632958	-0.586666281858	0.82055303831	0.395519449461	-1.00496331695	-1.79130101064	0.866088661947	-0.579763896878	-0.354124687212	-0.996891957754	2.09277078821	0.400233405962	-0.999458263946	-0.531433609294	1.74931121074	0.482442197532	1.02735409251	-0.991453509092	0.219096772949
G16	1.07607704069	-0.498652631765	0.279939914422	1.64770561308	-0.622104328661	0.514834042198	0.72105429688	0.407375145034	-0.0278084086046	-0.582316301878	-0.765507757609	-0.57025404824	2.17781081406	-1.20574595189	-1.20950428821	-0.935039761386	0.802708222191	-0.959828506349	-0.159043608671	-1.47450484729	1.382805352
G17	2.09683763521	-2.04754690606	-0.646197990174	-0.677188123199	0.17823073185	-0.616134426194	0.294933412611	0.68367905663	0.689597802883	0.809649883405	-1.10258726704	0.319872198512	0.419370325615	1.0761473473	-0.623293236142	-0.00665744457616	-0.327101362537	0.777137295943	0.408107436879	0.571898160023	-2.27875453094
G18	0.392047730301	-0.724286596319	-0.970560811038	-0.488092432497	0.521973753728	1.11829625346	-0.0493615271884	-0.704938767	-1.22025855742	-1.6996639173	1.33860548085	-0.540747011456	0.379241914844	-0.436559648339	-0.720464979579	0.649606986025	1.36455794415	1.92956769792	1.09440846512	-1.57529319349	0.341921215225
G19	-0.572088993939	-0.802035304952	-0.899029963727	-0.263292282718	0.0629472639963	0.31118387455	0.117425877375	1.7912601135	-1.42601189056	2.88079613733	0.133996730993	-0.407576501363	-0.354663830986	0.399557851871	-0.583903388963	-0.488498125025	-1.11399694794	-0.21517231468	1.43173281857	-0.746281764527	0.743650641196
G20	0.482507274855	0.26408077753	1.00461925157	0.396517009901	-1.18599817911	-0.921588893544	0.488779701316	-0.234496094731	-0.640197038348	0.789329967858	-0.969540443389	1.29923122091	0.229349341827	-0.664428412148	0.182560241671	0.341976911305	1.2920774535	-2.88784553124	-1.03715059808	0.995275637031	0.774940401318
G21	0.53658693131	-0.223979333118	-0.383134465978	-0.202883896828	-1.29955147501	0.195948145215	-0.168023639867	1.87556245989	0.621334445232	-1.13262652692	1.84772939673	-0.204739064908	1.51222245722	1.52208990088	-0.783447594412	0.72389794597	-1.04726939839	-0.792695725059	-1.34328300996	-0.724248474367	-0.529489077632
G22	-0.104458755595	-0.848755233312	0.234625359276	-0.11118263082	-0.23889062294	2.88807645415	-0.873589455722	-0.2536542449	0.117733374589	-0.0620314071708	-0.126760115505	-0.731528576102	-0.270372658639	-0.743143233873	-0.382062006839	1.9925688458	1.62848317225	0.589743330454	-0.672314358196	-1.28818025539	-0.744306981508
G23	-0.536297022511	1.32635749122	0.459307401603	0.862433364633	-1.44583060113	-0.679309499587	-0.243588627001	0.957333749191	-1.62400854213	0.472115346337	-0.0697967381673	0.58715010579	-0.704421084111	-0.35814289591	0.132108750455	0.0569743180135	-1.03763637341	0.61289907573	2.43746175601	-1.71967378919	0.514563814163
G24	0.972349094091	-0.99780057452	-1.59034173484	0.758813512105	-1.07207088922	1.08894615544	1.19001713954	0.770224604577	-1.05610701222	0.0376191508043	-1.75315163989	-1.0742690435	0.710008827259	0.516264957007	0.085585690493	0.811202162246	1.04962740939	1.3715134368	-1.30780358463	-0.202659670583	-0.30796799034
G25	0.935568394826	-0.163727493113	-1.29472556956	-0.29844679322	-0.0518697712137	-0.558574750692	-0.0381188219413	-1.36137017025	-0.222781569806	1.37140848227	-0.952151920592	-0.478189201418	1.22177815281	0.0223253507147	-0.533223000579	-0.614188589894	-0.123754733664	-0.0755914087948	0.496258067818	-0.508171271177	3.22754661747
G26	1.26241923866	0.746101728623	-0.794827497385	-0.58576069007	-0.0761686858973	-1.5452338501	-0.244518589333	1.07850788522	0.00432512780253	-0.5438126972	-1.10413405808	-0.730113454893	0.276086506505	-0.316619165773	-0.732903114676	1.35777102295	-0.823391187773	2.62584119977	1.19869370605	-0.737845664075	-0.314417760335
G27	-1.5835595155	-0.687182679983	-0.907085014646	-0.605653663917	-1.00037754253	-1.274394105	-0.435117300537	-0.945126359545	-0.316728820018	1.66624885446	0.291341758145	1.45973425327	1.46709508763	-0.778923557803	0.487720524973	-0.14145456748	1.52833170024	1.0169852502	1.21688546784	-0.0596525439415	-0.399087225871
G28	2.44907704101	2.37670708575	0.635448304572	-0.506384419161	-1.01668268424	-0.0716890745021	-0.00737293515986	-1.55481184262	-0.0944131471359	0.604265542827	0.456658407625	0.775263512099	-0.419238849848	-0.318469071666	0.0800811806428	-0.232148299796	-0.258815747069	-1.53444626924	0.199840866389	-0.909788634528	-0.653080965944
G29	0.492783792124	0.109772997343	0.19069870646	-0.958878232774	-0.404254468983	-0.567843340815	-0.0324757927615	-1.13590170507	-1.76753550482	0.675344471074	0.24757638639	-1.09129133716	0.572311720496	1.15274388151	-0.246171801918	0.31261430222	-1.74948836269	1.08412322583	0.425631008417	0.0549562689642	2.63528378616
G30	0.753624514802	-0.982940287412	-1.56809119615	1.18194319836	-1.05707403451	1.41046854171	-0.491876507784	-1.26836154487	-0.940150284484	0.737636370521	0.369887948235	0.538375759317	0.578369220152	-0.872981370248	-0.812686029082	1.26896168661	1.15984521135	-1.08593608284	0.752901280991	1.23299107125	-0.904907465927
G31	0.594595607901	0.60469637098	0.370677366739	-0.805133773234	-0.641025049371	0.851521820329	-0.928080369396	-1.4717683927	-0.666002565377	1.11652459482	-1.38495828293	-0.641934815273	0.349310800438	0.0822759530373	0.412733516555	-1.46162264738	2.09432276843	-1.18401247421	0.26996324509	1.07200004432	1.36591628124
G32	-0.779555686597	-0.771746563944	0.892309503702	-0.719460412067	2.05206149305	0.216891811632	-1.4403020295	0.110383850229	0.420870971407	1.24509172958	-0.69834302741	0.613222640609	-0.870413388001	-0.553349709887	2.53213044804	-0.0659887926935	-0.884475226647	-0.219037499746	0.390705741708	-0.700834016866	-0.770161836594
G33	-1.04771915643	1.01747511834	0.113807474913	-1.05755786776	-1.07868174195	1.49601621191	0.984561835482	-1.07079846267	0.635645053429	1.49249359342	-1.08479187524	1.05406963222	-1.0696147871	-1.08654608243	0.522672689812	-1.03846281348	1.10381241431	1.29128531822	-0.819144302083	-0.204795375829	-0.153726877098
G34	-1.12891502519	-0.992681874109	1.25122080262	0.371936737504	2.58620754167	-0.592796511166	-0.162195987659	-0.166552096758	0.276709265579	-1.11575773915	-1.01258137249	0.726958194223	0.168387639623	-0.337077411037	-0.715591151771	-1.0023066369	1.02807064862	1.3849387168	0.972477169325	-1.15829150006	-0.38215940968
G35	-1.33887498322	-1.04075446582	1.10930734642	1.12779030061	-1.31581295509	1.3513974889	-0.730720560849	-0.0362119988426	0.564711151388	1.30136771239	-0.188002408861	0.756773309382	-1.25754971601	0.667179187087	0.337645801293	1.2722531171	0.450589571859	-1.22975897978	-1.31651139715	-1.13210074135	0.647283220554
G36	-0.15439282105	-0.460199360311	0.206421315366	0.255606374803	-1.28649473613	1.10921295215	-0.714610671522	-0.592086063787	0.17066872596	-0.891109428813	-0.805354416871	-0.146794632459	0.0583987368919	2.37071894772	0.45539293422	-1.83693711182	2.3706226492	0.266520990686	0.256628078678	-0.672758392543	0.0405459296344
G37	-0.323708241664	0.116443631968	-0.553686627789	-1.62049556894	0.400707917096	0.682458995783	0.153287462343	0.568628821223	-0.831046394141	-0.642347943712	0.731385734014	2.0385378382	0.799221511149	0.79983901445	1.32739480091	1.0322234238	-1.9729187806	0.150895836864	-0.457394506825	-1.0084762092	-1.39095071493
G38	1.86242064402	-0.302153845605	1.4101102987	0.822994904519	1.1758945769	-0.405749165255	-0.0842019748139	0.502981475901	-1.70419972203	-0.459254878019	0.954216196048	-0.194237766187	-1.81051232317	0.0628416302371	0.730834742008	0.636749077642	-0.335785391374	-1.1781492953	-1.15580019446	-1.18791623747	0.65891724771
G39	1.16619805186	0.564635155794	-0.760333991621	1.54460074001	-1.3828720046	-0.260365073798	-0.0824874667253	-0.626662036809	0.458662043981	2.26790958582	-0.379171022531	-1.16056923983	1.4399830743	0.527841927939	-1.75726185889	0.281611698045	-1.01669165386	-0.464822046114	-0.407923491653	0.337271418666	-0.289553809987
G40	-1.09014074126	-1.09660711468	0.939653943838	-1.09393318735	-1.09536858606	1.32991721061	0.545155273262	-1.03494902039	0.613402447676	1.45736632267	-0.953904615868	0.895391209855	0.691540995722	1.01799003619	-0.530253664981	-1.09685994442	0.788990342182	0.698347846528	-1.09718154385	-1.09790901929	1.2093518096
G41	0.054672440304	-0.571318264088	-0.259901649569	1.02739432137	3.39130452504	-0.839343734461	-0.249182620636	0.126951996578	-0.863538364877	-0.54077649369	-0.098290999596	-0.627848485468	-0.607964291749	0.17141123943	0.890039754064	-0.566694713525	-0.46681138987	0.116007642713	-0.73801481968	-0.9626579248	1.61456183252
G42	0.269210362367	-0.731310934318	-0.251627634203	-0.617432786822	-1.27963974346	-1.52410038926	1.39716620837	-0.176486747803	0.827178854406	1.08198783597	1.48882107483	1.23726934603	-0.657764972301	0.8483974515	-0.669966918069	-1.29645157633	-0.844441261758	-0.964872171112	1.2755484421	1.20965647756	-0.621140917699
G43	0.195434664247	0.954772774835	0.712045322668	0.988264792007	-1.1329879606	-0.911997081049	-0.0927339418774	1.27334388748	-0.194618446779	-1.05624757683	-1.28390051263	1.226566018	0.100977419472	-0.485197445114	-0.707984162511	-0.238789840553	-1.58999880208	2.61756558111	-0.40951639046	0.302804724438	-0.267803023785
G44	-2.22676238198	-1.2822089088	-0.892880676482	-0.0725930658051	0.617438952545	1.16701348902	0.0593147497484	1.03962993849	-1.32585065235	-1.52142879119	0.965109118686	0.112959005607	-0.758980771009	0.245346336048	0.519378158025	0.534483718239	1.17578272268	0.887279646152	-0.938849329122	1.03486002724	0.660958714241
G45	0.288569524003	2.03746907169	0.331223225946	0.408856797522	-1.51514721951	-1.09135537317	-0.489817403494	-1.20676191297	0.130536120541	1.03336258755	1.92964818126	0.734295916754	-0.470537930215	-0.284180551642	-0.446724703899	1.33592398638	-0.809463287342	0.370142572321	-1.45805643759	0.039151762266	-0.867134926409
G46	-0.626810427663	-0.716645840727	-0.0848073566055	1.95250109765	1.89978794305	1.07893585843	-0.496106597685	-0.467177929719	1.6157314073	-0.812616266892	0.168501724109	1.07440246379	-0.922232120424	-0.97347033824	-0.734729651465	-0.894475258057	-0.893819227895	-0.617386215061	-0.39694650763	1.3585630595	-0.511199815755
G47	0.649284712647	1.77806945553	0.133452496434	-0.431384967232	1.79473133462	-1.76725035154	-1.06310258212	0.0456328331171	0.721168887389	0.79977098745	-0.501324979134	1.27597219193	-1.49100356523	-0.789490741779	-0.317151750901	-0.188523658551	0.59084825767	-0.910605677367	0.992805705158	-0.0790760738261	-1.24282251427
G48	1.47301745549	-1.73339777621	-0.571083512918	0.39333885151	-0.84464716855	-0.667078287876	0.742691700591	0.877495136497	-1.17817750584	0.321047791548	-0.789315074534	1.15646457811	-0.805789498596	0.435235079921	0.759975235623	0.83208875352	1.99576509733	-0.840838336449	-1.01916546969	0.577093963491	-1.11472101298
G49	1.54897318378	-0.234074272662	-0.921601933877	-1.45715909269	-0.0816881666861	0.632282272086	-0.52079440629	0.401981728039	-0.599291531809	1.2531996317	-1.64765997802	-1.98106390664	0.627109692438	1.46791223349	0.124427338152	0.182978300129	1.64576248293	0.379402940491	-0.211092518132	-0.797273281516	0.187669285093
G50	0.292723237711	-1.32008506869	-1.39763421053	1.33500987008	2.44050913509	0.726319211892	-0.00725680281189	-0.51717829321	0.258946521661	-0.705526154363	-0.480604837178	0.458054651037	0.0309229731566	1.97397488576	-0.752237273992	-0.81721312294	0.954014855293	-0.683950828711	-0.774401998691	-0.674430788904	-0.339955961661
G51	1.83168469178	-1.08281723178	-1.43663754766	0.421818494916	0.957047062241	1.14983891422	-1.0207820028	-0.409315675622	-2.09508292016	1.06957210086	-0.731116976642	-0.158949164964	1.14301907278	-0.71028222032	1.07459786435	0.550687231961	-0.371147546497	-0.974581563858	0.500403799914	0.28780204399	0.0042415732932
G52	-0.671989169428	0.632051486061	-0.0458761365976	0.592571001281	2.18917232066	-0.128523093988	1.84854327198	-0.622070263569	-1.24649374056	-1.52777062644	-0.0653413484792	-1.46390448922	1.58716354063	-0.0255134567401	-0.546198899892	0.328306634156	0.274731849071	-1.34511099583	0.494733095621	0.0420456164451	-0.300526595159
G53	1.59197593719	1.19836092039	0.346043311546	0.277798647127	-1.00738744187	-1.86647122608	-0.578903884326	-0.0145979691994	-0.537615056199	-0.536203943456	-0.257401689637	0.357639516362	-0.811052601123	-0.294991858973	2.05188293602	1.87200464642	0.620072035539	-0.922766152613	-0.165990798344	-0.0996478288322	-1.22274749993
G54	0.31606000813	0.798181713471	-0.882605780147	-0.241404678073	0.626716070605	0.892563919346	0.700293000391	0.812264051169	-1.84857770266	1.00986042462	-0.952655726774	1.25088971019	-0.717660022455	0.61733637712	-1.21603281034	0.218364110288	-0.879790336405	-1.28957390721	-0.597667516507	2.10646893675	-0.723029841519
G55	0.790385628323	1.18335562613	-1.6745310823	0.530067969348	-0.967217512553	1.48086183794	0.970970682169	0.500035312988	0.162495139863	0.601436798048	-0.960614337225	-1.537730387	0.71883255924	-1.17303318142	-0.854123395824	1.11225505143	0.932972208608	0.646667075124	-1.08937551917	-1.24132224787	-0.132388225856
G56	-0.902308550668	0.167200311348	-0.801893936687	0.811311113341	1.52490980605	-0.0662223451487	0.769504103061	-0.740919815831	1.21358254318	1.06084257841	-1.17211193882	1.34895199474	-0.123541973895	-0.648405997791	-1.0333988605	-0.988706494431	0.534719039062	-1.09911988056	1.98275169978	-0.926132803546	-0.911010591086
G57	0.316300764058	-0.971999241479	-0.153684688884	1.03449877332	-1.18770202157	0.307804950266	0.856881789661	-0.91770958174	0.945136350322	-1.10293476782	1.15373897355	0.667077586074	0.401688391358	1.95110839379	-0.839847929828	-0.319417664782	-1.34173893719	-1.12469776542	1.7412275808	-0.61061660145	-0.805114353047
G58	0.980314863195	-1.15433280026	1.1989825542	-1.13555633724	-1.21793549749	0.956708158372	-1.01360756882	0.754818686498	-0.126351555923	0.879534342803	0.584515066345	0.515403945933	-1.19747481679	0.754132438379	0.938145463655	0.0449460004228	-1.08515887461	-1.48791449622	0.858390294959	-1.3603005796	1.3127407122
G59	1.22409134776	0.30551624392	0.230412043066	-0.760487909017	-0.704746655968	1.03947747651	-0.636655320616	0.804848341936	-0.167583026984	-2.19737302395	1.47337890389	-0.332440504752	0.559724207419	0.698968464929	0.36092573161	-1.44350773893	1.02326209413	-0.601648935225	-1.05218629262	1.40353061397	-1.22750606107
G60	-1.41963418098	-0.0183664059278	-1.15646023339	-0.582244089726	1.89615597832	0.0959101336899	0.732361447192	-0.968484233308	0.300665100357	-0.388678245558	0.325628353422	-0.315477232509	0.417974779	1.07529798852	-0.605870811856	0.693128760923	1.1406512064	-1.04229533342	-1.94711576887	-0.0819381066961	1.84879089442
G61	-0.611772424419	0.108404249848	-0.105302775547	-0.948627086712	-0.212335786769	-1.08538695982	-1.2867906586	-0.654338461027	-0.176322770052	-0.979795231742	-0.654533314883	-0.319993601116	-1.16304257531	0.627350899424	1.77706913207	0.675957405564	0.640537422321	-0.0566676767217	2.3094151612	1.93182545315	0.184349599154
G62	-0.0892466260567	-0.435712925679	-1.61472237289	-1.18960839035	0.317919424024	-0.6193995958	0.307635494406	-0.631072672695	0.017493256017	-0.0961724105964	-0.960884168876	-0.109835684129	2.68814386023	0.176329901955	1.99246538818	0.0302000879328	0.300510191406	-0.687971596492	1.58351863585	-0.68749898714	-0.2920908093
G63	-1.2305467605	0.790626640752	-0.625164186485	-0.789790931821	-0.748274951624	1.42232859708	1.0529179722	-0.753670830268	-1.52502264858	-1.29297057847	1.19286616729	-0.672341003266	-0.698506451147	0.192083250967	-0.624940777221	0.95545772383	1.52911686338	1.49999464837	0.771867754897	-0.771806486009	0.325775986646
G64	0.666401020941	0.836276081274	-1.04782109614	0.639298294939	1.68649290592	-1.24004314044	-0.573603563229	-1.15798327771	-0.0150483695705	1.1300779099	1.452380075	0.472723369329	0.3143362349	-1.11341326386	-1.50244137831	-0.965586105664	-1.41537900261	0.49283918019	-0.361148577175	0.441408479641	1.26023422266
G65	1.5486535889	0.163925275929	1.17545680362	0.374585656032	-1.45020297389	-1.32091391351	0.450630578995	0.0132830359732	0.370163517245	-1.83237095014	0.492040041844	0.697810289997	-0.810971905592	0.636526981891	0.862706491209	0.705540109276	-1.66720505796	-0.608993195269	-1.267479406	1.29926082548	0.167554205965
G66	0.319564092296	-0.35775793963	0.718343801271	0.654541614064	-0.0415712205642	-1.01351682247	0.633166837113	1.84758149864	-0.797983612751	1.1484287746	0.109818548088	0.937233583987	-0.0052140340201	-2.35916952955	-0.138868156914	0.805059137842	-0.218044513148	0.0530816808565	-1.35298115003	-1.80847861602	0.866766026331
G67	-1.25003967092	0.485435675906	0.958231304938	-0.848454679031	1.08733937197	-0.64064331273	0.827574784752	-1.01333193817	-0.997911135171	-1.36402357639	1.41032652023	-1.11724065601	-1.30639699305	-0.873481809267	0.569165188888	1.25140864354	1.61645970016	0.580819935302	0.431468934815	0.667097074795	-0.473803364559
G68	-0.749032133931	-0.985803143894	-0.772885609281	1.6124178872	0.0253833952108	-1.50348939661	-0.23307439392	-0.548416765549	-0.822831919756	0.27839141498	0.94860955586	1.93444310732	1.14475060855	-0.801567910575	1.50248668099	0.216482035035	-0.626375991504	-1.41887154336	-0.65606016959	0.956624570193	0.498819722641
G69	-0.096749121327	-0.293777803805	0.505662645275	0.316289070314	-0.165208239815	-1.42189817361	0.211703064962	1.87448690659	0.501150694487	-1.66560499866	0.947299895775	-1.04435694312	1.39031564809	-0.393926284524	-1.17712457368	-1.09756085721	-0.640136632828	1.62352838535	0.964287395886	-0.949063420681	0.610683342516
G70	0.676691541339	-1.21590839012	-1.51105699805	0.691419204181	0.977052778777	-0.458272537248	-0.469163493098	0.985726382586	-1.25037524893	-0.539576327432	-0.411123377314	-1.44032399714	1.29862703688	-0.679634654703	-0.145107282473	-1.04634446307	1.82674313942	0.128013335317	1.18135610314	0.0476435848352	1.3536136631
G71	0.750663442606	1.11806045243	2.0888047669	-0.954396752467	-1.17303338077	0.790302427772	-0.810368689235	-0.985039174006	0.467140829254	1.38305643602	1.02129140085	0.527787734184	0.477071022281	-0.491517891693	-1.1158794074	0.211910206552	-0.862542466967	0.843999959148	-1.13120250556	-0.998667395075	-1.15744101483
G72	-1.05195880247	-0.899241066917	0.10672916392	-1.1400649616	-0.839899116106	-0.952686083816	-0.673414793192	1.64124083833	0.646589277484	0.683724278416	0.892149821541	-1.0571411709	0.634400394093	0.444368426668	1.44990237165	-0.189561991546	-0.979408002691	1.94119915326	1.08731699136	-1.02270170904	-0.721543018449
G73	0.374184007695	-0.89227076772	0.820171121308	0.840186740914	-0.730781148797	-1.08282768889	1.78517204387	0.784475707177	0.310552751649	0.708068450216	-0.320237245943	-0.0605420526512	-0.881272282346	-1.94178400353	-1.08203307553	-0.625714260795	0.916664822109	0.841558312672	-0.531708045299	-1.07139043874	1.83952705263
G74	0.959888991509	-1.21634882269	0.177698616292	-0.186451052551	0.786759994337	-1.55680478728	1.60670997915	-0.177674813093	0.534937621397	1.54377491617	-1.37939478478	1.08991337076	-0.259694090837	0.143048894643	-0.552803707458	0.444284923389	-1.74397648168	-0.0961500468079	0.712472590696	-1.56034670329	0.730155392125
G75	-1.4336955044	0.338075171822	-0.155691875598	0.333797802882	-0.146711758346	0.501449550151	0.96708415857	-0.893640006466	-1.24735884019	0.0363674224085	2.85577778593	-0.758996673289	-1.12830591717	0.901129856028	0.231728279331	-1.10874154118	0.0520644336623	0.985939227266	-0.531681113098	-0.835538309593	1.03694785127
G76	0.928202428891	1.17051201871	-1.16154872183	-0.354072072724	-1.22956450058	1.08537776459	0.437502185152	-0.767392689865	-0.994287608968	1.10469999031	1.14148943086	-1.35975628051	-0.362488147061	-0.71379683787	0.823648147585	-1.40908361284	1.55443621473	0.641556599145	-0.97150758635	1.02150117592	-0.585427897284
G77	-0.974973829198	0.790712300383	-0.968793719747	0.131520558706	-0.883382371174	-0.99874008098	-0.976832801961	1.44322213996	-0.535187672841	-0.93139326773	1.08366820806	-0.959826451134	1.34213042113	1.77879142328	1.50488543649	-0.923751979688	0.757248190691	-0.47937949053	-0.968793719747	0.00821216539156	0.760664540636
G78	-0.0321355459447	-0.47020201159	-1.47351725115	0.128862702592	1.07091708164	-0.450690762761	-0.968634439316	1.7364752123	0.02243957491	0.373573636508	1.6914484114	1.22662667201	-0.353664068609	0.232525875938	-1.19835650868	-0.945350659944	1.49421498647	-0.264167383736	-1.98155683772	0.202760240496	-0.0415689248227
G79	1.57486013311	0.996683457421	-1.14938724125	0.661121942467	-1.07103088125	-1.09130444817	-1.07725890347	0.525454310367	-0.857144176033	0.387703362813	0.848708551844	1.55327320571	-0.728092414656	-1.11739991869	-0.944156917935	0.508102396313	0.706781577323	0.853668627875	-0.926300748625	-1.03156272837	1.3772808132
G80	0.242294530958	0.528251296514	-1.10643671142	-1.16785049799	-0.998987803378	-0.531701771471	-0.187575482891	-0.234543941496	0.363936073069	1.17557968998	-0.340515405403	0.149915553119	0.119120522652	-0.565956059074	2.67784285146	2.23501004842	-1.09058424529	-1.13102851437	-0.0823457978341	-0.218204428259	0.163780092694
G81	1.41706652875	0.678548409697	0.237847547247	-0.195293376305	0.566080599419	-0.627473686663	1.9495211645	-0.59453573813	-0.774469238577	-0.851931173957	0.801090705174	-0.764440393372	-1.95823809275	1.07745825157	-0.755371074694	0.706356205645	-1.41674239166	0.11198765892	1.04877894908	-1.22720384594	0.570962992041
G82	1.16324155566	-1.24124626995	-1.57317266217	0.71385683597	-0.270853907477	0.0225143299363	-1.39865983728	1.02892768506	-0.213457576814	1.54150344161	-0.782523172955	0.854902289017	1.31309048031	-1.14029342308	0.967642684941	0.558548075076	0.169648212544	-0.0268419566578	-1.62899339488	0.780505452604	-0.838338841463
G83	-0.95198258081	-1.31928019323	1.74994609127	-0.70751108082	0.362729697424	0.740691874447	0.385643368187	-1.37785117005	0.620555678602	1.49225032634	0.400394382083	0.503001129655	1.13451775591	0.255295438411	-0.926865475518	-1.66388725825	0.773289830171	-0.467948294539	-1.58346555568	-0.241282769466	0.821758805854
G84	1.36753166892	-1.05881504811	-0.98237581022	-0.626665031052	2.28526566668	-0.616213372514	-0.801763125358	-1.0924257369	-1.03142210236	0.826130506412	-0.399344270446	-0.740847619268	0.0534446783531	-0.0655680986668	-0.736741208755	-0.84920997998	1.00073733151	0.0484738590517	1.48087047415	1.4224169393	0.516520279241
G85	1.10465203956	-0.579924208215	-1.56038163361	0.0231650632978	-1.7618867751	-1.49445868145	-1.94700041834	1.05834332089	-0.341837485744	1.28122560277	0.769415171661	-0.359892548474	0.970452225167	0.311968613567	0.657516887241	1.17802904027	-0.147719042026	0.409037938045	0.970538097423	-0.0033155831213	-0.537927623807
G86	-0.0196490451291	0.917644547416	-0.72907227848	0.342276203477	0.458618427357	-0.846137590764	-0.577642264803	1.17770134169	-1.73796662486	-1.79174519977	0.114279828877	1.73836638802	0.936668373249	1.23559341952	0.768203776942	0.872354010242	-1.57527773468	-1.06418174862	-0.230771356724	-0.28923500443	0.299972531474
G87	-0.496114753891	-1.18105850807	-0.920982310372	0.510622697922	0.924326966616	-1.31674349346	1.57268523003	1.58996569506	-1.31814621025	0.258462607375	0.319325836466	-0.298475764003	1.14994757394	-0.57179689752	-1.23927601213	0.751070375117	-0.208733831154	0.0591198330917	1.9029645487	-1.00978162298	-0.477381960481
G88	1.5083997346	-0.619182836001	0.875528379052	0.096220396216	0.479830332979	0.250298431671	1.15085249573	0.592047202388	-0.719612923497	-1.08253312695	1.47683781169	-0.725147161903	-1.51291247111	1.73101702094	-1.01223577925	-0.646031743761	1.32313325245	-0.72638217983	-1.18805713289	-0.618172752611	-0.633896949924
G89	0.157718113348	-0.888123274485	-0.955370675437	0.71968542053	-0.0251516357439	-0.57987218327	-0.66226228482	-0.941426650401	1.95214576175	0.427404918408	-1.03281836776	-0.746446752625	0.454059037756	-0.0830831636483	2.41723187946	1.15444358771	-0.904872516416	1.12525535152	0.349985794921	-0.994503906991	-0.943998453798
G90	-1.71362112941	-0.333257276517	-1.46397023681	-1.65628398448	2.27929270091	0.295263219024	-0.430780912007	0.789243736	0.486118471286	0.847170394671	1.28786854038	0.426082647641	0.413840815198	-0.102870469949	-1.75482309117	-0.271002065183	0.764682559655	0.0281473595542	-0.286224888716	-0.026884352856	0.422007962779
G91	-0.976610738428	-1.34626882681	1.09172998788	-0.675594591308	-0.157812958412	-1.28967384546	1.20584623951	-0.756394508386	1.48633080517	-0.994415491806	0.184998362714	0.330667415035	1.3131055246	1.42439665282	0.401361415848	-0.915203333399	1.01073637118	-0.898184364447	-0.300311119052	1.12428829198	-1.26299128923
G92	0.323757115306	-0.887598632248	-0.26525715231	-1.23387758058	0.834663783766	0.682755559652	2.04476653951	1.18590878591	-0.039511276295	-0.166814355163	-0.86413243582	-1.44689951734	-0.702708286937	1.06254537395	0.746520401537	1.49223269882	-1.08691763734	-1.62920390084	-0.0586438391238	-0.565271673862	0.573686029397
G93	-0.754176127983	0.855475613394	0.21630080339	0.281887720245	0.793433132629	-1.2667467798	0.839976937113	0.712162893096	2.54720332404	0.951025604739	0.351752493846	0.221128725628	0.166084730695	-0.421266420846	-0.70813848705	0.814242652495	-0.902502708149	-0.915885052644	-1.57394802699	-1.66215606438	-0.545854963459
G94	0.292039705846	1.26692780915	0.463235778452	0.236294189901	-1.66082769296	0.642657687522	0.743708993701	1.67496876742	-0.936823116616	-0.336485963021	0.139220349249	0.368205389868	-1.40654798095	1.66198683664	-0.180702793591	1.39796708839	-1.35937814621	-0.37481997561	-1.24022641166	-0.429914242125	-0.961486273403
G95	0.757824019327	0.712674348948	-1.59121636596	0.860544456009	1.0497656749	0.557794316466	0.243414663881	0.059292832299	-1.37584000156	1.49420048941	-0.889910308527	-0.714748779441	-0.342755057334	-0.601150573636	2.13206906016	-0.762281859107	-0.498937650705	0.984273883407	-0.437014044625	-1.65119998774	0.0132008838296
G96	0.292445825142	1.09203430832	1.50354416851	0.691376064724	-0.964131346251	-1.56269950603	0.37766377288	-1.01994463283	-1.94955485135	-0.28466649195	1.64086081578	1.10374246791	-0.456445009251	0.0199159714764	-0.917336002939	0.554004718053	-0.925497403206	0.203375298665	0.0371413122378	1.33582335273	-0.77165283263
G97	-0.217252139672	-0.947583968739	1.37465359984	-1.28618742239	1.38300459261	0.37360809617	1.08688498836	1.08725763931	1.14931633396	0.242086936989	-1.15753255638	0.459739713559	-0.395458089965	-0.609801332149	0.955782445882	-1.10391350275	0.0734057478617	-1.67488534122	-1.66453155482	0.956792050865	-0.0853862373254
G98	1.26063487211	-1.0388958758	1.0347203943	0.733341625525	0.933555413542	1.06989801865	0.846115298427	-1.1942097462	-1.10037037171	1.06643219108	0.965595563321	0.696890092999	-1.02101839567	-1.08929081355	0.980955307997	-1.11590444066	-0.986804447521	-1.16657880465	-0.415639107968	-1.16490043515	0.70547366094
G99	2.14332302937	-0.551562091326	-0.38614375011	0.26865658065	0.497143206657	0.446746111872	0.723398107144	1.20320826769	0.203557626692	-1.08142136451	-0.105348447378	-1.18537059224	-0.371981649916	1.01069371643	-0.691245219345	-2.38673333936	1.54269346648	-0.279353441458	-0.919908156308	0.271445077609	-0.351797138652
G100	0.624403040756	-1.17567876105	-0.257580273232	0.784773258627	-0.614410882956	-0.557603522195	0.525857462055	-1.27083782106	0.701385283769	-2.78025785773	1.33682388283	-0.342712468679	-0.512763399282	0.387508269507	0.606814681869	0.567259143498	-0.947503169687	0.18161908653	0.0977657297727	0.936822371218	1.70831594545
