gene	t0_rep8	t1_rep8	t2_rep8	t3_rep8	t4_rep8	t5_rep8	t6_rep8	t7_rep8	t8_rep8	t9_rep8	t10_rep8	t11_rep8	t12_rep8	t13_rep8	t14_rep8	t15_rep8	t16_rep8	t17_rep8	t18_rep8	t19_rep8	t20_rep8
G1	0.643649781868	-0.205809112041	-0.86560425113	0.162855422109	-1.83369784585	-0.603391267605	1.67764968451	-1.5530896609	0.207475937757	1.95247417785	0.699840190658	0.625078886066	-0.677538478512	1.26095700041	-0.357811521881	0.48943780606	0.921986489495	-0.94690054996	-0.408831496104	-1.31607376117	0.127342568384
G2	0.607973380302	-0.45553735733	-0.632419974006	2.34637837922	1.95318943245	0.0570144267913	2.24999260129	-0.570035022862	-0.29284284741	0.0875463465149	-0.791447805654	-0.347415835676	-0.622551190523	-0.963548314422	-1.37825476907	-0.617974764675	-0.596817200404	-0.622938822098	0.102375231998	0.230305518256	0.257008587313
G3	0.43208962413	-0.567025046259	-1.53808424728	1.6370331158	0.79416004708	0.703043296988	-1.23824058256	0.243392586742	1.5721583535	0.0774683843419	-0.401611721412	0.327290182308	-0.825704284097	-0.402805997994	0.920318717677	-1.14263024981	-0.0607132946264	1.34584762196	0.411051365544	-0.0510882010506	-2.23594967099
G4	-1.13923377305	1.11187786093	0.775476060472	0.79374674547	0.631215379056	1.34345394087	0.595001317634	0.618678774041	-0.861108005168	-0.839614589604	-1.1546722089	-1.13167180058	1.37000942385	-1.0854778032	-0.257462645776	1.37480369334	-0.959610032504	1.33207184246	-1.18757610488	-0.324010200884	-1.00589787359
G5	-1.44930778917	1.45786523694	1.47022598095	-1.00634411709	-0.951389602626	0.268655524062	-1.06644996157	1.3313796267	0.694786447203	0.19775217014	1.00460502488	-0.872073808552	-1.34086494836	0.770012302072	-0.878947494321	-0.414694805648	0.484323316553	-1.18479853371	0.798306148278	1.23064804365	-0.543688760382
G6	-0.368346636541	0.493225163223	-0.688387616031	1.25870765578	0.603060056857	-1.18426422542	0.604053731083	0.219954655654	-2.00788603449	-1.83777592953	0.735814356589	-1.1314956532	0.6964106306	-0.743296409662	0.546342747291	-1.10925552222	0.727944283654	-0.121364508934	1.46901757988	0.606255966995	1.23128570842
G7	1.00948734456	1.68323924203	0.59555165099	-0.85785174382	0.237369368939	-0.223100703211	0.0101731579889	-0.925229831934	-0.659411781191	-0.3897099202	-1.14711088581	-1.3037586423	1.95320195595	-0.136292416298	0.709372707685	0.327147366098	-1.93568043193	1.44285769595	0.704229223046	-0.297203000111	-0.797280356445
G8	0.082202820289	1.39541194995	0.610203714024	-0.75755557944	-0.178953722307	-0.367080723135	2.48369265089	-1.09783479204	1.03773332304	-0.0483767842972	-0.868098525142	-0.0330333007711	-1.35230355975	-1.6890308919	-0.153463913647	-0.840632782995	1.50704019246	-0.350139960041	0.198206915499	0.840014645071	-0.418001675762
G9	0.227879188531	0.825175625658	-1.24260615194	2.48828392184	-0.398512433173	0.0154499089456	-0.154801526145	1.29776969476	-0.836387918118	-0.459128705291	1.46219739764	-0.104535251638	-1.6177931741	-1.16097686486	0.584956453799	-0.766413920954	0.881378319481	-0.120546211199	0.181103084096	-1.35075447116	0.248263033821
G10	-0.125125557754	-0.282740977058	1.37457644252	-1.22062220798	-1.11105394145	1.85971452218	0.0356076358348	-0.63980094303	1.23559218455	0.705575947941	1.24909310424	0.304725608784	1.03284115266	-0.843721982737	-0.190726871577	1.13896140076	-1.05070013964	-1.55141765517	-0.997621144496	-1.05291210142	0.129755522851
G11	1.00211255112	-0.48245118072	1.79557151291	0.231352513048	-0.726964394375	-1.67633916334	-0.879921785806	0.620110538146	0.432869881788	-1.06540654792	0.532586431525	1.24166061276	0.54949318463	-0.106887446619	-2.14719094509	0.320111066528	0.357488049877	0.582694028174	-0.529384485444	-1.26369641582	1.21219199463
G12	-0.312698140339	0.861580721882	-1.4917281246	-0.15075355297	1.00285684541	-1.63546326275	1.05825092767	1.25997549149	-1.57413696698	-0.181367647972	-0.199577097189	0.886118629975	0.937322194565	0.847220331305	0.483307826855	-0.861146314167	-0.561114677672	0.0892488224107	-2.01057511359	0.928058207351	0.624620899309
G13	-1.0957566395	-0.691804571051	-0.342259882289	-0.0829857552057	-0.605774038206	1.15518803404	1.68662237136	0.640335972045	1.7642313406	1.60435759119	1.23409177718	0.10746457797	0.0463825518476	-0.888771458609	0.302524875381	-1.34275808059	-1.41085623198	-0.379672366389	-1.44665143439	-0.318335812063	0.0644271786602
G14	-1.12424521147	0.318640868479	1.0722651906	1.10331769443	2.09078185152	0.596338551269	-0.981342900366	-0.691066426155	0.329050902758	1.88361602171	-0.90741048172	-0.453984270807	-1.26661131019	-0.229209954542	1.25212972644	-0.250185991461	-1.43471332698	-0.809618319154	-0.418359730928	-0.382318516449	0.302925633004
G15	0.399151479149	1.21906588189	1.39995328174	-1.0488218009	0.943505422527	1.43711849808	0.973122795777	-1.08896167364	0.914816913945	-0.995919850932	0.624327571561	-0.215923734373	-1.19214414742	-0.650311875375	-0.689593202422	-0.118410932787	0.985077840067	-1.26110826072	0.769569789765	-1.73313422702	-0.671379768897
G16	1.17158308979	0.856616341291	0.612753805487	-0.000604835727263	0.24317984469	-0.84866688258	0.511680829917	-0.904049868203	0.40920923793	0.409231482327	0.646665387607	-0.30411850069	-1.26556579645	-0.447825642269	-1.66987438203	0.259329276385	2.93739887702	-0.21730696368	-1.10294535694	-0.188241879399	-1.10844806447
G17	-0.18166811262	0.682063457393	-1.03771889445	0.443962365094	-0.706729966848	-0.25422420412	1.79373705125	1.15613306426	-0.793943458043	0.841372777522	0.253345166662	0.835091989449	0.0953005244342	-0.534497376035	-1.27397392456	1.44002568753	0.833527430856	0.853623613786	-1.43824923552	-1.45481451126	-1.55236344478
G18	2.25298453219	-0.917324934114	-0.568651384526	0.327048084864	-0.465255443679	-0.139580755397	0.768692296412	0.351283634058	-0.3679069066	-0.427912769579	-0.607638853516	-0.458852933818	-0.148085634666	-0.349665760265	0.560131951039	-0.951012312159	-1.39263709004	2.03713302837	0.179829225389	1.78187888177	-1.46445685574
G19	-0.533464188777	1.55362722489	0.941806913471	0.987768408204	-0.749024606678	-0.955043757066	-0.44627492101	-0.297902424954	-0.924850693357	-1.26301300689	0.239785510087	1.45308078118	-0.613045582634	1.44334996527	-1.00252163894	-1.04250637357	1.25811629258	1.62565661173	-0.961400611583	-0.583528907401	-0.130614994554
G20	-0.741293826208	-0.0371923304733	-0.932024958616	1.03021658582	0.0211399189095	1.87805520231	0.0539681047669	2.44768313502	-0.95201745626	1.22095747815	0.882581074421	-0.443138050106	-1.10280821016	-1.30075331723	0.582411966386	0.358060700379	-0.82002291275	-0.692642022542	-0.134600508369	-0.335335558107	-0.983245015344
G21	-0.686330192178	1.96126722238	-0.616830318324	1.90509538851	-1.13874530772	0.643894034552	-0.312960803412	-1.09472592192	-0.0902631105603	0.586868497031	0.889862149323	-0.37830412017	-1.11841619809	-0.149516208141	0.313275138738	1.35038045193	0.394224204793	0.991702463201	-1.13634980596	-1.35022706074	-0.963900503247
G22	-0.819890151329	0.826201599782	0.847149009202	-0.0683727617675	-0.360406093503	-0.98012987558	0.225943849837	0.240414824667	1.03237014136	-0.59103572451	2.04581584818	1.14714015282	-0.884140300152	-1.21255919635	2.05033955816	-0.568447781564	-1.07734372976	0.544201232407	-0.163272729108	-0.960155767766	-1.27382210502
G23	2.29051451726	-0.136393849876	-0.781466509278	-0.377801874719	0.155053857762	-0.596405257891	-1.10758561311	-0.479985409241	-0.0774229584084	1.40999022885	1.68998010026	-0.592669477913	0.621415685527	-0.905950984801	0.20516124226	0.300964568282	-0.868265508788	-1.02185900858	1.82743351403	-1.13621260125	-0.418494660384
G24	-0.800430006562	-0.697274829312	0.414398530643	0.306400913123	-0.797179491864	0.983422594079	-0.974216548293	-0.682032875243	-0.403333905084	0.054919337152	0.468555998653	0.547546972303	0.736874120808	1.28033671264	-0.000534070269038	-2.45586994413	2.569204455	-0.933394456823	-0.210308262826	0.296398714083	0.29651604193
G25	-0.73297297949	0.196274566093	0.740256102271	-1.03501336117	-0.954129476994	-1.11608160199	1.31064724422	-1.04483086982	-0.952836909128	1.18977868455	1.12226479923	0.967433190321	-0.443372527801	1.11557928194	-0.938621769742	0.961667384786	1.67126435729	-0.962041276613	-0.994965507283	0.774502936437	-0.874802267096
G26	-0.911061574561	-1.20688278489	0.80947608591	1.38502399367	-1.01920206226	-0.368845144181	-1.26090362919	-1.17323125408	0.988149391803	-0.802704007143	0.954354532715	0.939298106159	0.769504195632	-0.552664352606	0.793350959207	1.24653965778	1.67057705506	-0.716396729484	0.414224015773	-1.21414104006	-0.744465415257
G27	-0.208489555504	-0.267617242841	-1.18072170625	0.176507567815	2.50711250867	0.713783119949	-1.09723248286	1.72042619142	-1.62443229046	0.832176570106	-0.239625576826	-0.142410395234	-0.797298643432	1.00884666053	0.615504757141	-0.114692369721	-0.727991027333	-0.904225552376	0.75529363094	0.0366446353483	-1.06155879908
G28	-0.344532020188	0.584822053514	-0.532274158434	-0.537851300195	-0.297757988784	-1.17726192421	1.8255511969	-0.11469491399	0.610762177549	2.85926347936	-0.46934981124	0.333062780351	-0.868588636323	1.16816693173	0.32216207188	-1.16440959346	-0.843451499952	-1.14185801699	0.0154102187643	0.455033889574	-0.682204935853
G29	-0.51066859188	-0.174058450539	-1.06423349931	0.385880160707	1.84775024838	0.819693650777	-0.913606725627	0.0691900265636	-1.09525073603	-0.269543955124	1.339759506	0.352846039633	-0.895432938653	0.731081705546	-0.621846067946	-1.43850524532	-0.676046560901	-1.01230527542	1.91537699208	1.50925637197	-0.299336654908
G30	-0.429705109604	-0.0146353835616	-0.320843691966	2.04598805636	0.27071975054	-2.16056099715	1.23682196978	0.619546446703	0.175165973969	0.121608418914	1.94459440117	-0.920348591679	0.457374926492	-0.422288605165	-1.39780108886	-0.115373289665	0.662217859995	-0.811785884538	-0.976919764482	-0.610400215736	0.646624818488
G31	-0.0895235388555	-0.0845680850561	-0.775971222946	0.244091026932	-0.122929639162	1.05502145042	0.408440615369	1.89741997855	1.48855783699	-0.847530539962	1.00474231039	1.12955129241	-0.908822944267	-1.66591646602	0.705170304205	0.503230696858	-0.856158226561	-2.16457088096	-0.320435780913	-0.578944715093	-0.0208534723339
G32	0.229295010154	-0.454855410206	1.09285402673	0.860510568859	1.50879402261	-0.635156691355	1.0457750578	-0.0256455700116	-1.82999515084	0.471564883616	-0.10583968758	-0.826450190676	0.461152233233	-0.880365048776	-2.01596415336	-0.955525206118	1.02864092644	-1.06906027796	1.1472204961	1.12071242025	-0.167662258917
G33	-0.666475128781	-1.15103791206	0.232319039983	1.40679832116	-0.529338975386	0.32871482135	-0.941107351834	0.555478181645	-0.931421844085	-0.820446768192	0.916315721172	1.3990064027	-1.30558165717	-0.846274788856	-1.15998209974	-0.183376184032	-0.891025272663	0.754791212157	1.95830015716	0.425911013506	1.44843311196
G34	-0.496476257741	0.135727270923	1.28177049056	-0.768913854037	1.6348043568	0.165249749539	-0.148369786963	-0.188291680325	-1.16247063342	-1.57065491313	0.752500865343	0.720400285768	-0.162161015785	-1.64901951443	-0.610605564603	-0.141545875985	0.983476152954	1.46008967738	-1.16828425109	1.65015050276	-0.717376004538
G35	0.95797155688	1.26884283083	-0.446688389662	-0.00214930376438	1.40778512863	0.878156589978	0.0764699772867	-0.636475916693	-1.75084260118	-0.833666203406	-0.127113744247	0.708911055488	1.62187240615	-0.949033835907	0.494474546861	0.692347635186	-1.04694539462	-1.78625901967	-1.38270290807	0.499785052061	0.355260537869
G36	-0.272176217425	0.835737065968	0.594328056115	-0.545805733806	0.534984021819	-0.386972250919	-0.262646208451	-0.388637711084	-0.684501679553	0.405268147864	-1.46684768009	0.765803387641	-0.714035094647	-1.20938095162	-1.16193210329	-0.217508884694	0.185829799092	0.144423553208	-0.177204748691	3.4261781586	0.595097073964
G37	0.898615666367	0.353230054107	1.65415643292	-0.761755061142	-0.502178426158	-0.583446273391	-1.19577860732	-0.132027344653	-1.33164721608	-1.29372196977	-0.969571822835	1.00086788183	1.14937227967	0.674326646116	-0.723940853193	1.21351669423	1.52863227079	-1.38855719912	0.156832364542	-0.657230323291	0.910304806373
G38	0.630249650704	-1.92817268955	-0.703538332194	0.207211247665	0.545772464925	1.05866185731	1.53598312855	0.276297330083	0.182634169446	0.233629826524	-1.02713404471	0.610670458211	-1.02970750873	-1.1209164392	0.266578114931	-0.0288221030947	-0.15657620991	-1.69348071965	1.00493044569	-0.853594137842	1.98932349084
G39	0.583267674797	-0.941680948369	0.373392740425	0.120857103171	0.00589115319376	1.33514814455	-1.49231940242	-1.55742296191	0.128656781274	-0.257323319463	-0.496601477007	-0.208269885666	0.868870365335	1.60826740399	0.725774578044	0.972292366752	1.06033356687	-1.94500124538	-0.718018842197	1.04848303435	-1.21459683033
G40	-1.02649205056	1.18229744844	1.54988989806	0.691119253414	1.00849581989	-1.0911272738	0.70268641635	-1.09301152865	0.708447887918	-0.9933566797	0.952353869255	0.888215504611	0.80132605237	0.836240041887	0.931778764364	-1.10845713663	-0.52492281647	-1.09911140453	-1.09972802509	-1.10815558215	-1.10848845899
G41	1.60636762225	-0.402486820007	-1.20511831499	-1.19398475769	0.357534676648	-0.867568454855	1.82236431435	-0.416751690303	0.728506510149	0.743779649028	0.720348055211	0.709903244755	-0.148261127578	-0.625846712945	-0.925188874196	-0.868171995908	-0.306417285358	1.40789492214	-1.22774045375	-1.23653085167	1.32736834473
G42	-1.30934701606	-0.649120553354	-0.687097970156	-0.676317014156	0.688419320617	0.150965452388	0.825666807968	1.02421890355	-0.680377555337	-1.31476239924	-1.28962011801	0.762300050507	0.61679400418	0.367475181763	1.4644568808	-0.125663398469	1.49237858056	-1.65263010865	-0.115474189638	1.78073279199	-0.672997651248
G43	-1.1909295903	1.58438038655	-0.676148760967	1.68095795396	-0.898443335535	0.811197979092	1.68476351498	0.725128541953	0.843511376275	-0.754662864396	-1.03161206951	-0.301404607409	-0.345194460862	-1.07756172827	0.391512341573	-1.60626971547	-0.828813523513	-0.778602034895	0.326785925191	0.908588462155	0.532816209389
G44	0.28440452461	-1.91620937155	-0.542040130525	0.90108715101	-0.307528939039	-0.336310401121	0.929986418165	-0.418338072935	0.936154355163	-0.796623623394	-0.141923617246	2.21069921244	-1.37303037852	-0.945981942793	1.22040621402	0.733575069977	0.0125743691618	1.00239783022	-1.42638261282	0.546941542786	-0.573857597612
G45	0.0909762563552	2.92608000204	0.131276683376	-0.456716639178	-1.66053205133	0.695132275247	-0.469722863043	0.888410811286	-1.91566127617	-0.496281853682	-0.0288633838217	-0.049796725939	0.834259639302	1.08299206604	-0.777706530666	-0.512386152285	0.748322130662	-0.43566650159	-0.169706742874	0.251054931061	-0.675464074792
G46	-0.991504658504	2.31996281339	0.353360622496	-0.337172365155	-0.123721096012	-0.458740916902	-0.800043677164	2.32331511997	1.04444178607	-0.652457852983	-0.32869672211	-0.271032832233	0.750619493812	0.597066985597	-1.36890269462	0.182266484893	-0.88787832624	-1.36607748027	0.110750611233	-0.73192227746	0.636366982207
G47	0.106690854075	-0.767662623122	0.456986786084	1.19197055336	-1.39339466988	-0.610255767324	-1.09734282535	-0.457692249171	-0.642237325524	-0.370605997064	-0.950541487793	0.180770948977	2.32884781361	-0.696610827508	1.48683825521	1.29188501773	-0.524887492698	-0.895061491838	-0.00813863137265	1.62112521066	-0.25068405106
G48	0.0697321080365	-1.76622847464	0.977712067183	1.10018325482	0.707920590027	0.548933103008	0.806374818947	-0.522707411651	0.954628690586	-2.23494687262	0.450018100595	0.590003838906	-0.647568431958	1.66238537362	-0.98842734332	-0.483325032362	-0.559801397208	-0.365520036005	-1.16440155466	1.12388042297	-0.258845814272
G49	-1.54949952517	-0.7438290539	1.99390204905	0.170040590217	-0.933872308737	1.34771450972	-0.343639363309	0.919779500934	-0.984766146079	-0.928062968217	-0.674615475213	0.536335057529	1.28861421797	-0.724354354456	-1.22806415688	0.0966415223528	-0.329429430125	-0.649634159308	0.0755627144386	1.19836954331	1.46280723588
G50	1.12896634683	0.850081591383	0.972060561048	-0.754518056613	-1.40940650877	-1.56664326641	-0.847622735206	-0.0973248169024	0.603942296248	-0.17608519685	-1.29665652016	0.233179533503	1.34427064299	-0.413504530358	1.12224204722	-0.868806026678	0.131619233847	-0.798878116944	0.543481492541	-0.833562438819	2.13316446811
G51	1.55258090774	-1.04366259283	-0.927565959527	-1.04895140543	-0.389766909991	1.23261846385	-1.13703907519	-1.56951970563	0.387907505986	-0.127384231324	-0.784651647038	0.429858171544	-0.0103428390806	-0.722194965742	1.20856768808	0.281867885178	-1.00557364858	1.29644711275	0.816509571777	1.89980202039	-0.339506346926
G52	-0.481862592072	-0.343252643461	-0.757111731731	-0.858756172841	1.54193640666	0.161891168916	-0.347954742553	0.733627206124	0.676267907236	-1.32296929998	-0.287092250262	1.38791420994	-0.970269050051	1.25410777161	-1.16977980185	-0.557510836647	-0.263333860771	2.65287914998	-0.712291363754	0.144394357343	-0.480833831835
G53	0.556760912556	-1.19004039959	-0.52994237901	1.03675014816	-0.700771221277	0.979622954579	-1.02465420446	-0.737126798109	-0.967341987306	1.00122406776	0.329187362406	-0.696095100361	-1.09243346933	1.28712357765	-1.35701406586	-1.04779614418	0.894380729752	-0.682880685842	1.09728706183	1.28085376631	1.56290587431
G54	-0.356027930083	-0.897832839732	-0.853816782555	-1.17495099781	-1.18046948005	-1.07867423277	0.963718346902	1.04389484324	-1.13156650625	0.876118872148	1.6855517967	0.310663814295	0.923492173426	-1.12435862272	-1.26799105027	0.881653033286	1.03923723051	0.707311033564	0.934199391074	-0.985622911093	0.685470818184
G55	0.420648144377	0.161151287292	0.86674269282	-1.39275774102	0.626156592391	-0.636832479807	0.779055295184	-0.392468941428	0.313295849175	-0.791150246857	2.18526885632	-2.29914084718	-0.554610920419	0.829303300011	0.87531767897	-0.109371513902	-0.941015552508	-1.37230503554	-0.0499307333849	0.984363424519	0.498280890996
G56	1.12210584517	2.16634250617	-1.01303146206	-0.0643878291094	-1.71560531639	0.181050392576	1.4143908712	-0.309890156199	-0.511603744122	-0.932911579007	-0.258214078123	1.28591177113	1.04959076239	0.464645575013	0.565571222927	-1.44806022758	-1.05129526515	-0.164532340809	0.565746919218	-0.684555374323	-0.661268492919
G57	0.999118070127	1.70750677886	-0.953135393979	-0.746668120768	1.05010356967	-1.90680634781	1.57469361292	0.150936594838	-0.80491850305	0.762527118359	-0.199033621908	-0.621553043755	-0.813377344291	-0.577773559219	-1.66501390302	-0.00314593796448	-0.268761703833	1.11824071321	0.125187242104	-0.186330265756	1.25820404527
G58	0.530014507885	1.86117150801	0.0210407398494	-0.510573099474	0.587911616229	-1.49745135734	0.28534603925	-0.31649329465	0.872179237268	1.0212892903	-0.107232863992	-1.26902052098	0.818266875426	-0.0487401409074	-2.54325017423	-0.595459105605	0.226128511749	-1.35611952948	0.840937146898	0.662494326245	0.517560287552
G59	0.535155479506	-0.0361981349541	-1.37874394581	2.00836491133	0.680347572484	-0.455659047549	-0.321204706527	1.12465876097	2.29283844021	-0.841655364692	-0.808674876873	-0.299318497584	-0.697503141899	0.405119276007	-1.08358509541	0.796916146331	-0.214742971801	-0.954143103446	0.91667074261	-0.397611571398	-1.2710308715
G60	-0.726262489343	2.20558793439	0.513882050704	-0.403433364107	-0.124790688291	-0.239397417434	-1.66735117708	-0.018250734758	1.10628577104	0.879292084416	0.973822737064	-1.04293931252	-1.49838321216	1.7571322721	0.513661254751	0.0120146661001	-0.414268721074	-0.840172302864	0.634342144173	-1.03922212633	-0.581549368773
G61	-1.65349789069	0.380015469111	1.32483150179	-0.905107180518	0.263371292856	-0.158950629641	-1.58529679772	-0.100765558782	0.00205004501029	-0.0546834804704	-0.363422276242	0.259638918548	0.884289274313	-0.254527653057	0.891265786727	-0.47018924264	1.79050712381	-0.0734231347423	1.66548514937	-2.18246950716	0.340878790122
G62	-0.583474742035	-1.62281171813	-0.0771386895663	2.63161082328	0.936937948743	0.095611827537	-0.831732217196	0.213289043662	-0.0595105554129	-0.396706060488	0.807230650315	-0.40794114619	-0.278017674837	-0.779541221875	2.27002085339	-0.0760790878552	0.651649933514	-0.303302819349	-0.97559707026	-1.07724913944	-0.137248937809
G63	-0.364795093114	0.434358178396	-0.412631692232	-2.03088613461	1.42557082977	-0.23426284433	-0.829724891437	2.06262148996	0.309938407108	-1.11383834917	0.0345079196288	0.554661617209	0.919987427283	1.58728567819	0.10870405676	-0.933665152944	-0.852514300627	-1.13040061979	-0.0755437770001	-0.536576141259	1.0772033922
G64	0.750710225706	-1.10105014514	-0.461035709649	0.959919541918	0.700793460247	-1.56263316037	0.25648357567	-0.530858219585	-0.605765401791	0.111398597149	-0.309792433899	-1.27685089303	0.923033826583	0.166079694701	0.312500394689	-0.786190696972	1.27134067218	-1.39663482191	2.60906766275	0.590544019925	-0.62106018917
G65	0.631048900808	-0.742610726034	-0.488357497789	1.73646271942	1.27491011093	0.909549439694	-0.215948268915	-0.30622579026	-1.13653082216	1.34628559999	-0.226964413324	-1.12659398815	0.0621882270322	-1.12056420652	-1.61440127081	-0.49768161164	-0.919820162848	1.60848111713	-0.355148546545	-0.247825099164	1.42974628913
G66	1.62100962945	0.209431531835	-1.28843908781	-0.0109320632783	-0.463402294002	0.176903220714	0.614127658517	-1.85998955994	0.634431170976	2.10038123595	-1.77287286086	-0.884525632853	0.881771740847	-0.300576929132	0.9701751048	-1.33013710968	0.22925773313	-0.095482844266	0.036263930969	0.089165424191	0.443440000437
G67	0.811666182583	0.691789506973	-0.531740774566	-0.942707154565	-0.719868353574	-1.40914147459	-0.480777026757	0.575373728576	-1.07261644609	0.612355243674	-0.822152857116	1.16004872673	-1.01666671866	1.63199933911	-1.10257738301	1.94373311341	0.279786764163	1.34676560452	-0.381859835827	0.482993595379	-1.05640378037
G68	0.339394039882	2.7097816103	1.27217015781	0.360255983738	-0.214006274361	-0.57059142039	-0.856674372228	0.0872862537521	0.0527387392599	-0.319215156967	-0.808321059988	0.0616846523597	-0.772432420534	-0.611876733146	1.70055967618	-0.847789419354	-1.63155503928	-1.38167568806	0.668504750923	0.501731120528	0.260030599572
G69	-0.882849356936	-0.0732056715452	0.993872615815	-1.18000055724	-1.32630286718	0.0579290064467	0.0233581613539	0.243567011999	-0.6945921102	1.08632355529	0.723892476283	-0.697732061096	-0.379746765893	2.79116424511	0.374610387466	-1.00805793042	-0.0842390110387	1.1379437203	0.891863443267	-1.27726057189	-0.720537719894
G70	-0.927205447003	-1.04084956258	0.454298330705	-0.0189361999357	0.973131152949	1.47358985129	-0.0815446206893	-0.373497879472	0.0371149619833	0.60112413971	-0.828037190165	-1.60860574535	-0.386347028512	2.01973441288	-0.981738700361	0.931664650906	0.594110446833	1.46939171957	0.219200300788	-1.52522692197	-1.00137067157
G71	0.495974693213	-1.17897250015	-0.0718552098833	0.20231910675	-1.51389891119	1.01062809654	-0.274308986076	-1.68532590029	-0.721297718375	0.543351831775	0.0190191840879	-1.6653453206	0.549048875389	-1.28563654518	-0.0194194894924	-0.105980173716	1.70284345188	0.460274038439	0.795094039177	1.25580969984	1.48767773785
G72	-0.0667371216723	1.43138103667	-0.527854133676	0.869365219452	-0.726626547488	0.505206325827	-0.955925121412	1.8465898401	1.34372738073	-0.590474570801	0.452558840275	-0.548998785149	-0.700378717887	-0.86756445322	-0.0188732991002	0.786708236584	-0.0276656308671	-1.59142262477	-0.744748268401	1.67610018216	-1.54436778736
G73	0.576349335534	-0.687238884837	-1.17865713555	-0.99420136788	-0.890944441482	-0.70514160493	-0.333428488644	0.887120679357	-0.657503984398	-0.822786516351	1.7719663133	0.481182880691	-0.700776725687	0.0472950814372	-1.27322056553	0.529087766137	0.752769696275	0.903495020195	-0.393465052304	2.6862366055	0.00186138916265
G74	2.20915863221	2.11562699589	0.0897465889053	0.434658586807	-0.46726999746	-0.62112852768	-0.93808411312	1.26521065446	0.260569709871	0.308835463735	-1.42098634262	-1.078658049	-1.89630315545	-0.109034871221	-0.645917445855	0.243693747311	0.716326667476	-0.494407562554	0.144268336653	0.212296249209	-0.328601567573
G75	1.40700860581	-0.553697579073	-0.470386685347	-1.24953652262	-1.80075012492	0.377904214196	1.16708190161	1.15290610474	0.253066129869	0.413982999211	-0.742114977337	-0.995463848588	0.62723438921	0.447661701912	-0.331989229602	-0.388362331188	-0.643226415962	2.16198064619	-1.59157509676	0.775293816758	-0.017017698099
G76	-0.735055497835	-0.299374639107	-0.0965465578293	-0.745068812793	-0.287399324364	-1.83814921307	0.561046133959	0.707215117853	-0.194674502975	1.6749003506	1.86667566367	-0.400132985517	2.31896998429	-0.705607710924	-0.128301981791	-0.865787711408	-1.37806026377	0.483692005177	-0.393428639105	0.293225539118	0.161863045821
G77	-0.949162630221	1.3245493275	0.561672511956	-0.934247809261	-0.900023040575	1.28954236747	-0.92904023052	1.5967500827	-0.962740481678	-0.885218258257	-0.835345077663	0.298265678243	1.13446582602	-0.963623541782	1.05941947205	0.969052988119	-0.920052824419	0.825701063998	-0.956145499057	-0.921464986994	1.09764506237
G78	-1.88942620851	-1.27712997068	0.702852446524	1.16694924192	0.401374426873	-0.316331039343	0.846449408033	1.05827659738	-0.861960030572	-0.570751130214	-0.0919268392546	1.3786788835	-1.08500299594	0.934169235981	0.383441157021	-0.822595073283	-1.4430432005	0.641401788373	1.73971868185	-0.638724186672	-0.256421192485
G79	-0.613811572175	0.775083908356	-1.41564499339	-0.978971875996	-0.466677515929	0.169069578459	-0.90008072048	0.264394450364	2.48765567893	0.959007489532	-0.681707345209	-1.43739532359	2.08441651874	-0.922819838659	-0.488288093415	-0.209684306055	0.614124852953	0.390634725275	0.36309141989	0.281537449319	-0.27393448692
G80	0.88435814009	1.75794368975	0.943466072777	1.53027716106	-1.93821137436	0.0770252676539	-1.4396764542	-0.768958230406	-0.784961217626	0.132206110697	0.187018667939	0.270828886131	0.644840561997	-0.426417545395	-0.25939799637	1.77029870919	-1.17089760005	0.165658091491	-0.891170965894	-0.842879005673	0.158649031197
G81	0.559152356745	-0.755432329594	-2.22973246609	1.71474661516	0.306191233666	0.799722980218	0.509466626985	-0.933130067543	0.12922937157	-0.928015838904	-0.741850101838	-1.67930601129	0.852923114124	0.39933271178	-0.327706118351	0.701488980718	-1.1711869912	1.4755109877	-0.069780546674	0.904888105374	0.483487387447
G82	1.16937943645	1.43727387509	1.23297209493	0.967646594175	-1.28329493564	0.668283938157	0.248580531362	0.281104302422	-0.804437282852	1.04307162796	0.690102105683	-1.26562776478	-0.657270207419	-2.51558900538	-0.206096039747	-0.449430414783	0.281412066268	0.36115596791	0.308965832742	-0.19924893005	-1.30895379249
G83	0.459340843843	-1.01260854315	-0.0800156084597	1.33758763326	-0.255653237771	0.204760899345	-1.08892997347	-2.40902817846	-0.713257028466	0.945251093269	-0.90581312367	2.17015388813	0.371868247627	0.153441627989	-0.304944819374	-1.10052998281	-0.240895535821	1.11440868625	0.530591922036	0.937564367265	-0.113293177553
G84	1.14601697032	-0.421934380456	-0.515237713463	0.576067679459	1.39529770438	0.329841527671	-0.451976569604	-0.878232350261	-0.436554654234	-1.27300358292	1.30149967805	1.13428141424	-0.742865184319	-0.31444586539	-2.61450161446	1.20062992125	0.605904243069	-0.250746649732	1.13437379672	-0.371299836679	-0.553114533626
G85	-0.127101055387	-0.139452201526	-1.98160118621	0.564904308429	1.37106335943	-1.4894307579	1.22522499124	-0.117663887089	0.502358928362	-0.074417709312	1.22301483131	-0.809858080103	1.86531734627	-0.530176289316	1.48858378538	0.409583710421	-0.666686924319	-0.415732920973	-0.577565980505	-1.10605813409	-0.614306134117
G86	0.512944601584	-1.14452786069	0.259090976718	0.243094021267	3.18323836625	-0.184152677071	0.00778190747908	0.743422971706	0.53967915617	0.68898407371	-0.506887149167	-0.924340196425	-1.16947940229	-0.464254442067	1.00307556893	0.100921155701	-0.141159719263	-0.653407343941	-1.75037682733	0.345128573869	-0.688775755137
G87	-1.17741252743	0.782398684156	0.656726430041	0.859666712606	-1.02779919089	-1.03164244702	-1.08250247903	-0.665133546828	-1.03464151973	1.2181407234	1.2881433215	0.485732835436	0.492835689787	-0.79095928884	0.458533164579	1.31650727883	0.920909392953	-1.04806767149	-0.995445558043	-1.19636828261	1.57037827862
G88	-0.769605429223	-0.275715700045	1.07076105509	1.96212433984	0.784356087953	-1.39321297727	1.75276963217	-1.32131665884	0.405162796265	0.0590992230227	0.0409078201891	-0.725404782707	0.771419077783	-0.670591035717	-1.74872479849	-0.959725582571	0.700581364933	-0.60722924184	0.596733702882	-0.533391502591	0.861002609163
G89	0.851637157099	-1.35238573256	-0.610923280334	0.706181792814	0.0667754353421	-1.67317768373	-0.244095419228	0.354638864659	-0.680566809224	2.6093581157	0.0873884036147	-0.396074994354	-0.349122999295	-0.826201178648	-0.28341126564	-0.931127673459	-0.222795913598	-0.356470633776	2.09609773284	0.294514197292	0.859761884479
G90	-1.65930707296	0.156963360871	0.0170055691228	1.24149424429	0.220097729998	0.653415477285	-0.659567052006	0.803604012333	1.23075010687	-0.507209153708	1.07843590169	-1.0189341991	0.573253900539	1.23674698715	-0.27038590666	-1.75690001865	0.540641358156	-0.40876200758	-1.64162228393	-1.13228288272	1.302561929
G91	-0.240221030177	1.97974847001	-0.250570115643	-0.607731756199	-0.446810924925	0.107469060008	-0.463717237571	0.780956196939	2.25917539665	-0.468375297471	0.965746954217	-0.542172436946	-1.5218966548	-1.66953626767	-0.527267292891	1.09570472065	-0.418676372651	0.433596396716	0.611850974703	0.204588880354	-1.2818616633
G92	-0.685158115934	-0.497376369646	1.60648168202	0.322057894039	-0.098347151749	-0.170297431858	0.277293596436	2.72019321739	-0.521617315047	-1.19555395859	0.303982745455	0.0836630677285	0.522574827918	-1.74452565815	0.243530231195	0.612914607022	0.955113000343	-0.986520259785	-0.0880455158498	-1.62383508055	-0.0365280124013
G93	-1.94535774641	0.603974162413	-0.706075901212	1.08362640791	1.01137651636	0.042133486265	-0.543291782993	1.34367003825	0.558245553439	0.915815263772	0.286680637225	0.0229772520475	-2.23924216901	-0.187588047814	-0.639022972603	1.04566936332	1.39360153412	-1.17215428816	-0.360776088218	-0.844512375766	0.330251157077
G94	-0.808831671391	0.453704799566	1.00911749866	-0.904830154854	0.33415685582	-0.783873099172	-1.45072290165	0.15574619242	0.296255918392	-0.244252788582	1.36550754579	0.484085173426	0.93601857477	-0.407330167647	0.858678402821	-1.31071997899	0.800817364995	2.35768333393	-0.6684332434	-1.24341252503	-1.22936512987
G95	-0.482888189772	-0.16767414785	0.00722093295171	-1.83658082831	0.283702179824	-0.224993393656	-0.725722259409	0.886284795724	0.584109396067	1.07399198454	-0.162045760063	-0.357371493238	0.7519408654	0.191575718998	-0.0674426261659	-0.288219253875	-0.698378511609	2.68134520526	-1.06429061381	1.3406866479	-1.72525064891
G96	0.750738521492	0.986400086693	-0.958098422599	0.822020492565	-1.11303784278	1.3277197727	0.821769417286	1.0588896561	-1.09943296166	-0.988640142979	0.824735825207	-1.14994783268	-0.834708230494	-1.12139483372	-1.01927132696	1.14466857908	0.946052962809	-1.06776252483	0.872426339837	-1.04029270888	0.837165173799
G97	0.804902118221	1.36599195723	-0.978884517031	-0.621693670759	-1.17518019738	-0.417764619654	-1.30039850583	0.734908301979	1.372191253	1.51472172637	0.918618253208	-1.18786676746	-1.01607059541	-0.384111369015	0.863388912871	0.788669145649	0.880776708508	-0.89079701834	-0.738613445884	-1.29558092531	0.762793255044
G98	-1.56488780171	-1.07982180793	0.135465285053	0.201463619564	0.792387782977	0.915506446678	-0.39702061272	0.863513337614	-1.06760078627	1.58273156008	-0.659706337576	-1.58483578498	-0.823417788006	0.651208572406	1.78060096392	0.25775120562	-0.856082309518	-0.434263500929	-0.564217884618	1.65798814006	0.193237700294
G99	1.29538641639	-0.856008530023	0.367276933327	0.27247768317	0.0450118273981	-1.67200063002	-0.799722218774	2.61014169585	0.527383214814	1.09647057658	-0.717866361594	0.455996278425	0.192426921727	0.75516155201	-0.605431738506	0.631506149274	-1.55798773782	-1.21290831557	-0.806466741683	-0.0589572456509	0.0381102706771
G100	-0.161724680333	-0.0969351854593	0.923580495466	1.53748417697	-0.847178412814	-0.235234493703	0.172764318471	1.21419578192	0.671399020418	0.312638926162	-0.085150397753	-1.75659678674	-2.33942138293	-1.20140733671	-0.187202839625	-0.393691892898	-0.526908301497	1.36199057582	1.2506823135	0.88295224949	-0.496236147751
