gene	t0_rep10	t1_rep10	t2_rep10	t3_rep10	t4_rep10	t5_rep10	t6_rep10	t7_rep10	t8_rep10	t9_rep10	t10_rep10	t11_rep10	t12_rep10	t13_rep10	t14_rep10	t15_rep10	t16_rep10	t17_rep10	t18_rep10	t19_rep10	t20_rep10
G1	1.75530354147	0.0719065448943	-1.21431406624	0.349945758572	-1.0447720962	1.82360631473	-0.446135176816	-0.326302345612	1.61093345919	0.225725391054	-0.144982983239	-0.567971995398	-1.51875416603	-1.10815887606	0.945120246657	-0.282458714295	0.830110654263	-0.866939574232	-0.846705648065	-0.532058881738	1.2869026131
G2	2.85123911936	-0.0871238997139	0.881164458228	0.328629774882	0.0992282627761	2.27374198128	-0.416248241502	-0.26287246134	-1.69380980309	-0.756647412952	-0.349950791789	0.240862074317	-0.330267460843	-0.522524622617	-0.777024649343	-0.189812835028	0.219518812698	-1.09198515644	-0.585329868453	0.481370608884	-0.312157889308
G3	-0.363507282951	0.0669076944108	-0.428436766933	0.399993293475	0.365955247095	-0.231884458194	-0.273390961553	1.28016780882	1.39968307361	-0.826000909216	-0.364636630172	0.378643443175	-0.0657686556685	-1.89352734454	0.38286552572	1.51643283443	-1.07709310656	-1.91845678656	2.1654004429	-0.214287791858	-0.299058669428
G4	1.41679429662	-1.57501046068	0.273520751602	1.01776016311	-0.559279416975	0.693359232012	-1.03138226402	-1.07562412059	-0.589597446819	0.177854555784	-0.282183460058	1.718805267	1.14571273697	0.342718628882	0.0283197398439	0.553205136102	0.574531393508	0.482713666352	-2.2709632092	-1.21866860659	0.177413417142
G5	-0.745926140197	2.41968672153	-1.02547943249	-0.320251723967	0.0758151292042	-0.0624682078985	0.189227362511	-2.08695102932	0.651752724902	0.030509050567	-0.480561369429	1.57626535788	-0.435390856557	-0.795728830976	0.28612142877	-1.0099957365	0.694839696249	-1.15916604734	0.163680515519	1.16845016696	0.865571220593
G6	1.19359825338	0.885024535103	0.870508686485	-1.02501644532	-1.95681781593	1.18575625406	-1.41743737568	-0.238602965037	-0.256047741036	1.12790918366	-1.34284279712	-0.738457474938	-1.45023009337	0.87160238077	0.364040696791	-0.913748395752	0.886428126205	0.493056376068	0.963477731493	0.0430590319491	0.454739848233
G7	0.836671860797	-0.297441591344	1.20730312487	-0.12486563395	-1.690558621	0.345732215715	-0.363708741478	-1.09786206222	-0.836474159507	0.592482779371	-2.07404106443	0.0534481270084	0.782807786948	-0.0965663615955	1.40576276641	-0.769375413434	-1.1983246875	1.50022497888	0.0250446446363	1.43417666978	0.365563382047
G8	0.982417462983	-0.0437476578599	-0.253080540112	-1.07033701898	0.465429770767	1.00961126505	-0.289213084913	0.917623244742	-0.886513704877	-0.213558315459	-0.0705978252954	0.782188777178	-1.29857404819	2.68594582977	0.398883440163	-0.636424058752	-1.42464129033	0.583737658155	-1.50895904634	0.674096595777	-0.804287453458
G9	-0.727247099153	1.25958974552	0.245988664425	-0.327263610706	0.0520156266025	-0.766752160037	-1.40174762431	-1.28361683794	-0.723953156745	0.159167016946	-1.38521487622	0.765436584218	-0.114120198867	-0.456718637357	0.883705802691	0.764869259804	-0.424566545849	0.720710655517	2.99239997646	-0.425217918326	0.192535333343
G10	0.864874261514	0.153291154965	-0.185155480926	0.560844240848	-1.26629606308	2.4017432295	-1.41988525223	-0.955004916452	-0.203692793527	1.33789871091	-0.324942559725	0.880939932435	-0.818677412244	-1.24045058009	-0.659137103414	0.731438180004	1.25030018334	-0.0387387570924	-1.36077755181	-0.192832769102	0.484261346184
G11	-0.632343156666	-0.574762710913	1.96835984785	-0.219626734463	-0.305678730318	-0.790560051005	0.45195751579	-0.646662738518	-0.587393740916	-1.18414989878	-0.265364554937	2.47284782143	-0.571826368911	-0.285602345473	-1.27540619353	1.06377199694	0.361247517226	-0.593545780923	0.0990170706046	-0.306442303397	1.82216353891
G12	-0.242192965965	1.09030713278	1.10722578868	-0.93242029553	1.67642579887	-0.892808853236	1.51451247747	-0.965902230098	0.871817604097	-0.958721210587	-0.585311944758	0.965409275376	1.14621344645	-0.991048543981	-1.00369892425	-0.957805401929	-1.0026609078	-0.994433249826	0.807824208891	-0.512398880612	0.859667675962
G13	1.39194163293	0.0567740053458	1.29626860912	-0.810633929673	0.46873437774	-0.863735790537	-2.00685106526	0.692163075838	-0.881369315844	-1.51068126845	0.392085794361	1.94850173403	0.224660111975	-0.500176612657	0.319191717567	0.832138072041	-0.87212828792	-0.526825774963	-0.716839967108	-0.182210282472	1.24899316393
G14	-0.629981071012	1.81376733059	-0.756723013779	-1.03396945105	1.19120783024	0.577017844982	-0.483903274166	-0.0455456876988	-1.23581041233	1.15865720702	-0.779739583493	-1.21722537907	1.23115859515	-0.94680649188	0.527680610035	-0.0983434727737	0.45159124998	-0.996926806337	0.756733382641	1.69379083994	-1.17663024699
G15	0.347641669988	0.926066077668	0.259022929261	-1.1340224701	-0.278056473833	1.66278134863	1.46402686175	0.623280360697	0.324637257315	-2.3206624547	-1.30668586693	-0.658685219151	0.957037338611	-1.22670515163	-0.074896311262	0.751467822142	-0.938567322949	0.882145768789	0.324901548687	0.314116002209	-0.898843715195
G16	-0.100750026409	1.73433279213	-0.675322810624	0.181809418211	-0.719009891429	0.93803386759	-1.38987854394	0.752760300921	-0.206650847496	1.88437619142	2.08489962506	-0.443102800391	-1.00613244391	-1.27274483166	-0.160431805388	0.253486349334	0.698894247649	-0.752457576642	-1.05448256313	0.00866230778295	-0.756290959082
G17	-0.378397072484	-0.102364643664	-0.0329000597267	-1.71889739759	-1.08200166306	-0.022872330679	-0.762904397023	0.465637893511	-0.430992047482	1.94841558534	0.51081960204	2.37501786582	0.187863895265	-1.31760058474	-0.0146262313717	0.207552485224	-0.780326416603	1.52561903467	0.136420127175	-1.06828838515	0.354824740534
G18	1.09138642963	0.260096988683	0.518531351584	-0.813415574265	2.09553071133	-0.501308448342	-1.65568919192	-0.896980554719	-1.34117356947	0.962539923856	0.499952800343	0.791054971466	-0.0306703208412	-0.5239715948	-1.61112215739	0.303886857796	-1.1326264219	-0.363884471678	1.44483374196	0.722841694124	0.18018683455
G19	-1.58378970399	0.669205295783	1.95620185763	-0.167625421579	-0.419776998456	0.385234365181	-0.280319460764	1.17502591853	0.757954671665	-1.00658392019	0.249129982759	-1.09679614568	1.69138808253	-2.55054093952	-0.0166408189576	-0.161676658157	0.287935868215	-0.123929913813	-0.0126274815596	0.000362432977196	0.247868987399
G20	2.95911826732	0.592209989968	-0.366499923348	0.654680880712	0.834154083283	0.275134053413	0.0507657020558	-0.911690316854	0.00848966858033	0.0595605219663	1.47421381129	-0.282641486067	-0.238472816444	0.0799322611181	-1.58628244218	-1.06185798174	-1.29093012774	0.668644441932	-1.06279166539	-0.152596662254	-0.703140259604
G21	-0.908250094891	0.441799748034	-0.24217857241	-0.529623500165	-0.965624223795	-0.329130472939	-0.784103521563	1.28033193365	-0.688852922417	0.178770161523	-0.868637663468	0.389023381371	-0.675460847263	1.97142367408	0.407467750395	1.29296441653	-0.562068317446	1.90233923705	-1.42175895037	-1.12544104077	1.23700982486
G22	1.44922967042	1.41293062471	-1.13689471398	-0.379943245974	0.82512743348	-0.922061583693	0.576357381463	1.38131490554	-1.0883505847	1.10461554532	1.42089724264	-0.814207507565	0.690313103327	-1.09070574334	0.641864747596	0.491892947322	-1.00085535307	-0.868618202051	-1.04630338471	-1.02569465832	-0.620908624421
G23	-0.861469712092	1.22464520688	-0.583881519524	0.595439372899	0.303145373293	2.60052381768	-0.0552191151015	-0.846187237888	1.17285954221	-0.170595440882	-0.232100250787	-1.12330361187	-0.58737488343	1.17429564998	-1.17469053422	-0.623660433668	-1.17446971677	1.37833256675	-0.977508490237	0.122519872566	-0.161300455792
G24	-0.107367980965	-1.3081853754	0.0887055831984	0.991090299651	-0.750481457839	-1.54112720992	0.256225239053	-1.39033335598	-0.997433282439	-1.40964355949	-0.261846057405	-0.0134723975758	0.166803523548	1.41614681656	0.520492435888	0.394789652593	1.23833099003	2.02140111876	-0.84212057333	0.349816566278	1.17820902479
G25	0.721437085328	-1.48675215045	-0.993132108781	0.31820170071	-0.234146334627	1.30901477089	-0.934797143668	-0.278439461466	1.93096458984	0.000408341352952	0.817216952507	-0.149942944804	1.57034302825	1.36974363719	-0.0330348154538	0.0833135459583	-1.21128677517	-0.793080575703	-1.7259040695	0.397748297687	-0.677875570079
G26	-1.42430285101	1.03633502448	-0.955981831409	-1.35226187761	-0.0314596522953	-0.0448702556033	1.28462807871	1.42528627442	1.73759144167	1.02401827136	0.250370848709	-0.427783452504	-0.396466521614	0.80672493146	-0.540865684966	-1.3063092312	-1.45541195036	0.799494581715	-0.0697115933786	-1.05213126296	0.693106712406
G27	0.18136071263	-0.283866233341	0.712160137111	3.40838071485	0.0764674462718	0.488544082099	-0.648393600675	0.201985824975	-0.851551950363	0.877927135791	0.426101263641	-0.17889635699	-0.801468877314	-1.00986508054	-1.17407434271	0.418417565164	-1.58218428339	-0.0299324832667	-0.15388461324	-0.586577849191	0.509350788499
G28	-1.26272677789	0.362717674496	1.04812124457	-1.45184094024	1.01519113844	0.606865583742	0.436401281665	1.21123171065	0.631019872025	-0.894813781215	-1.20018729519	-0.944644682217	1.01821084026	0.262115091514	0.949977886346	-1.29848754264	-0.807851136468	1.87747871815	0.178608444774	-1.05138867455	-0.685998656213
G29	0.623844392737	1.59199181183	0.383561283982	1.08777771173	-1.65790155847	1.01332933094	0.470184000544	-1.53546529473	-0.807001096441	-1.17214682257	0.731012286271	-0.613901815823	1.1368132308	0.866764328296	-1.34916816015	0.328880038886	-0.577720137667	0.400660849605	-1.09096803004	1.02930794956	-0.859854299278
G30	-0.158019149995	0.15185392439	0.946276942033	-0.0678853308022	1.18786060627	1.68955678224	-0.386571255191	-0.509741576765	-1.16649566451	1.13674607625	-1.52028824407	0.078029531798	-1.43541197971	-0.252724493775	1.58399557533	-0.612334006664	0.850300557611	0.507499539476	-0.378237872476	-2.03109279077	0.38668282934
G31	0.961670683529	-0.687604126185	1.48900995914	1.66263362169	0.20264259706	-0.421581300756	-0.438179232983	0.502778521143	-0.504644600528	-0.772726059033	-0.388159105786	0.541270952865	-1.16176006196	0.72177549631	0.984746649981	-1.82849836059	1.18723774122	-0.301733335892	-2.19702941768	0.38247464648	0.0656747319814
G32	-0.129531099859	-0.531187055684	0.643617410793	-0.433729508465	0.568411689215	0.506955553515	-0.609387695378	-1.24885470824	0.498786082432	1.17636758793	-0.128753253071	-0.169843945582	3.16997018848	-1.04579302056	0.176485057659	-0.292718780506	-0.587599666084	-2.03999144582	0.266139179342	-0.0535350526672	0.264192482567
G33	0.826712536101	-0.767313239097	1.94697301759	0.497772610365	2.35570664438	-0.020895754249	-0.393954243578	0.431052258226	-0.927924489742	0.283668598618	-0.921066034317	0.136729049928	-0.432666355105	1.55486030836	-0.907793234383	-0.220623337136	-1.65423997205	-0.459690637397	-1.21353567789	-0.263537216624	0.149765167995
G34	1.15900359428	0.98617326917	-1.10173134164	-1.33343368673	0.753946679303	-1.0476615566	1.07424591419	1.03645540957	-1.10223362352	0.903907422853	1.12698646657	0.049110558592	1.57974631404	-0.896537734475	-1.15283613573	0.458813103513	-0.232441830794	-0.997987692927	-0.847844561849	0.740684909799	-1.15636547761
G35	0.6980354383	-0.97530539831	0.40605040965	-0.496264648103	0.60121144894	-0.987671399512	-1.2945815565	0.514802274929	-0.643800223825	-1.23415875909	0.889124855937	0.681087235335	-1.17569394017	-0.121262237037	0.807779029026	-1.34527050073	0.518672947648	-1.20060311727	2.13566091034	0.910329213944	1.31185801649
G36	-0.861283942836	-1.06241556132	1.14165434818	1.40403625387	0.75162463507	-1.13391931128	-1.05080436127	0.991415723283	-1.0968272246	-1.02710116478	0.950821825115	-1.06263446587	1.21047701338	0.896042118379	-1.12492967511	0.768432007515	-1.0935740781	-0.559771029821	1.29922263817	0.538239652429	0.121294599597
G37	0.615605698941	-0.760210803895	-1.47674465106	-0.737377202038	-0.150018483693	0.480346190086	-1.30939595396	-1.02871441843	-0.796617840758	-0.71532533232	-0.04707107889	-0.0750577002235	1.89421564238	0.533310069379	1.69401129309	1.47629431169	0.262462785243	0.816460473794	0.937045710001	0.000261886083296	-1.61348059542
G38	-0.836509183502	-1.01619742795	-1.30121453992	1.96439509104	0.537857949488	1.19622042059	0.94653297751	-0.303400191087	0.727295244692	0.869208860465	-1.35995334044	-1.26456821491	1.28978359831	0.436085140137	-0.174744596132	0.746790629583	-0.840463679569	-1.07252115152	0.123357578394	-1.26600893011	0.598053764929
G39	-1.26255402416	0.728737727446	0.811677641958	-1.36414236076	0.177494096219	1.64791387055	0.152649252566	-0.563230643901	0.417260242287	-0.651709955389	0.654298855239	-0.861714901387	0.995414191024	1.11089318543	0.955328139011	0.897935404784	-1.83561792032	-1.71584435139	0.485015588491	-0.982047318825	0.20224328112
G40	-1.10142317434	-1.10008505185	-1.08872764128	1.21349547122	0.55228706101	1.63789585834	-1.09185483098	-1.10072021229	0.922180704379	-1.08918945984	0.70356078502	-1.07552807355	-0.952365156021	-0.277019468922	1.16191954832	1.03231803568	0.383422015439	-1.08809695831	1.09005878867	0.875176273567	0.392695485732
G41	0.877568467826	-0.905110827184	-0.980772397383	0.850097379011	-1.09294501225	0.933689365232	-1.0255424628	-0.382949939123	-0.935310532549	0.549087469916	-0.859082218981	1.08711318117	-0.818967165418	-0.936366857045	1.88752510786	-1.09503238396	0.415813642412	1.24144964019	-0.970476559506	1.26274907996	0.897463022629
G42	-1.17584537646	-0.119101861426	-1.13324143755	0.587952829535	0.0525882896691	1.07945807165	-0.706339055341	0.354148326833	-0.0924453158934	-0.834982137488	1.61038708079	0.869060141681	1.37806849146	1.1158930905	-1.22317779842	-0.198555394307	1.72068838673	-1.01775688504	-1.59362076054	0.248177850245	-0.921356536624
G43	1.30912648632	-0.716052299436	0.788033830349	-0.770600725599	-0.706702589649	0.0237067195422	0.120173653634	-0.267968117161	-1.19972380191	-0.0754927072998	2.46956361701	0.62399500799	0.373638220527	0.872065589566	0.29497407513	-1.22432637954	-0.870491897079	-1.70358167065	-0.417094872553	1.57267510774	-0.49591724693
G44	0.301341875266	-0.0507713391548	-0.438888074222	1.17134606494	0.486772428411	0.523146135602	0.376466709898	-1.88193774369	-1.57197479182	-1.76509041762	0.424778521819	0.529148093437	-0.766611753842	-0.444784734552	-1.22218305835	-0.579772846555	0.596701379286	0.634955634121	0.407091831376	1.30867375591	1.96159232973
G45	1.08548575354	-1.013267824	-0.101169457659	0.0152470748242	1.8296707946	-0.884466687911	0.352970432455	-1.76240167211	-0.324797137385	-1.75745160646	0.477892569731	0.818432669524	0.98120965666	-0.185315539286	0.40869359709	-1.04141384945	0.592677959301	0.932216215143	-0.956109857728	1.45064025299	-0.918743343864
G46	-0.62306238985	-0.823285241701	-0.709524853542	2.70136413408	-0.493368694313	-0.410599255271	-0.823285241701	-0.357545339307	-0.81153990042	0.533082759827	-0.472276574153	1.32908186138	-0.763378290306	0.721312799672	-0.570579560172	0.387284431026	0.853957107687	2.12437662318	-0.618550808191	-0.373002741447	-0.800460826473
G47	-0.350351233585	0.618658096531	0.850034686944	0.725242096947	1.28902421288	1.08692603015	-1.34183997687	0.745352285705	1.19697114839	0.738078755235	-1.25507476328	-0.854150622702	-1.35325072372	-0.671756048172	0.18303754552	-0.955594200872	-1.16779239764	0.561626246214	-1.0156598563	-0.809679001962	1.7801977206
G48	-0.994477761795	0.77420316315	1.19365879033	0.928452076049	1.06619869243	-0.779640838537	-1.10001882968	0.654450874332	-1.11360203159	0.562074328997	1.29267534581	-1.14228323283	0.939356618564	-0.907857224592	0.603041603549	-1.09908041045	1.35966737332	-1.00688599619	-1.01979620158	-1.10685263174	0.896716292449
G49	1.2278600039	0.556719462075	-0.241020497112	0.197681233041	-1.70312669191	0.329443032468	-1.60735207397	-0.854125270038	0.856600724974	-0.281918197508	-1.49515110403	-0.72058255442	1.50687237387	0.509309068159	-1.13246817151	1.32531316785	0.55958257734	1.20556117826	0.618737918551	-1.17349424087	0.31555806088
G50	-0.474596669339	-0.946459797716	-1.16019879754	0.897424749309	-1.09676829496	0.0873560215074	1.07302107044	1.0929600009	-1.06670968562	-1.02926442744	-1.13764700797	0.893871123578	1.17839809046	-1.08201516882	0.965060804848	1.33136665682	0.83047710146	0.979091617941	-1.16197260613	-0.982182319952	0.808787538226
G51	0.614850115627	-0.433404434726	-0.466724527799	-0.111458177595	1.34770506726	0.753758675158	2.05777513034	-1.32851072064	-0.467712734745	-0.0710471468996	-0.249244161249	1.88724735027	-0.512967850437	0.698328939927	-1.00266606364	0.375539050017	1.13258211005	-1.50925224031	-0.815668734768	-0.797937138531	-1.10119250731
G52	-1.06090977558	0.829504582095	-1.36762788942	-1.03325332916	0.695244970102	-1.34631899028	0.964268755027	-0.963371639279	-0.546504565865	0.740191429117	-0.993504487844	1.25218264009	1.13536771583	0.976267278131	0.968361778956	-1.13722648419	-0.667642926664	0.783875952425	-1.14725529953	1.00021152145	0.918138764594
G53	-1.15527698813	0.623202198754	0.933271857794	1.27413037931	-0.839229040755	1.39119728807	-0.440271608692	-0.968416365539	-1.01452790254	0.16349055004	1.25405944341	-0.805317375698	0.711127877568	1.36032712186	1.65483265891	-1.16823877464	-0.929109088918	0.394880366475	-0.452096990704	-1.187399971	-0.800635635573
G54	0.646988636766	0.847674817183	0.463121474056	-0.0437918879449	-0.458872551355	-0.598071176821	1.56530974601	-0.32346633426	-0.704720908948	0.584933004115	0.636747567051	-0.508975045635	-0.923754040197	2.4453522127	-0.892691943321	0.146053802839	-1.19140678704	1.04847069536	-0.844932279832	0.13527795653	-2.02924695726
G55	0.0300747369462	-0.438978310713	-0.0468895770884	1.80364953393	-2.25148015573	0.0720873390901	0.926592982033	0.851665768401	-1.42269885556	-0.669115731457	1.38807739003	-0.151675141327	-0.74885191788	1.02116375102	-0.133335134941	1.47672726383	-0.319820752917	0.298864581638	0.247026540161	-1.49005498843	-0.443029321042
G56	-0.621612832232	1.32537239699	-0.343628062485	-0.529449815475	-1.10914892734	-1.10782776551	0.831073048603	1.35050185326	-0.938986022407	0.131843018545	0.0033412061951	-1.2746227346	1.43717828348	-0.847771093281	-0.576929496407	1.98271543633	-0.00626288728063	0.444776968079	-1.25621545922	-0.321079321281	1.42673220604
G57	1.1993581253	1.54730979592	0.543892930447	0.431196635416	-1.14207550314	1.31478138256	-0.37819042706	-0.867920546697	0.0436523037246	0.21600067056	-1.04441106573	-1.33048627619	-0.842643076523	-0.0926105330873	-1.74033617911	1.74785854453	1.04407731244	-0.0946770733204	-1.13005727442	0.789040121088	-0.213759866702
G58	-0.0584839839087	0.56702724673	1.7540614565	0.54215488464	-0.787702035674	-1.2786669936	0.583977280322	-0.829598030551	0.405656150254	1.5915627648	1.51831073531	-1.21232773383	-1.29832908812	-0.713770949455	0.453265109099	-0.281218756805	0.387975679363	-1.42213126695	1.23825607576	0.00663047415489	-1.16664901804
G59	1.0856896776	0.594089799654	1.33475331267	-1.48132344825	-1.14415305203	0.442386581327	-0.636539059929	-0.654026705653	-1.37899810412	2.19709894662	0.146035002892	1.2744090516	0.516633559079	0.000113977641284	0.268511389553	-0.989496637242	0.929489197993	-0.587466318697	-0.984862909458	0.185223889295	-1.11756815054
G60	1.89843663956	-0.253313347337	-1.10056428791	-0.100829529537	0.01908577108	0.771777067738	-0.191971138819	-0.764509881544	0.903525406872	0.566032614984	-1.26716880519	-1.53824915435	1.53308970633	0.49510316323	-0.514431157236	0.756844472884	0.951440690209	-2.09356166043	0.817649903435	-0.444905701334	-0.443480772637
G61	0.257742336435	0.671968452287	1.44564664395	-0.0286711794451	0.014412552844	-0.623842334236	-0.0575387635709	-0.702481076658	1.40733546174	-0.423514300478	-1.76218824745	-0.784408877112	1.27950724607	1.06361035363	-1.23576718938	1.67416883452	-0.678663221393	-0.568324596207	0.0384861152906	-1.76919774738	0.781719536542
G62	0.641745673251	0.483924879384	0.735630755892	0.89493311716	-1.35027215926	-0.107673102558	-1.60869061711	-0.71078451836	0.63096965895	-1.36574316781	0.352533220492	0.559932023214	-1.29502445257	1.04528686515	0.421471632663	1.30665186137	1.01460814811	0.624537422641	-1.43474617147	-1.62337800523	0.784086936085
G63	2.90028055924	-0.615926935221	-0.720910711084	0.528578013398	0.418161186933	-0.875770531324	0.377771809714	0.189335096902	-0.894100255214	0.0661890864138	0.423125643978	-1.06252482389	-1.04353455246	-0.00309312970456	0.0281276217664	0.23875948484	-0.576448398491	0.30385258747	-1.79842183622	1.81064245867	0.305907624275
G64	3.01815282994	-0.441540092577	0.117565840366	0.707666713235	1.31679447246	1.02675561929	-1.22033678932	-1.21610441429	0.44247269531	0.239590267878	0.0979268681844	-0.0527569635781	-1.6910433236	-0.617256772297	-0.150068164742	0.115750473189	-0.560610631496	0.285782901946	-0.507311116952	0.182286082589	-1.09371649553
G65	-0.786253311099	0.678141367213	-0.60421245197	1.06104868007	0.376317858928	0.491085501928	-0.334834058421	0.580739471126	-0.246532595165	-0.457053365105	-1.65538650967	3.16623705795	-0.278093213952	-0.0019522906993	-0.032813041333	-0.555174450858	-1.96291845176	-0.260905654329	0.403063127199	0.262846904164	0.156649425792
G66	-0.608397636072	0.704365127835	-0.924514254839	-0.921107578596	0.158517671918	1.05442353386	0.238709095738	-2.28098892411	1.19691434732	-1.01228505545	0.431373766252	-1.50948041086	-0.101789444541	-0.584286249057	-0.0897418376625	0.199903568724	0.708051160352	1.98167611031	-0.00480429778132	1.5045635304	-0.141102223737
G67	-1.26549973452	-1.37965264211	-0.0596390820512	0.207321517304	-1.10184865418	-0.144750614125	1.0385142412	-0.921756072956	-1.1530681393	0.826999465432	1.13291492449	-0.727865513347	1.87278246445	-0.555748565924	-0.293837589184	1.66487189255	-1.29632727389	1.1447794492	0.842095572746	-0.101906863516	0.271621217728
G68	1.19240205349	0.327921289822	0.0314977352078	-1.4142211204	0.198786186193	-0.031591822715	-1.01847223296	1.93727990015	2.27651672329	-1.12631723272	0.875659481667	-0.559369652024	0.290381669233	-0.314584601474	0.747851529803	-1.21662311268	-0.854292554058	-0.327656722658	0.715933853565	-1.00184981896	-0.729251551774
G69	-1.73261229101	-0.591339309332	0.405680279497	-1.53603751073	1.27371436147	-0.580997127052	0.409826429251	0.0818751109583	-0.0504739991653	0.855729797786	-0.132252351667	-0.493293565953	-1.24270227852	-0.882554334319	1.78994067921	0.362728502223	-1.23918605625	-0.0251227847031	1.67355671448	1.38864395682	0.264875777003
G70	-0.71579795228	0.957235395158	1.80643163452	-0.747219706826	-0.0554185738065	1.38765942186	0.956862747983	1.38326414921	1.25268620146	-0.822619513393	-1.08760576704	-0.61225578968	0.159650531162	-1.16749387884	-1.03967486399	-0.647377139901	-0.764075660129	-0.972159051889	-0.830187713933	0.120277075099	1.43781845525
G71	-1.51558897168	1.29080869902	-0.365865221448	-0.639927603141	-0.201210514101	0.729778231521	1.18546713365	0.747494100628	1.21026201463	-1.0379521635	-0.882776310692	0.860122524519	1.31192172532	0.25747906466	0.0947526151752	-0.455946651914	0.378819581138	-1.97152065265	-1.84302252683	0.652646170429	0.194258755264
G72	0.0455998635425	-1.03869187182	-1.0097662879	1.24613804403	0.222856237496	1.68563219145	1.10006172037	-1.31606647809	0.390765911533	1.15139611488	0.252454817247	-0.577764966784	-1.09177772753	1.41511294647	-1.16149340785	-0.461149976312	1.06523105085	-1.22112947768	-0.876552126871	0.947153722641	-0.768010299684
G73	-0.351463626814	0.437654229174	0.281199865542	-0.366561241598	-1.2742685756	0.482265856587	-0.495226572451	1.40018220787	-0.241444396734	1.20843233958	-0.863307714059	-0.960446940662	0.384846445841	2.09549302724	-0.613222583504	-0.788720232024	-0.848300158463	2.35326551779	-0.398359832624	-0.382010626035	-1.06000698905
G74	-0.977049171634	1.67974911986	-1.56397204425	0.874453791248	0.713946284318	-1.15971864439	-0.317614832861	1.53578621122	1.41396794422	0.781479212324	-0.0587806560818	-1.33912359071	-1.21298510465	-0.798859083901	-0.25506369129	1.13019126966	0.54838985973	-0.877231538967	-0.752500643078	0.284010860448	0.35092444878
G75	0.651537375909	-1.16166162188	-0.967048452692	1.26615923393	1.69114621268	0.0575705377865	0.630212935448	0.495053366992	-0.987045047346	-1.13337132689	1.25815917315	-0.909290070599	0.942938409601	-1.0996267096	-1.07849242338	1.1700634274	-1.06149884289	0.792950690644	0.818311057962	-0.182499197976	-1.19356872824
G76	-0.978642309784	0.743147873681	-0.949548510373	1.40734274806	1.12915985492	-0.895486931024	0.968394106328	0.977880564505	-1.1691611178	0.662746937469	-0.60742134637	-0.854064743473	1.4701513758	-1.0338564653	-1.19446134992	-0.829192917476	0.573456150821	1.37029323805	-0.665325598847	-0.99293662485	0.867525065586
G77	1.66597721308	-0.889808053914	-0.899192311836	-0.537585573215	0.615878751528	0.993438728618	-0.869127929973	-0.290084459632	-0.929326206721	1.70646854819	-0.851819187582	-0.427928781563	0.619528185164	1.11004682243	-0.81716694629	-1.01951935231	-0.861203445505	-0.539323398756	1.88386577944	1.02972452592	-0.692842907069
G78	0.874329117726	-0.235480136771	-0.196848355974	-1.43023478777	-1.80034455736	1.33694905854	1.81897220514	0.476240044374	-0.846680159458	0.636900353764	1.14275388404	0.45041196143	-1.04392465588	-0.872851746886	-1.01933817853	-0.492456032977	-0.730042156535	-0.0513003248506	1.75921777712	-0.124455265776	0.348181956631
G79	-0.68894318298	-0.767596977777	1.70604684567	0.943971794894	-0.464422953838	-0.752471306016	0.0339851995059	1.00466149792	2.24515510651	-0.677918289115	-0.443842146494	-1.69948555794	-0.0703516209583	-0.870297408386	-0.671924728483	1.12188583112	-1.20571509935	1.26358211067	-0.395774514158	0.170345490755	0.219109908449
G80	0.384513651616	0.386540199755	1.01820018498	1.69342983059	-0.0977193351293	-0.831885319134	0.230934591131	-1.00787111942	0.2202845296	-0.353149871075	0.385483065876	1.21599218306	-0.588841243347	-0.541247726558	0.549408543054	-1.02546227702	-0.543150567541	2.44396339596	-0.957686500018	-1.88927785908	-0.692458357308
G81	-1.35293240208	0.0574333448461	1.910222437	-0.108017052487	0.745016000466	-1.52036234556	0.844664753137	1.48265960384	0.538530898745	0.410667525253	-1.25799768285	-1.09180104185	-0.0326499207792	-1.01823428823	-1.198595643	1.14834243955	-0.616876958316	0.115229830135	0.559056948418	-0.787027473125	1.1726710269
G82	-0.851322100476	-0.39816612189	-0.442947516498	-0.73182277266	1.64171749326	1.19313662173	-0.293623309727	0.0403771352132	-0.696984963311	-0.143317673442	2.09771785439	0.368650615712	1.13900520103	-0.896291553434	-0.42487334601	0.125006331152	-2.19663570698	-1.18417950326	0.723728287918	1.03739786217	-0.106572834888
G83	2.09494516626	-0.048015148857	0.932636420304	-1.61538573825	0.631864961778	0.23943350298	-2.18961589076	0.516819291343	0.0486131059568	-0.689203018744	1.45252913172	-1.35089820583	0.83691286291	-0.0186200639917	-0.675554217734	-0.521184534611	-0.563139245661	0.170416209071	0.337883788072	-0.578291663891	0.987853287937
G84	-0.0185141958314	1.106316849	-1.48567056739	1.05543007267	-1.21723672892	0.926626184382	-1.96535724598	-1.24591695424	-0.0489916224244	0.0415782150168	-0.542879137274	2.4436783271	0.585958782519	-0.417897314872	-0.438135247497	0.526809165779	-0.756861259198	0.833364562625	0.121268422717	0.382717013934	0.113712677887
G85	-0.369455184023	-0.354175750179	0.861074410391	-0.198525904747	-0.486669753352	0.0981084193518	-1.58236504559	2.5775782138	-0.0991934250968	0.165707128972	-1.6560302817	-0.873092852	0.0537644110867	1.99024301254	-0.847444619824	-0.928921625707	0.0742415520523	0.524858424895	-0.360867750568	0.891310084879	0.519856534831
G86	0.799335342243	-0.621865499247	-0.956704515887	-0.0528096743419	-0.487112673979	2.06361476719	-1.72129084569	0.335101277585	-0.697964845988	1.57527858399	0.658666900565	0.402927585926	0.389643449982	0.565127988878	0.377207103496	0.443525355123	-2.47094000768	-0.956966101482	0.112263442706	0.274558394669	-0.0315960280687
G87	0.939835002678	1.7853789265	0.802322847067	-1.26811892299	-0.145271837009	0.162027602877	0.713089334394	-0.492930655038	-0.672343764426	1.02745991469	-0.666876068907	-0.253127995805	1.64840297111	-1.37529194208	0.618199940548	0.695848434993	-0.275333903017	0.846734661492	-1.46787412825	-1.28199568159	-1.34013473724
G88	0.125898503025	-1.18839653654	-0.764062822768	-0.339827994229	0.340422124526	1.39225713658	0.278982868882	0.158726965833	1.08851467576	-0.766021896792	1.28144262319	-0.957427871567	-2.27970968474	0.711747623236	0.612085643902	-0.307313384538	0.0918891499492	-1.72953520218	0.341141550393	1.75256481444	0.156621713645
G89	-1.72083316222	1.29547037366	0.264419069418	-0.433191071237	-0.403935682439	-0.622275611547	0.929541996604	2.2356041472	-0.870385875792	0.387303503226	-1.41009254968	-0.511411956305	-0.00412008155939	1.54684464672	1.33464384348	-0.131963555878	-0.730272195775	-0.93622391065	-0.187242508805	-0.685364583926	0.653485165502
G90	0.165820700514	0.48880486121	-0.93646109897	-1.38853212999	-0.822194119604	-0.116725764759	0.921512797963	-0.0735239156279	0.633248141036	-0.71740605923	-0.432076324384	2.51405529847	0.11542746393	1.27935409664	-0.15229401282	-0.407430880126	-1.91222010248	0.34742776572	-1.04141228137	1.50314604709	0.0314795167964
G91	-1.07889894538	0.770407648241	-0.458298071848	-0.963943723425	2.51058929951	0.594440144038	-0.757955934729	0.203968221363	-1.15896246315	0.159562467439	0.773872911428	0.523093768305	-0.798274323322	-0.626049714667	-0.108604687699	0.0634194086942	1.3611579015	-0.259302505606	1.05664661362	-2.1025320353	0.295664020973
G92	1.67550030859	-0.100011883643	0.686775757176	-0.577435641787	0.125858090333	-0.173475718303	1.49495053449	0.15642440753	-0.386084249496	-1.29186189507	-1.03754946068	1.02350497735	-0.0461287254182	-1.39932263276	0.334595394499	-1.13762565976	-1.13915017699	-0.0662783523581	-0.715795287921	0.137851634513	2.43525857971
G93	0.210412799345	0.436720786853	-0.24396305383	-2.11514555564	0.746590257941	0.445286399987	-2.59102708249	-1.12367209504	1.19073226066	0.28060968217	0.220167873166	-0.631788955535	-0.241172683787	0.441211187974	-0.859520181383	-0.0259120929547	1.28444717518	1.5480137096	0.657532194232	0.275474054733	0.0950033188134
G94	0.304784484972	1.43028599584	1.6631381591	-0.686529711777	-0.101395808356	1.40685789304	-0.518146821357	0.483047057211	-0.859111616934	-0.181190285276	0.66013630476	-2.17105778018	-0.0307611821563	-0.703473336102	-0.676242125669	-1.45760918469	-0.0197993542538	1.69100042146	0.795580923858	-0.7513996906	-0.278114342889
G95	0.316568655642	-0.95500620411	-1.82988421688	-0.124883314233	-1.36395354094	0.150865931445	0.532463121631	0.722015322189	1.00712691192	0.0834084235142	0.846884936379	2.71543730296	1.10144825917	-0.448661904632	-1.36952565768	0.297548842094	0.0768024396735	-1.06293116349	-0.0331382821226	-0.541882563929	-0.120703298608
G96	0.0297740269484	0.698362869828	0.243635651054	0.159822545004	0.126786440805	0.355513526552	-0.568560804119	0.0155567519748	-0.937828751141	1.24888037077	2.51955895867	-1.50258065974	-0.987573508586	1.49348660215	-0.938305610936	0.893755457073	0.215725075792	-0.68423214212	-1.83465068729	-0.269394102447	-0.277732010244
G97	1.38223697301	-1.19590871693	-0.833303142866	-1.32869850365	-0.227654541976	-0.773199436534	-1.8103173646	0.764746468529	0.470798440602	0.509960892382	-0.537977277494	0.498851960821	0.627348893459	-1.31068726261	1.68399087185	0.78439424303	-0.334795931524	1.61772532649	-0.267304392036	0.935311496538	-0.65551899649
G98	-1.05475043634	1.59840328039	-1.77631379229	-1.67739789022	0.344633635227	2.18386685205	-0.34474126857	0.680004984903	-0.839194435339	0.883892949675	-0.0333724189284	0.400882899825	-0.844796592189	1.01977892178	-0.834697437559	0.661054838966	-0.418809140609	-0.841060432565	0.233795621419	0.00909012509273	0.649729735265
G99	0.15694808151	-1.04458212222	1.01982983055	-0.869954506537	-1.05240542791	-0.232154734411	2.30043473929	-0.641879364749	-0.766520839797	0.504191113256	1.19049193365	0.275726745133	-1.22893752373	1.51073615864	0.930302028639	-0.253042256842	0.620747883376	-1.6636990303	-0.37799396395	0.442182044051	-0.820420787662
G100	1.70551439	-0.0460709137902	-2.3204965987	0.21256410982	1.52435121652	-1.93136014628	-0.152573929488	0.163727312627	-0.0816273276353	-0.614939936472	-0.0600922399641	1.42699592693	-0.720162659554	0.750989047319	-0.139999121767	-0.680970497618	-0.0106648105423	-0.722915996022	0.036255084447	0.256127657593	1.40534943258
