gene	t0_rep2	t1_rep2	t2_rep2	t3_rep2	t4_rep2	t5_rep2	t6_rep2	t7_rep2	t8_rep2	t9_rep2	t10_rep2	t11_rep2	t12_rep2	t13_rep2	t14_rep2	t15_rep2	t16_rep2	t17_rep2	t18_rep2	t19_rep2	t20_rep2
G1	-0.974292931432	-0.91643518581	-1.13253290936	-1.11122244312	0.0984962328455	0.76657861981	0.351600771584	0.784643969027	1.17087611039	1.11886103424	1.42391581162	1.23282105009	1.36907706222	0.159979205343	1.25628817376	-0.857920960471	-0.722310891961	-0.633562939068	-0.742694181904	-1.26136502742	-1.38080057039
G2	-0.416741948245	-1.85098796981	-0.125555589063	-1.38426231163	0.41522449179	-0.778465033557	-0.611853728616	-0.613180109756	0.792868609212	1.51059239263	1.13231294979	-0.346606480275	0.83299888365	1.48098622805	1.82035700463	0.114028970724	-0.642752836159	0.985129227434	-0.84230966526	-0.391964256856	-1.07981882867
G3	-0.506979947904	0.48323716325	-1.54716583844	-1.72731816859	-0.47369414739	-0.402008926621	-1.38529963162	0.727903725712	0.690505243084	-0.0357500234093	2.50971862698	0.531820661402	-0.931038374553	0.855199561147	-0.110919000391	-1.18960502154	0.0992367947692	-0.10338627678	1.07195291232	0.708532396916	0.735058271658
G4	-0.581122780532	-1.08815474722	-1.76574531548	-1.04380047514	-0.663154459563	-0.463720289242	0.70514883966	1.04512182654	1.04662134012	1.31583908086	1.18245161594	1.21856367148	0.585046996908	1.15857291226	-0.15525638473	0.622081917342	0.664766405575	-1.57747746994	-1.39444713813	-0.497727804147	-0.31360774256
G5	-0.260164481911	-1.75835468222	2.06214655154	0.353451479491	-0.902412255955	0.318184478858	-0.281241801981	-0.358938122708	-0.425191562399	0.25969511413	1.38765166859	0.0237370960286	0.810890453216	0.440602824023	-1.24704033188	0.632975643386	1.1383073691	-0.0716911652287	-2.0298750216	0.936541447998	-1.02927470047
G6	0.923344007922	1.14645048962	-0.699653269501	-0.820889745125	0.231996688871	1.09902838198	-1.18756948941	-1.52572626566	-1.66737476257	-1.14265829009	-1.71874937258	-0.646433102265	0.787525254	1.10345613514	0.316409149392	0.775287546249	0.0313933319104	0.520014507154	1.23868082558	0.845949417348	0.389518562041
G7	-1.23578418381	0.405281089297	-0.0975591745507	0.938293860254	1.83259055057	0.00874556603569	-0.230866585632	0.597146245693	-0.830343297934	1.38630388977	1.02078706702	-1.44973556893	0.818542970947	1.18164320475	-1.55576728144	-1.27877545597	-0.476903610781	0.854046302859	0.00194697327082	-1.06967273968	-0.819919821758
G8	0.961425473773	-0.606193168047	-1.20552423043	-1.82985218848	-0.431968529504	1.18045027463	-0.903804469977	0.22905659483	0.704707428175	0.165053441897	0.736746978308	1.62871041084	0.723188919144	0.61392845938	-0.496260866507	1.50010821053	0.830796063926	-1.2803688649	-1.26341070214	-0.0690366805484	-1.1877525549
G9	-0.88624706115	0.416672250528	0.499623417641	1.01501508696	0.98328339449	1.14008181113	1.15520363909	1.14610561083	1.36226942255	1.51758569196	0.942270123083	-0.557985804287	-1.00855856197	-0.979325907144	-0.95728412027	-0.953088956524	-0.972767160266	-0.925228514832	-1.03333005178	-0.907340666418	-0.996953643627
G10	1.26256337121	-0.362850052033	-0.945619738085	-0.635607170597	-0.944650560199	-1.12718742848	-1.09268777612	-1.2667769956	-1.14652934406	-1.10977474162	-1.20713918487	0.067495162583	0.206108136096	0.731283328189	0.89740920259	1.13696556111	1.10208485471	1.0267428255	0.803892378435	1.19000851278	1.41426965845
G11	0.683368346684	0.141785832752	0.972527442106	1.71348478087	-0.843296202323	-0.519266666595	-0.376212503059	-1.51226805371	-0.750524391738	-0.652441398948	-0.78721264738	0.443100580303	0.80427677728	1.27022236607	-0.618282277688	-0.969089023695	-1.34153567577	2.38653486144	-0.315560699137	0.454291999947	-0.183903447414
G12	-0.259328921527	1.59424636844	-0.870525779826	1.14380798645	-1.74134215648	-1.23275225706	1.02500118166	2.32657851593	-0.190565055131	-0.600984234547	-0.364450470429	0.243879062752	-1.35464928092	-0.432547818985	-0.343559031412	0.6640731158	0.683542794361	0.596735337897	0.275289797921	-0.0503193145292	-1.11212984036
G13	-0.852531268204	-0.786089907805	0.651550990019	0.0540276222422	2.14399343391	-0.136164157818	-1.16220140841	0.815607362501	2.34475701342	0.239854471928	-0.645413774085	0.440610312204	-0.954131987986	0.134848487315	0.703040142115	-1.43704497648	-1.12965791156	-0.226132802506	0.936664527249	-0.351887684874	-0.783698483185
G14	-0.985287404396	0.835886291027	1.3970851412	0.908559077213	1.23990861042	0.673966005935	1.48475828016	0.858641632871	0.840320962199	0.587462007563	1.38467426426	-0.69923664168	-0.850921002775	-1.02020449597	-1.02159898814	-0.953814677472	-1.11632418461	-0.805832078025	-0.988853748346	-0.9374725524	-0.831716499038
G15	0.374894614125	-0.457293882853	-0.365664139491	-0.142671685244	-0.91415882042	-1.04302885995	-0.588956142229	3.01525407827	0.189816440143	-0.480744250331	-0.51629423716	-0.546666314382	-0.533079650743	0.906668070433	-0.319929504013	-0.917838987579	-0.345412521957	-0.82784606275	0.58356223167	0.826474660481	2.10291496398
G16	-0.906385187281	0.898606838897	0.85972914577	1.40731583339	1.19756949808	1.03763730524	0.738627647484	0.991869779355	0.915758158301	0.982192812767	1.29303307758	-0.467957621177	-0.971948195953	-1.00303044518	-0.961626282567	-1.01585947569	-1.0663343628	-0.977634628282	-0.892515079143	-1.02200562515	-1.03704319363
G17	-0.771486364817	0.713557615485	0.565299581923	1.45080588946	0.663912275797	2.24274425051	0.978400905959	0.906905401941	0.364176520945	0.866499844931	0.928266405679	-0.392547481296	-1.00715397656	-0.854603521631	-0.782563845039	-0.916935813702	-1.21799185611	-0.634215116049	-1.13191817699	-1.06930413437	-0.901848406071
G18	0.735769721757	-0.349312259539	1.67349378456	1.15672625982	2.32488930071	-1.85004751086	-1.19013967647	-0.948148117641	-0.0657447463335	0.256956509012	-1.011601876	0.164577539013	0.0550926643692	0.694414650057	-0.0747009137308	0.333194373227	0.769552268487	-1.12181608023	0.0445048824834	-0.480018541529	-1.11764223117
G19	-0.43584084046	0.550015800357	0.211184316762	2.01337292216	-0.735029267421	-1.21643777128	-0.851847832636	-0.43152885239	1.79572645907	0.359689185888	0.856098869296	0.559021047021	1.85418793943	0.247028284959	-0.00410190023008	-0.166600305377	-0.298084168964	-1.25508680119	-0.29674064426	-1.33312924632	-1.42189719441
G20	-0.696410694307	-0.32949992747	-0.528130833089	-0.623999905184	-0.712861745313	-0.659583888276	-0.693998636629	-0.692363343289	-0.653884890984	-0.291953592369	0.855736156417	2.58842756841	2.40387653846	0.98186633178	-0.328714986666	0.467141399884	1.18936052731	-0.287579182683	-0.648398481826	-0.722984211092	-0.616044203081
G21	1.40005279423	-0.900852520036	-1.15638242065	0.580570854413	-0.132796076011	1.86921748078	0.121019182336	0.978429835436	-0.325256062868	0.499121903662	-1.81057697757	1.19720854818	-0.469974624669	1.28222450573	0.153253079738	-1.73328723939	0.0412297849441	-0.433788098106	-0.835737430562	0.603205509563	-0.926882029153
G22	-1.19174473306	-0.27367864884	0.0265532416216	0.108341160224	-0.624835834735	0.190713619496	-0.00811170618331	-0.318845656632	-0.116091543193	1.23362410107	1.66965771612	2.56979413946	0.152485221847	-0.942311674911	-1.1903480181	-1.21631511317	0.820277970708	-1.14708357777	0.721754765184	-1.12976656048	0.665931131361
G23	-0.258006733783	-0.0866648172286	-0.727218005216	-1.2610548635	-0.821174744454	-1.15256554472	-0.0751273581151	0.721990740611	1.53337003383	1.03240491434	0.906635017727	1.37444353399	1.7939625853	1.09699455615	0.477453939742	0.475085161627	-0.748049952966	-1.0765112325	-1.00883660765	-1.34729779722	-0.84983282597
G24	-1.08807556195	-0.372294800129	-0.976796621704	-0.896773393975	-1.00741667839	-1.19171976029	-0.921934369681	-0.365220809745	0.706725128705	1.31598509186	1.09490949204	1.3215259491	1.01543464631	1.53116043119	1.48649684745	1.00518512557	0.089820115714	0.0766891842723	-0.949013308004	-0.768886313103	-1.10580039525
G25	0.254030742946	-0.655479521901	-0.920279848456	-0.784606431173	-0.590668562235	-0.0371659949225	0.26102983158	0.819348139595	1.27910464149	1.86115161019	2.5295566192	1.36447089379	-0.0366868959026	-0.96745961061	-0.492143881872	-0.637439941092	-0.513270203967	-0.462517529933	-1.12097106889	-1.12820351941	-0.0217994684247
G26	-0.630791746832	1.28010411227	-1.26354143523	0.26447616617	-1.49672771757	0.204093952041	0.561356784928	-0.273863344543	-0.149075954068	1.47227856865	0.502943373526	0.424375970882	1.76986023231	-2.27343788455	0.69943464328	-0.541952147443	-1.51817885176	0.250663762674	0.673206328911	0.241876213899	-0.197101027555
G27	-0.599880834908	0.916152743939	1.14837621283	-0.0194968100597	-0.668567865586	1.71665995232	0.600944974283	0.752733398857	0.92907665049	2.53411391102	0.160232219303	-0.933146747333	-1.12748463359	-0.392613088208	-0.630158340796	-0.340295280692	-1.05781421906	-0.0391347178179	-1.08528942825	-0.88733257031	-0.977075526441
G28	-1.11132233091	-1.17276310193	-0.454594516956	-0.0195527612481	-0.0030719970254	1.44676593847	0.495231507886	1.87538234452	1.22636336462	1.27122031214	0.729292607239	0.577011423981	0.580726314603	0.505497004828	0.257574432464	-1.10832964801	-0.264343124298	-0.981702297555	-0.730639588239	-1.66907756276	-1.44966832182
G29	-0.704378548499	-1.10317450958	-0.936507697464	-0.468895250737	-0.782117683234	0.165960104852	0.690802511551	1.21854562736	1.28774639499	1.50566754972	1.98282441246	1.30125106839	1.16427118073	0.0350106387645	-0.20200782961	-1.09018460439	-0.988868563394	-0.50587244141	-0.940323115119	-0.758381583759	-0.871367661625
G30	-0.812637530686	0.897525655107	-0.287244265595	0.722469761169	-0.217831636738	-1.20965102469	0.873774024339	0.294407507721	-1.32584602938	1.69698625774	2.25299346234	0.0411216211027	0.735241371024	-0.933826426091	1.29561312167	-1.36696430332	-0.887151937907	-0.628432436652	-0.544837485116	0.0466500461031	-0.642359752147
G31	1.75422406765	2.15122017955	1.5092076442	1.08131143381	0.906723011298	-0.374816145347	-0.463303470735	-0.329825462367	-0.717373854816	0.0111459971869	-0.494836573917	-1.13043806778	-1.29135957035	-1.41391326371	-1.3930241093	-0.061622127354	-0.671005015978	0.205667836733	0.445945447593	-0.165147052094	0.441219095725
G32	0.655979730376	-0.434406081311	-0.263482399026	0.118777045705	-0.0359147537085	0.307008217558	-0.599225346371	0.198399879067	-1.47588671061	-1.77570160052	-1.18237180278	-1.04815843735	0.448178104218	0.48416203733	3.07082851492	0.6541498021	1.03086358633	-0.651846260981	-0.02040925458	0.0869139434418	0.4321417862
G33	-0.990019219404	-1.89005859531	-0.650528025853	0.41751329191	-0.566629777799	0.229659496366	-0.679482706443	0.0555389587675	1.51518620766	0.969759358991	-0.635440933119	1.6774330347	0.736172813597	0.0318415821392	0.846981820461	-0.663394724178	-1.54437242234	1.42729493715	0.265609868001	-1.32807229273	0.775007327436
G34	-0.977479455307	-1.23238259266	-0.119532363342	1.01840239002	-0.471290237435	1.4624476084	0.252652306258	-0.613088983109	-2.06686759667	-0.37161701485	-0.341907283263	-1.51775428472	0.199755108411	1.22939857669	1.40172369216	-0.103065901795	-0.036827870936	0.144498332027	2.05253736844	0.241707186217	-0.15130898455
G35	-1.36030607238	2.90328682025	0.446173143274	-0.704958806866	0.847486367846	-0.144338905518	-0.87966720563	-1.74828101896	-1.13606575422	0.530040214939	-0.305295642727	0.459403733113	-0.147281223807	0.37875804259	1.09956349501	-0.270571423571	-0.949863671341	-0.262046690296	-0.173307019118	0.457070489762	0.960201127648
G36	1.35542248418	-0.794787349092	-0.989609888608	-1.09082450622	-0.883130146909	-1.08880104677	-1.11980106149	-1.10659258172	-0.944822912879	-1.14139454446	-1.13126394879	0.563111773995	0.789877116154	0.688153659028	1.07104244125	0.766735067278	1.25840491762	1.2025848035	0.776920256464	0.963415185965	0.855360281521
G37	1.05784289217	0.777830431302	0.620970158407	-0.141844273016	-0.642593190244	-1.06880318813	-1.25013512136	-1.42513693324	-1.33019517808	-1.41174529186	-1.247365536	-1.05219951552	0.204473839517	0.0448028820259	0.725678434436	0.897167100259	1.43474638633	0.804714784638	0.633058786204	1.24764462339	1.12108790877
G38	1.30354904409	-0.863899859063	-1.06025359665	-0.781913489604	-0.955114120473	-0.760853782898	-0.967094730817	-1.03932729288	-0.702733712803	-0.753360129191	-0.676012077398	-0.491885232513	1.29431602126	0.0604722131722	1.99009958739	-0.178265178264	1.70643618989	0.86552048491	1.42585645269	0.203167182885	0.381296026274
G39	-1.20714287934	0.914558879902	0.572886633932	1.22893104594	2.63846282697	0.701302379986	0.132159193789	-0.282950806955	0.345664452277	1.2938945818	1.13469848258	-0.680497513777	-0.785928906452	-0.429978857139	-0.341796290002	-0.91216214805	-1.02709564884	-0.99432757387	-0.530094795413	-0.63103914667	-1.13954391068
G40	-1.66517867078	-0.0503611115567	-0.443002774426	0.0838096824903	-0.192411579105	0.185572741723	-0.298741536192	0.909961842474	-0.341283660177	-1.97302003788	-0.0625068287977	-0.197826953171	-0.703339614836	0.416954908872	0.769755374023	-0.758368874777	-0.791236341722	-0.13244864972	2.17171526665	2.26595021225	0.806006604663
G41	-0.194868080287	-1.20362318572	-2.00076373886	-0.94666615475	0.634955088667	1.64703916036	0.966921562342	0.115107633917	0.199790660928	0.137901261721	-0.417840282175	0.821661140473	-0.76886019215	-0.67609952642	0.56084642507	1.3638420424	-0.329720587054	-1.49085422751	-0.945667464872	1.27380329614	1.25309516779
G42	2.43903247587	-0.490071613351	-0.845013648716	0.405523166562	0.0491845371213	0.711998689472	0.0231660321975	0.854075443378	-0.109064092834	0.602628716707	1.52961696682	0.259461635064	-0.799995912152	1.23293041523	-0.0287065468489	0.127628706513	-1.29434964117	-1.56743930508	-0.805983755866	-0.74773681395	-1.54688545496
G43	0.727694994571	-0.0280859782621	-0.588752079972	-1.23363259	-0.971584879347	-1.3172714265	-1.16005284031	-1.22935655859	-1.17871965838	-1.10725779429	-1.12786853411	0.305006580285	1.0364072652	0.941346956435	1.27421932645	0.888121474146	1.20456966863	0.950298639079	1.09747851709	0.790034691443	0.727404226423
G44	1.06825808483	1.23837373253	0.0347105218106	-0.517638593592	-0.700988713955	-1.23146080094	-1.01875696913	-1.33704804973	-1.16823527178	-1.19370106332	-1.17298934845	-0.962624531311	-0.172448564733	-0.0998809561918	0.525870051732	0.901699327471	1.06760105824	0.861362368092	1.55854307042	1.17725963521	1.14209501283
G45	0.472355837356	-0.804497116135	0.711655720713	-0.55287350412	-1.02909167053	-0.690215624879	-0.294492288055	-1.98621919893	-0.204094729088	-1.52979562259	-0.364167343085	0.576579720492	0.161986990292	0.377264365644	0.105401906115	2.28576173729	0.925293283422	1.26087340076	1.42420390268	0.154452275361	-1.00038204271
G46	1.14986763428	-1.6693763982	-0.607648242518	-0.787077779145	-0.92796417732	-0.604348450501	-0.685226811685	-0.933230270664	-1.4437727151	-0.683914350955	-0.655543978044	0.918200631143	0.706494884357	-0.342165062557	2.3274842562	0.474244777767	1.22013160074	0.754297896874	0.305689642644	0.736934796583	0.746922116108
G47	0.993655808847	0.655359686842	0.541490712201	0.519727790565	-0.735490359098	-0.287404643387	-1.09516978071	-0.316373122958	-1.30916043406	-1.33713940704	-1.64201012095	-0.305146268331	-0.599941440312	-1.16007477472	0.59253431622	2.44285251529	1.29242767712	0.362972936557	0.387965757057	0.093417443114	0.905505707758
G48	0.96594740041	0.949139382008	0.986888135505	0.226773481565	0.67508623822	-0.208404392832	-0.787638667399	-1.34045442772	-1.22791893837	-1.6210364219	-1.86689587771	-1.62644964928	-0.723054619734	0.936774911113	0.282789684826	0.882857342085	0.734777682573	0.934519808999	0.325631713446	0.587343540779	0.913323673416
G49	-0.540855785421	0.811107701021	-0.990053616558	-0.640812125804	-0.0124628094557	0.756430586863	-0.478693173154	-1.10415567575	-0.637385070216	-1.73658829238	-1.33979557674	-0.576647635805	-0.718316943408	0.237770249907	0.793727159914	0.444870135744	-0.405980930386	1.43362373126	1.38086563566	1.52228305136	1.80106938335
G50	1.02039038821	0.471174587598	0.653898746762	0.545978603792	1.03199954719	1.01440316463	-0.109621127809	-0.994714417021	0.13046078342	0.512457157241	-1.11384590512	-1.87487881761	-1.0293367321	-0.797053473567	0.0517787076536	-1.54565908161	-0.417966895412	-0.548159610199	0.114383099025	2.47794031377	0.406370961153
G51	0.968781554404	0.438705029941	-0.710488527845	-0.289594297694	0.767223390223	-0.305394501449	-1.55893033849	-0.522767568491	-0.350306954779	0.42158457912	1.33988189141	1.01641868766	-0.363930354414	0.337271837588	-0.757259750072	0.12930486275	-0.735658744178	-1.00357402254	-2.17256193234	1.82685261643	1.52444254276
G52	1.23057513196	1.42908376996	1.23735057815	0.292808690368	-0.316857949006	-0.257502708783	0.361898256604	-0.23491557507	-0.132057029572	0.487721428925	-0.395280754825	-2.23334605896	-0.228475986718	-0.415333688466	-1.15586275562	0.194759018499	-1.91008982644	-0.532430108297	1.21493831257	-0.352612930624	1.71563018535
G53	0.378339281454	0.688864769792	0.388313510558	-0.271290190907	-0.466026616267	-1.14469441668	-0.918522334956	-1.35086551253	-1.12701928704	-1.25617879423	-1.37309504929	-0.72565710012	0.154391445069	0.813699786041	0.170896327158	1.28786015379	2.58701748761	0.969780153497	0.721196840946	0.0591036724742	0.41388587365
G54	0.4396375224	-0.653276339859	1.34341703249	-1.26421434298	2.73950058938	-0.974660564514	1.09263368152	0.304011127022	-0.659389131464	-0.463233013715	0.36810898119	-1.77135873361	-0.342274046816	-0.412152882035	0.855204536967	-0.668873772565	1.16754809239	-0.494142802455	0.0700730033662	-0.394576269478	-0.281982667237
G55	-1.65524947361	-1.09335783889	-0.0140451646452	0.015084949928	-1.36662400872	-0.991657776587	-0.61792657745	1.95588353698	1.01866685205	0.773126433915	-0.248466254126	0.114058263638	1.7005797731	1.05142143235	0.117559091672	1.09737299203	-0.659632795187	-0.900128258071	0.980852533735	-0.807328765469	-0.470188946643
G56	1.24310691732	-0.598933385753	-0.880670800519	-1.04026820144	-1.06925256809	-1.05125500304	-1.07054077554	-1.05242516999	-1.0672290164	-1.07891562963	-1.05405364729	0.51844836688	0.199569142739	0.669707650816	0.542093809215	0.820134026424	1.70559206384	1.3539578013	1.09464868662	0.842929095253	0.973356637292
G57	-0.587851203287	-0.585269794852	-0.000719237406048	-0.22333939742	0.114780482222	-0.206829139301	2.25106073337	0.22164461255	0.656072996271	2.16299305534	1.57243294244	0.127775630982	-0.355407731475	-0.786317573112	-0.510835752237	-1.63369693083	-1.28254070974	-1.43997687403	0.221094232471	0.074036337022	0.210893321034
G58	0.442785651199	-0.44258725743	-1.0444271737	1.22466429672	-0.86037403614	-0.930111175062	2.46815147735	0.44797533035	-0.676932743707	1.80075829836	-0.172602893082	0.11749532952	0.896118870947	-0.19019894262	-1.5455767502	0.180865317558	-0.220115528159	-0.91345710291	0.678544103555	0.0680921370249	-1.32906720958
G59	-0.759430443928	-0.794696615277	-0.704270016925	-1.0826218535	-0.773424315073	-0.754729810125	-0.63519476531	-0.359541940416	1.08388902378	1.98591535554	1.7705047714	1.37436570842	1.98056039211	0.54875717285	0.158557139344	0.0500596253569	-0.550070432703	-0.808931139199	-0.637661017125	-0.732615225202	-0.359421614027
G60	-0.925616854485	-0.956862688647	-0.907222374636	-0.138204299461	-1.03651209561	-0.420247925068	-0.185654015147	0.77425939088	1.37336699173	1.38315571658	1.488165332	2.06576789689	0.702858042497	1.26575998597	0.18067153672	-0.663902308635	-0.496745862937	-0.93063044905	-1.21521769363	-0.41481000436	-0.942378321603
G61	-0.220475956096	-0.56391565979	-0.597710050181	-0.593621810086	-0.605731034711	-0.598787181585	-0.551106704689	-0.589107576669	-0.562592326922	-0.51196715094	-0.193674011224	2.44222850869	2.94113309851	1.55664022386	0.381677752835	0.0874945393541	-0.172500685343	-0.304100226952	-0.432090973421	-0.367670416738	-0.544122357902
G62	0.591085310386	-0.288964484738	0.26665500406	-1.5679868389	-1.43833644032	-0.324969451766	-0.398091591687	1.35316646554	-0.286620651166	1.71309383634	1.77616583661	0.149356853003	1.86913358516	-0.572067638412	-0.0600284903401	-1.18356647921	-0.179336669328	0.529394574839	-0.133651338721	-0.418419204146	-1.3960121872
G63	0.631767644947	0.417789825658	0.614247512751	0.609506337799	0.419979769107	-0.365768549463	0.0175715220672	-1.00953417037	-1.59059643719	-1.65984156042	-1.66974482844	-1.53717432767	-0.973890590007	-0.619937034046	1.03946718354	0.968066608756	0.813405506513	1.14266812239	1.00480749928	1.0440510988	0.703158865992
G64	1.46021150499	0.468456861542	0.341125276621	-0.571035405935	-1.07832952983	-1.29875340575	-1.09709592445	-1.35209663936	-1.27894381629	-1.08804541045	-1.14315207397	-0.346463753976	0.230214634258	-0.0231184968846	-0.0878743654504	0.894638071735	1.12912493648	1.12734761584	1.04309331047	1.24494109495	1.42575551546
G65	-1.60294789339	-0.39361445442	1.52238698019	-0.155126976452	0.942900705795	0.141063127334	0.11562167468	0.337987346138	0.438289279483	2.23790209452	-0.62640765733	-0.752178181731	-0.0769348579563	-0.878975176236	1.43918702854	-0.655686799147	0.589523605809	0.363720935696	0.12052095423	-1.81569539629	-1.29153633945
G66	2.67699058012	-0.0430500124698	0.0604966184275	-0.966837675239	-0.0579870507248	0.167508889562	-1.2369154054	0.293400525763	0.156655895749	0.337255690693	0.409562602459	1.17415756254	-0.0536427611788	-0.753042457864	-1.99488571043	0.0988299491362	1.6028714316	-0.967963686231	-0.569409905628	-0.913943502168	0.57994842127
G67	-0.297412987119	-1.03852254091	-0.830238456653	-0.48441038068	-0.968718397324	-1.16861365934	-0.866215350816	0.0737450211742	-0.148776481352	1.44569140398	1.58446066427	1.31011767884	0.920269623401	1.88852690037	-1.18658619384	1.06284199003	-1.23141626823	-0.27056268022	0.755649655486	0.0767539451734	-0.626583486241
G68	-0.784105599881	-2.1321413784	-0.825935860303	-0.776698206126	-0.849559940572	-0.175166707892	0.638577830627	-0.506893951751	2.5066360157	1.40612910291	-0.137462333404	1.10790400657	1.35774161026	0.614663423088	0.152582705374	0.313373118526	-0.328553197337	0.153151793089	-0.582554857478	-0.852493287006	-0.299194285988
G69	0.331343025641	1.41141914284	0.218002804555	0.258967724114	1.00311054737	0.366616987221	-0.378877839455	-1.16045412369	-1.55574799359	-1.36266023938	-1.57373028047	-1.70298879166	-1.2008973424	-0.0901185603676	0.404971264441	1.2727750054	1.06577451597	0.234065061281	1.01304852083	0.684223044539	0.761157526803
G70	-0.355043115607	1.93433791185	1.07601156563	0.778309248628	-1.47364094786	-0.0485613220372	0.549580272822	-0.554349762133	0.955402181105	-0.836565121006	-0.345733593797	-0.37395127481	0.90350593375	-0.611816303075	0.483767928683	2.04642802382	0.0185520422298	-1.43082292985	-0.484663269167	-0.709026599652	-1.52172086951
G71	-1.0340159337	-0.585946228893	-0.977515318606	-0.948526528687	-0.703871793815	-0.471456844837	0.257576311563	0.85313549233	1.88708913989	1.60437179265	1.83905533711	1.55349259491	1.06680921324	0.182670701668	-0.384310330135	-0.706324450427	-0.703298351062	-0.519365888853	-0.649261022254	-0.595032918832	-0.965274973256
G72	-0.565602366969	-0.754876585346	-0.707659248911	-0.719935222251	-0.596129656893	-0.544098181845	0.0308476678437	1.07788569371	1.02276265822	1.78324433106	1.67366111884	2.42463683086	0.989560431404	-0.396389106983	-0.48808207637	-0.658301108353	-0.6742059797	-0.71642116279	-0.77847083198	-0.754999435882	-0.647427767654
G73	-0.713704469504	-0.850871175688	-0.789825793915	-0.803254426596	-0.49969011035	-0.468780526842	0.0746805410371	0.421789983816	1.02925483485	2.21474852363	2.47254609708	1.5632808706	0.762423600197	-0.133871473431	-0.513192743283	-0.723652677291	-0.408760692039	-0.779545389345	-0.646387566377	-0.515931556956	-0.691255849588
G74	-0.637141697621	-0.925824713593	-0.679046258607	-0.938963695699	-0.834761282455	-0.686019303191	-0.219793973269	-0.165122446031	0.0220369283007	-0.251784762266	0.0636866133727	1.89941880065	2.46580264137	2.28993118064	0.723383358262	0.459439396625	-0.322370587121	-0.420338838482	-0.606939545406	-0.666414453826	-0.569177361653
G75	0.208765351732	-0.276481540684	0.151023010607	-0.466923412177	1.39335573905	0.912941372981	2.34770574883	-0.11355743361	0.906972045224	-0.371169180632	1.46563001722	-0.357609724162	0.45308354327	-0.843709591089	-2.17378964497	-1.41714299372	-0.795817537059	-0.818725355167	-0.105652107661	-0.307163228073	0.208264920101
G76	0.456493611284	0.490253621531	0.515576538924	0.586065518855	1.11408268103	0.112351428914	0.835434304859	1.15605335601	-0.220843376829	-0.903156493322	-1.79246618125	-2.0096419666	-2.03184461978	-1.33474013891	-0.347876432593	0.012620420488	0.658654778359	1.08674042683	0.536851789058	0.642205938941	0.437184794191
G77	-0.79989168476	-0.678243372574	-0.813855749499	-0.764090089997	-0.861631825303	-0.519464651652	-0.659664225358	-0.012877359793	0.60871659922	1.46762812593	1.48132727657	1.93849505527	2.02735282151	1.20689627404	0.458245996694	-0.31357244328	-0.659972180422	-0.718853431045	-0.824369262621	-0.817535448781	-0.744640424137
G78	-0.751652853078	-0.756508455974	-1.05758591451	-1.2275005046	-1.34541144443	-0.900745643961	-0.363475331965	0.229015646245	-0.34573161259	1.94531228138	0.753028300304	1.60561774033	1.70063000067	1.79003468421	0.502068111781	-0.0724127334442	-0.480482470789	0.0350264327102	-0.41167327812	-0.0575938344569	-0.789959119704
G79	-0.78546731483	-0.72729747778	-0.922316621603	-0.730630979981	-0.72726616829	-0.531661089731	-0.421690021427	0.0913019102804	1.19160491775	1.41162181375	1.72912943207	1.5497279729	1.88713948111	1.30474016142	0.0210593895827	-0.42755639745	-0.997392944132	-0.51593030754	-0.96527835325	-0.708739895946	-0.725097506901
G80	-0.734022843445	-0.138392368277	-0.558487621684	-0.474505215448	-0.88181863645	-0.213151201039	-0.675737354547	-0.304096051902	-0.183614945216	1.937022013	1.81381547569	2.6459671073	1.38155468282	-0.611066154624	-0.579320821723	0.364090425163	-0.681394340806	-0.716296092981	-0.643190424403	-0.240613714383	-0.506741917048
G81	-0.864154546788	0.248545642199	0.929955397584	0.407574145267	0.280053403805	0.560754172051	-0.629070944707	0.751952259839	1.65678424662	2.93096690287	0.751342623495	-0.30383707181	-0.576740662386	-0.592370599614	-0.524151818347	-1.25921668834	-0.840761827715	-0.398373403323	-0.662886784766	-1.26754996645	-0.598814479486
G82	0.732925093344	1.72261362637	0.779934194436	0.122764463678	0.0153675736961	-1.17780828269	0.973485540766	-0.0451729493648	0.424393811834	-1.40757826732	-0.306744665189	0.134834591145	0.181546479796	-0.673595632353	0.0128453958978	-1.23210734449	0.510473965073	-2.38514300952	1.91736620632	0.390800550095	-0.691201341534
G83	0.39520683095	0.627591089482	-0.972105427608	0.603386309051	0.988725495204	-2.90898410783	0.617795093783	-1.42244220196	-0.330871240044	-0.336647822329	-0.190740996174	0.958846560422	0.785847545693	0.182833105546	0.220007381636	1.95146154198	0.287957719931	-0.121746952551	-1.15181347202	0.198131953706	-0.382438406876
G84	-1.10229182841	-1.03157166974	0.304039322601	-1.07864015885	1.37912209892	1.06091547603	0.0343519558705	-0.234820255982	0.7693643302	1.0222182537	-1.65631059687	-0.532492653899	-0.66625489081	0.999649924542	2.39885981694	0.122890412687	-0.408192599975	0.172811193143	-1.00983289146	-1.02701103391	0.483195795265
G85	0.811676345765	0.887138763896	0.00733294908178	1.27143748615	-1.56751810006	0.679720483331	-0.929712551392	-0.455161105568	1.31139325911	0.413094252429	-1.022919088	-1.84932828933	0.791563229591	-0.253065635739	0.662157615132	1.04766844858	-1.27261682665	-1.58292578924	-0.150781009317	0.103191686938	1.09765387529
G86	-0.580654801084	-1.1938641061	-0.353319735708	-0.747828466433	0.752207248003	-1.57942913762	0.658823476714	-0.661133508675	0.362893797217	1.73932210452	1.20194171696	-0.555153881813	-0.731767146197	-0.847959392409	-1.1344961458	1.24362647289	0.157139125431	1.93188000682	-0.636496038512	-0.215471252404	1.18973966419
G87	0.86519501439	0.745541556995	-0.536192728982	-0.340216036094	0.624004334112	0.200460815763	-2.00395699219	0.578638488467	-0.375920804226	0.87967216797	-0.268361772086	2.23110216134	1.37089384833	0.588404420489	-0.251556125274	0.640958223506	-1.75466720501	-0.830656731149	-0.493072216097	-1.14315932453	-0.727111095731
G88	0.595382345058	1.10944420487	-0.375996656392	0.70898932935	-1.66184731343	1.69520411735	-0.582150984692	1.02784119214	1.0231207146	0.501764696182	-0.223091541935	-0.372847609123	0.797942181288	-1.38484870167	0.46942045429	-2.12619258414	0.819781349972	0.429744933391	-0.807013994606	-1.04196137986	-0.602684752642
G89	-0.797585958614	-0.752926035828	-0.869169044841	-0.783519791652	-0.661461340611	-0.82363540199	-0.76724681595	-0.841877031157	-0.0420756199555	1.03361802848	1.61034587963	1.82529650538	2.17611326352	1.11686975508	1.06074159087	0.406377540233	-0.439784280507	-0.554750835331	-0.621599859378	-0.483096108899	-0.790634438474
G90	0.313171263521	1.87266225289	2.33172268789	-1.68823342991	-0.385856833087	-0.594615489563	-0.0975320390927	-1.31304257093	-0.493298975193	-1.05702707718	0.0971112832631	-0.867583626652	-0.260766683468	0.648280940791	-1.00591362177	-0.0497152800712	0.886250477651	0.671068778643	-0.727724668151	0.870939899094	0.850102711333
G91	0.538435786804	-0.507826175268	-0.759419007	-1.28444991502	-1.12117366721	-0.892088626708	-0.761672918731	-1.22341835011	-1.24855701028	-1.13329372904	-0.857731744273	0.110367461844	0.330434767018	1.05517259203	0.967788481201	1.29455556049	1.40219720553	1.63000727442	0.70131523755	0.819974266267	0.93938251049
G92	0.29967354348	0.000755763264201	-0.0749488393491	-0.288392023869	-0.956755903249	-1.31589499413	-1.48870822925	-0.586641927784	-0.703516403023	-1.2826388256	-1.11848471819	-0.794037390622	-0.0800097713744	0.284923073718	1.13011520075	1.32882924102	1.67950404184	0.533760794145	1.73455779291	1.52205971637	0.175849858954
G93	1.06932339961	-0.789308627711	-0.777449241506	-1.23761290001	-0.68697062425	-0.760323825325	-1.07440451255	-1.21805123498	-1.1621236706	-1.25314390188	-1.10718128927	0.405963199201	1.01233830172	0.561002072768	1.624072746	1.13109038809	1.02363443639	0.779248181847	0.518028617562	1.09838731415	0.843481170758
G94	0.989553548001	1.45067473315	0.169031593649	-0.529817371395	-0.652905567057	-1.17949676887	-1.17103504153	-1.05957672052	-1.03133620558	-1.26009270516	-1.36751329424	-1.2148093808	-0.239921071814	0.425730877078	0.522597095876	1.1548716849	1.12139333254	0.988253761628	0.907379768109	0.519078098056	1.45793963398
G95	0.388164741589	1.1609479252	0.236972729557	-0.298388845018	-0.691442733406	-0.991928876819	-0.780779607646	-0.949377073274	-1.63197339295	-1.38206049911	-1.63914409104	-1.1105066098	0.0681151867965	0.716497336028	0.857994461121	0.492840858967	0.852377401646	1.16952440465	0.87301069301	1.30899171492	1.35016427559
G96	-0.862342923808	1.55487258713	-0.41617090768	-1.06127954056	0.197401789589	-0.0955603392904	-0.629017730717	-0.705802190072	-0.0895624019546	0.283125830597	-2.20631383673	-0.809471769949	-0.665459423932	-0.0416543300455	-0.271057330714	0.360862175881	1.23240953708	1.06520949117	-0.442185603192	1.8290051753	1.7729917419
G97	0.952048464358	-1.4197013341	1.21495186766	-1.84960356665	0.523748053129	-1.00812537046	0.959248983871	0.685240301719	-0.875389141168	-1.52428030798	0.592585429089	-0.00700239373537	1.50716399538	0.382025247951	1.67525288196	-0.440195268827	-0.0504102164169	-0.626937953294	-0.764326117372	0.611044756654	-0.537338311758
G98	-0.224393283284	0.666985102312	2.39496036928	-0.718283191643	0.727856169369	0.439103803768	-0.445608647357	0.328646764318	0.277454483471	-0.621742579871	1.86235040382	-0.0729139750253	0.429369345297	-1.63080721167	-1.5046931677	-0.226839587902	1.13311092693	-0.633134106798	-0.737067667265	-1.37641118041	-0.0679427696564
G99	0.804362371203	0.25022443874	0.539187769919	0.797857487761	0.823566427993	-0.812644214295	-0.501777202027	0.999909325225	0.709607902408	-0.657245869693	0.377255240599	-0.704729565396	2.2468505523	-0.183782165832	0.462219176118	-0.0860721749207	0.719605498039	-1.62119731921	-1.57885697429	-1.96925155853	-0.615089146105
G100	0.274144731276	-1.6009211835	1.18666446369	0.14481672793	-0.162521750919	0.166644354892	1.02786916395	-1.23910973372	-0.518534465086	-0.388856396025	-0.184769456739	1.86486393427	-0.503617547189	2.13822270101	0.630035265644	0.57456838264	0.240501356813	-1.70166185956	-0.730493078146	-1.14433253008	-0.07351308115
