gene	t0_rep4	t1_rep4	t2_rep4	t3_rep4	t4_rep4	t5_rep4	t6_rep4	t7_rep4	t8_rep4	t9_rep4	t10_rep4	t11_rep4	t12_rep4	t13_rep4	t14_rep4	t15_rep4	t16_rep4	t17_rep4	t18_rep4	t19_rep4	t20_rep4
G1	-1.15339286269	-0.897476458348	-0.719827686722	-0.634676413784	0.212104463925	0.686396772347	1.64844906127	1.10425854831	1.0365629861	1.02519563611	1.58536403691	1.16735827737	1.27285902453	-0.336245029888	-0.61175913038	-0.558434966942	-0.561770484289	-0.818281203804	-0.912820818459	-1.12412621002	-1.40973754157
G2	0.543549346727	0.19049531461	-0.81529061504	-1.35968854283	-1.80613219233	-1.70304652715	-0.901272198571	-0.877692176768	-0.619570425805	-0.109370918173	1.64159956112	0.0382538860506	-0.235200319004	0.867177473252	1.74207568874	1.47949807524	0.284001849662	0.303337110292	0.40965587398	-0.0440139374182	0.971633673411
G3	0.637393235659	-0.686043038326	-0.691391428286	-0.870482178639	0.00544191843693	-0.10875248915	0.74231741872	-0.855230599774	0.137104870574	-0.297259777401	1.16681545614	0.0335261344078	2.44517130734	0.780537016557	-0.345331672534	-1.93341385188	1.59116558981	0.885483464697	-0.715237327503	-1.00378479478	-0.918029254061
G4	-0.311214774126	-0.642711217539	-1.20229855799	-1.07486523627	-0.974854898804	-1.11853705242	-0.355310642665	-0.304112826595	-0.555591700641	0.0248132641947	-0.720150064829	0.144808930244	0.764399683355	2.84159983897	1.6593613147	1.16535702357	-0.229688842982	1.14308683377	-0.13192895897	0.421269697503	-0.543431812476
G5	0.228303309418	-0.0420150134791	-0.785490366396	-1.16555055375	-0.969938641874	-1.08370967081	-1.49440123958	-1.04338122146	-1.35601044993	-1.30469739656	-0.448850835904	0.259199184676	1.3090557228	1.03754592999	1.09726165335	0.729744337985	0.716873967723	0.981803228547	1.11174206751	1.19380440166	1.02871158608
G6	-0.681722584261	-0.919372536196	-0.604925132809	0.174237504484	0.850217794	-0.335809427445	0.781847129939	1.57958749288	2.84943269262	0.8612496656	0.79669637933	0.804279949184	-0.4334610225	-0.334039478815	-0.792941091495	-0.335911798903	-0.440492325278	-0.600428870611	-0.761882129914	-1.31677314845	-1.13978906136
G7	1.23326423521	-0.430749252279	-1.75897484598	0.135297247422	-0.54137612229	0.465566791992	1.79863795757	-0.246518516584	-1.44001088578	1.01948529891	-0.118374684821	-0.599024589672	-1.07092388897	-0.996171351609	0.0810104166295	-0.131566970852	1.44198496599	-0.748220276818	1.96976191071	0.288971741551	-0.352069180337
G8	0.924100381907	-0.335513057889	-0.930493477707	-1.30043266082	-1.07041288006	-0.601219245467	-0.999962488924	-1.29403988486	-0.996376534163	-1.29157561377	-0.994527957693	0.39356042738	0.966803468568	0.657615060767	0.910788690947	0.514320905567	1.70309588004	1.42437129603	1.00369589055	0.322163732261	0.994038067337
G9	0.699823298193	2.47973122533	1.23260574722	0.623242385698	-0.677250415801	-0.0928290320247	-0.810894744343	-0.280758059476	-1.2625359939	-1.22674505355	-0.984863709621	-0.00760617627908	-0.23129955349	-0.462172391247	1.62969639193	0.00510412794756	-0.327743640163	-0.865525120983	1.6649156345	-0.649729150373	-0.455165769565
G10	0.0583173524845	-0.876334929046	2.47608660645	-1.38193339446	-0.162595334632	-1.69897850759	-0.674649004836	0.327017161159	-0.00729968620226	1.03886421005	1.05461829772	-0.921549132883	-0.0717600921526	-0.619687427877	-0.0592398551964	0.0377576154755	-1.21634885218	-0.251492210605	1.33485944049	1.37739797652	0.236949767303
G11	-1.06618117599	-0.913468933993	-0.517064538218	-0.270553340438	-0.333508483597	0.0206365491648	0.616262153605	0.132614657184	1.68382517708	2.02282310773	0.931963525638	2.34675019772	0.746929576679	-0.291867101311	-0.639703471231	-0.81896784692	-0.310117255594	-1.22962787474	-0.614308407844	-0.593020944023	-0.903415570907
G12	-1.69198301762	-1.08403233337	-0.57557061604	-0.206302295901	-0.141782329227	0.467080989865	1.67826297701	0.649137197234	0.328957504564	2.01812904848	1.73959995581	1.28464881179	-0.0123326196263	-0.266354310517	-0.515162320764	-0.155408727071	-0.0648128677906	-1.68803183301	-0.551788614528	-0.627101852357	-0.585152746936
G13	-0.0914305632415	-0.616207883294	-0.915909981584	-0.368409857233	-0.783942680156	-0.538846859948	-0.224790490853	-0.0859622696012	3.19298885725	-0.0414173962905	0.441114800113	-0.511371239683	1.29339563659	-1.0158277162	-0.96573150273	1.54415778444	-0.493707884641	0.983382993983	0.239931422059	-0.213278966157	-0.828136202824
G14	-1.28571875437	-1.09047267832	-0.886948389131	0.0822013151841	-0.292678500813	0.205088268473	1.6420219602	1.01425904886	0.849629372208	0.639737226772	2.31476854862	1.01658125713	0.973441407101	-0.173523554819	-0.371357958518	-0.724327280072	-0.796667394316	-1.28429945109	-0.781656994855	-1.19670816272	0.146630714474
G15	-0.939591765037	-0.902235823625	-0.623423277376	-0.474497295027	-0.00976955708424	0.535935157912	1.69153221156	1.89363117315	2.09062547801	1.10200248602	1.08996902399	0.674954090106	-0.129883292652	-0.346926321792	-0.677439634688	-0.841896244521	-0.842115015524	-0.861869931409	-0.798217081318	-0.849840696838	-0.780943683863
G16	-0.924279616585	-0.58947033368	0.191893688387	-0.586021094416	0.790144642246	1.14956605069	0.513124765537	0.954606557863	1.68170593428	1.60934482684	1.46603277659	0.913890169874	0.162450804946	-0.923327788007	-0.219219433741	-1.23798330522	-0.743872293634	-1.4478348137	-0.913141529509	-1.27394706077	-0.573662948001
G17	-1.42204315871	-0.669497089301	-0.0291780993812	0.575427871691	2.19320370743	0.594152151928	0.271119030956	0.959809819416	1.08369942235	0.890595707779	-0.160198643565	1.51696612198	0.956797330307	-0.93474141822	-0.281003607885	-0.969110281822	-1.34507149228	-0.842395976171	-0.229947452252	-0.944242421435	-1.21434152283
G18	-1.35967114343	-0.993838629594	0.66266424941	0.116036028526	1.5654999473	0.213187340929	0.585752310937	0.630818341215	-0.435472064308	0.840499298019	1.16183647602	0.753225055023	0.922285314591	1.04050452178	-0.510534315491	-0.790403445379	0.00753021442506	0.449014503902	-1.53529873438	-2.27813575742	-1.04549951205
G19	-0.0628977321946	1.83400737999	1.2910118207	-0.860330018126	0.303519256473	-1.33583569026	-0.625823737006	-1.59058302125	0.785969154342	1.05712674827	0.152957497491	-0.285771141028	-0.167334745817	0.0811117541583	-0.698320270397	0.274418587403	-0.0364076186982	2.014231854	-0.181193615916	0.024389484332	-1.97424594646
G20	-0.778468102407	-0.27279774015	-0.259812684159	0.209450134746	-0.340632009923	-0.221766951925	1.36631262311	-0.0604113697997	1.2227181403	0.822789256722	3.54151427525	0.0742513699537	-0.423697822646	-0.492224709041	-0.772282734826	-0.730767896725	-0.463634699398	-0.819380665184	-0.679616653434	-0.71333804884	-0.208203711622
G21	-1.07453479039	0.410413404846	1.0510086841	0.858655145112	0.949754036625	1.13199827139	1.11157863229	1.25260455826	1.09478847465	1.35481049057	0.949432387591	-0.149474120381	-0.979982855972	-0.949092057484	-1.00560704188	-0.999138539279	-0.965833030932	-1.01283360567	-1.0004942275	-1.04787617494	-0.980177641006
G22	-0.308087928477	-0.105480947038	0.772272919382	0.100924511053	0.994621983422	0.287893646274	-0.420451689448	0.889617035965	-0.26319710804	-0.800228794744	-1.24674384122	-2.07475001149	0.268092763725	-0.820209017135	2.15231652312	1.65316082304	-0.359287983353	1.37296142998	-0.947005225387	-0.560519046005	-0.585900043636
G23	-1.20362957138	-1.00067208019	-1.16370658669	-1.36386295247	-1.00375111403	-1.25152661166	-0.885286412998	-0.107474357769	0.693346599586	1.17514208542	1.14042365497	0.988808310404	1.74267711617	1.68149988573	0.978710651024	0.602471498391	0.206324518487	-0.366040369264	-0.642407853723	0.00694150480548	-0.227987914814
G24	-0.213595794758	-0.652521824987	-0.802286763645	-1.10229888182	-1.06857360447	-1.07939912211	-1.13210185256	-0.935927001464	-0.871600079923	-0.0561569099968	-0.118371446532	1.23098462556	1.84865013128	1.96450880043	1.04925088381	1.38021509073	1.09272058468	0.234004497303	0.0921090734585	-0.387054307729	-0.472556097252
G25	0.127128077742	0.249482486044	-0.268263687225	-0.723233107701	-2.16370670203	-1.55707039603	0.906950339441	-0.00588304681552	-0.913768114166	0.267812870966	1.41510963289	2.69375159402	0.0971023762259	-0.759724682001	-0.734165742844	0.586418492108	-0.217614350415	-0.292617433509	0.433791096495	0.620541328794	0.237958968002
G26	1.03450947673	-1.68629046395	-0.413029859061	-0.432248656525	-0.253467943072	0.209252527877	-0.912482058898	-2.19497846376	-1.58959495913	-0.578866981069	-0.534553625338	0.610826551763	0.52659687058	1.22120547127	1.25657125416	0.278922039329	0.227813415573	1.16880139185	0.381751769504	1.56431481362	0.114947428543
G27	1.74359484995	1.23673605676	-1.1495525201	-1.54421211092	-1.15062087017	-0.865411799522	0.692217175219	-0.903603070326	-0.227745958648	-1.25515458593	0.169361560362	0.431782155292	0.0586676243465	0.641448102253	1.78744508432	-0.350905475178	-1.0205754334	-0.627244546876	0.672567913027	0.324037404152	1.3371684454
G28	0.213674691886	1.70767944587	1.0933646346	-0.567902464014	1.11581890986	2.01209618628	0.502917332955	-0.163933456641	0.445685378708	-0.861687644135	-1.46721617543	-1.06410722212	-1.14180079116	-0.158591430715	-0.651759753826	-0.382288261619	-1.62845612272	-0.56041434075	-0.0836011771336	0.319128221805	1.3213940383
G29	-0.616239765568	-0.637125763675	-0.936549006101	-0.589237698518	-0.899559554217	-0.31750857505	0.372226323165	0.728868288829	1.92611648271	2.30426343955	1.63620855259	1.59985334781	-0.0637984921917	0.000331918829902	-0.678216144958	-0.391304430284	-0.792273043169	-0.413160264474	-0.943433397174	-0.736715405077	-0.552746813032
G30	-0.843696158923	0.437157739869	-0.23691896825	1.17366895145	0.730408136805	2.27327441838	1.12722151626	1.19270998388	0.243135697083	0.674275973484	0.97013866115	-0.643961617658	-0.299541277292	-0.627032690228	-0.470661420093	-0.791345588433	-0.915738947038	-0.0242466041424	-1.63698411279	-1.81054100944	-0.521322684077
G31	1.3033102674	-0.605768574522	1.74405712858	-0.215588451432	-2.15996109	-0.428215371035	-0.646130696298	-0.902116716651	-0.27032053718	-0.239777890784	-1.03137518987	-0.00259257329397	-0.163325798681	0.134899500904	1.10484294068	0.435176727777	-0.573468520369	-0.585585895394	-0.425923944348	1.6211518624	1.90671282212
G32	1.36479585964	-0.55700256346	-0.977613195253	-1.33977957924	-0.885188345993	0.46377291422	-0.630005664215	-0.978030867263	0.419723433932	0.978702836179	2.23773036234	-0.369229160864	-0.0813785610953	-1.33281340677	0.911114554707	1.74468347038	-1.04087558804	0.0168340288866	-0.667223223754	0.358400232624	0.363382463039
G33	-1.11443067469	-0.389728786962	-1.67523394553	0.467486387623	1.60396288693	0.0900014544584	-0.285891635584	0.57038603524	0.0295994263588	-0.150753338189	2.0689800591	1.31950893933	0.14473636798	-1.01698385507	-0.659749003171	1.55239635347	-0.738981463978	0.471159871752	-1.10191404283	0.101863746958	-1.2864147832
G34	0.588448555386	-0.620982906565	-0.370489571431	0.441908422697	0.541894316378	-0.60367169299	-1.13304965009	-1.21743901449	-0.254077824041	-0.952951763506	-0.571570860396	0.86813635191	1.24519879087	0.235264682931	1.80652441704	-0.7551578867	2.14373819065	-0.676861441878	1.18523340453	-0.335583231414	-1.56451128889
G35	-0.84691639691	-0.802706370231	1.12960730814	0.564029754007	-1.61146079924	0.440315704839	-1.4459403055	0.565168608371	-0.971564006958	1.36343658628	-0.0983294420969	-0.783855333536	0.636026328655	-0.677114709856	-0.858000746548	1.76110804648	1.00060657714	1.77422435206	-0.0987729959015	-0.610034689374	-0.429827469823
G36	0.833850948834	-0.674403167573	-0.940551801866	-1.09219064454	-1.07831267484	-1.08091360334	-1.04776770037	-1.10375486871	-1.11407301672	-1.04268085513	-1.11203744722	1.1680182975	0.550650782514	0.565597460846	1.05595319853	0.759580375566	1.00584306161	0.902943221733	0.930016711858	1.37573229944	1.13849942188
G37	0.530190092239	0.506439385898	0.665064755794	0.251281264344	0.181013335708	-0.767403830935	-1.4777299501	-1.31278570476	-1.4954295181	-1.74959458689	-1.73126718938	-0.694813959288	0.521091695218	0.625546479839	0.70336562089	0.662013765591	1.01143027277	0.180006756155	0.814802093536	1.19969796455	1.37708125694
G38	0.243852615127	-0.349497131238	-0.830592012741	-0.680990239556	-0.156165258494	0.683404357665	-0.84495305398	-0.157340749813	1.94008203326	-0.617135546357	1.0171801061	0.641464832093	-0.534204178137	0.877428767931	-0.942304693622	1.57250407513	0.74539557819	1.4955367307	-1.37582862602	-1.25889913289	-1.46893847334
G39	-0.461172446336	-1.2550755557	0.627434183082	0.143527642985	-1.31087005588	-0.593360394194	0.15086543467	1.18784904822	-1.57500901703	1.22432261159	0.691334717324	-0.302720660921	0.29278205937	1.41022290739	-1.6958743646	-0.221107472974	-0.424942997371	-0.0208905855713	-0.928737681272	1.61839505231	1.44302757491
G40	1.03704798057	0.929705452448	0.795974005273	-1.94476845799	0.185478700184	0.612106750156	0.996272059776	0.200489432869	-0.583942467519	1.58261250102	0.413487669542	-0.823137404276	0.120035985424	1.0645078339	-0.728365604733	0.940420679504	-2.09745701106	-0.0341314768891	-0.5802334259	-0.914788587629	-1.17131461468
G41	-1.04184917103	1.40265515749	-0.521268324131	0.929912805022	0.618041079199	-0.0856201699527	-1.33510368266	0.714980138889	-0.277341416958	2.61135842376	0.94119798866	1.04752578693	-1.5803594369	-0.207707159573	0.219240051243	-0.871836877873	-0.135188168856	-0.193303525782	-0.641405447702	-1.0817279383	-0.512200111479
G42	1.36220058545	-0.608149497967	-0.95676446045	-0.870899522424	-0.891085760512	-1.10810568037	-0.967927219912	-1.2666446476	-1.41464596989	-0.944235875353	-1.03771480758	0.300559153063	0.634764233386	0.672072656121	1.08535125161	0.558665469583	0.879870152177	1.41123238624	0.926160875358	1.19182264361	1.04347403546
G43	1.21558938889	-1.2937428345	-0.0871788098374	-0.567836876116	-2.33395166	0.243851232949	0.712907207973	0.47218672837	0.434288982298	0.610716767272	-0.134255498086	0.787178923156	0.0488650666528	0.775338145034	1.2127556984	0.562081931152	-1.72960987797	0.0672153130255	1.18868651468	-1.76138196428	-0.423704379061
G44	1.30591152753	0.887877950943	-0.419271802264	-0.5985296616	-1.13590815257	-0.68870541463	0.167754528098	-0.48626768437	-0.475478659041	-1.11348982623	-0.785129555023	0.1787096045	0.227338233854	0.474486647027	-0.238986144044	-0.658561418959	-0.504106722933	1.92021031518	0.484756047015	2.70641920218	-1.24902901466
G45	-0.00968129519143	-1.41085311715	1.05361277787	-0.307849879061	0.232741521792	-0.0994477067093	-1.95614307121	-1.00847153284	0.574358183941	-0.0440225418864	1.34132930123	1.55596588397	-0.346105503652	-0.124844589082	-1.49089315526	1.61423097653	-0.74926909705	1.3577904842	-0.00612651150213	-0.781153838746	0.604832709804
G46	1.17620295934	-1.16027179019	0.25527411925	1.82465859542	0.721251712811	-0.0195323684537	-0.281857462991	-1.19311824719	-1.23979322447	0.554072122084	-1.22881525493	0.232657641323	0.175339615609	1.07211134069	-1.72503064222	0.943622580238	1.31747640262	0.30816932571	-0.67234011822	0.351169474201	-1.41124678063
G47	1.10848772013	-0.553902380591	1.34693761402	-0.992151929321	0.989450293423	-0.834426338127	-1.24567929326	0.617684044024	0.717514341468	-0.247171942829	1.26215528906	-2.17764434923	-1.19915109718	0.416679202924	0.222163826295	1.42248087998	0.787425679335	-0.108628197268	-1.2203240285	0.226251346125	-0.538150680464
G48	0.104553072866	-0.218444671999	0.833586292362	0.689545479607	1.10485789514	1.09227401892	0.453141323881	0.417785763164	-0.727342800622	-1.75221879196	-2.22445416088	-1.38906639733	-0.263331660232	-0.698719314694	-0.723273796112	0.282568543578	-0.19077794448	0.904946841379	-0.397359884993	0.769082975485	1.93264721691
G49	0.450503074255	-1.1627164346	-1.04247165519	-0.620966743071	0.394541477501	-0.405130569335	-1.33687955514	1.06234823734	-1.31539077413	-1.15041619855	1.44186668853	1.53472695831	1.91909712404	-0.811113658103	0.113783094947	0.5095906079	0.00379529595865	-0.0714042444324	-0.573078448168	1.46266760061	-0.403351878683
G50	-0.929157714304	-0.497706431666	-0.496583824252	-0.600806296591	0.373779454889	2.13437041386	1.62600427176	2.30460670261	0.796772428209	0.0608395117952	0.790746851663	-0.410983133704	-0.477534501551	-0.986503201304	-0.619158052546	-1.34144716348	-0.470331312327	-0.407450295671	-0.502381879028	-0.919994337523	0.572918509151
G51	-0.452986701628	-2.05982790173	-0.217599561944	-1.74939538892	0.707082347561	-0.578078346293	0.918575957655	-0.968555340432	0.974625431767	-0.377866555512	1.51313869536	0.749147493014	0.136224426667	-1.5597568544	0.642864814902	0.786606978603	0.620915382944	1.40883394076	-0.790545785513	0.57370870456	-0.277111737423
G52	1.1010029238	-0.22261874792	0.321084435623	1.13549293739	0.309565140605	-1.10690657372	-1.2791228622	0.0665494927437	-0.749041103619	-0.129248357457	1.60192069308	-0.162597753457	0.681495085471	-0.323651072091	-0.73747844628	-1.25843337881	-1.33579553131	2.26876532889	0.00162855593184	-1.22460699727	1.0419962306
G53	-1.31060544961	0.416289161985	0.746222422678	1.6730441112	1.11321150491	-0.273218575039	0.27225247105	1.41779339294	1.54431541822	0.299318566225	0.979857919867	1.11023452799	-0.907932121406	-0.881852953297	-1.22034059412	-1.37863964644	-0.948805073164	-0.578700338105	-0.55511531183	-0.73226214051	-0.785067293543
G54	1.17626564531	-0.296458447012	-0.877261449602	-0.995608944946	-1.26433664618	-1.19080653795	-1.20471763951	-1.35946521245	-0.762330282671	-0.468875576808	-1.19469468034	0.0992143858894	0.857482433758	0.347277376108	1.22195996416	1.67167772921	0.644003901915	1.29450445053	1.10809964204	0.73606567735	0.458004211183
G55	-0.933812768317	0.500527883519	-0.821932226259	0.0949362783672	-0.304949177554	-0.880904166963	0.554774836237	-0.439595031865	-1.38369891266	-0.323019144155	0.12736647351	1.89800681133	2.55667576859	1.32986850531	-0.173224575226	-0.071859651034	-1.39410040754	-0.971986165607	0.749522004165	0.384469254531	-0.49706558837
G56	0.757778719711	0.597973947635	-0.255201483169	1.32427356551	0.875814402685	-0.564076883771	-1.21292772412	-0.976306212319	0.798054855749	0.402703666061	-1.05956511801	0.593532884723	0.428730604499	1.90796361896	1.12632394763	0.201862632758	-1.57016136532	0.101950266094	-0.462503580576	-1.72462216335	-1.29159858137
G57	1.24797075218	0.931981255311	0.299020313532	0.0633688833891	-0.0707969528548	1.28163754185	0.531203880369	-0.76055220504	0.168991537029	0.123794331834	-0.445241103177	-1.70497464445	0.420802566283	-0.568474431356	-1.30294396348	1.59054643453	1.16409123354	-1.18855506652	0.956644938314	-0.793561296491	-1.9449540048
G58	0.879274778536	0.103248397476	0.503656994405	-1.48146508307	1.25538549939	-0.649114580522	1.14206373892	-0.14931578629	-2.09804351569	-0.795675405976	0.251981072855	0.911383993496	-1.58659726113	0.0758049994336	0.762460976214	-0.309056568424	-1.38209928857	0.984558254008	1.48192652855	-0.292487061692	0.392109318081
G59	-1.03044789933	-0.823234193699	-0.510573859108	-1.15603910417	-0.413573769963	0.011784203191	0.512596778987	0.637455100028	1.08958386983	1.41608035871	1.76640746144	2.34679954338	0.438793867263	0.378762252852	0.08455805094	-0.837528670596	-1.35954082904	-0.56350795875	-1.19077001333	-0.23086519071	-0.566739997915
G60	0.283141851179	-1.01074740403	-1.45012707797	-1.24419317846	-1.04774326218	-0.945220032598	-1.0282489518	-0.723307310559	-0.0616807473885	-1.00474218698	-0.852169769742	1.69838520818	1.47842485491	1.11171858932	1.69925795986	0.359673482958	0.562292639748	0.385297864061	0.442251949678	0.823419208783	0.524316313021
G61	-0.613852579404	-0.671208781068	-0.887344456919	-0.673445201688	-0.739596926158	0.342525541835	0.57363405373	1.23925672772	0.401185257232	1.66885076445	2.3762976989	1.39947390087	1.22835896953	-0.308346340726	-0.465400576149	-0.63409857578	-0.896095251313	-0.805433954299	-0.748833343316	-0.996483380576	-0.789443546872
G62	0.50973575098	-0.131613606872	-1.07108580586	-1.1215462125	-1.09567186227	-1.12969313086	-0.923361894082	-1.0725361408	-0.849023858718	-0.940636682177	-1.05764978517	1.59258889204	1.82226275403	1.26649052291	0.323509665072	1.43388836871	0.404718377619	0.554781841694	0.172068181931	0.402112997547	0.910661626775
G63	-0.559623743593	-1.14851605113	-0.155308907021	0.135585837546	1.37227899003	0.940632891478	-0.0955119729466	0.601178269295	0.47014847158	-0.969602834694	1.62080795592	0.639495455997	-0.022211990278	2.0138175095	-0.768383894253	-1.72726002361	-0.588184534939	0.650291217381	-1.33186834761	-1.3251110168	0.247346718142
G64	-0.861043162988	-1.41392114428	-0.378071176917	-1.95374131423	1.09932968644	-0.591288759816	-0.434342040774	1.36982357818	-0.911628397614	-0.136624915176	-0.711990808776	0.638025039832	0.013927498089	1.13943072455	-0.182478071622	-0.299573492114	0.165968618608	0.31523179193	0.0232586762392	2.67919674574	0.430510924704
G65	1.04103288956	-0.47595814897	-1.28408698574	-0.382121818328	-0.458781385997	-0.739332944237	-0.362352378623	-1.45852894251	-1.0578451822	-1.60485523276	-1.05029868095	0.751802910804	1.19554434302	0.52320107797	0.198277613503	-0.588972234248	0.413089493175	1.54451661785	1.09336737804	1.24143516857	1.46086644208
G66	0.889947572047	-0.439683508984	-0.783010842973	-0.509539151309	0.129754515527	-0.389291498724	-1.1604712889	-0.682909851563	-1.68240911676	-1.39752447264	-1.42222681929	0.608867605092	1.46548322295	1.00700667641	1.91056786696	1.43743263091	0.240241218137	-0.285330799369	0.839347308045	-0.232085820754	0.455834555197
G67	0.827681384083	-1.7913519968	-0.0708399021307	-0.596293175981	-0.827219737265	-1.05726464432	1.17068101256	0.130590989186	-1.03478426815	-0.700546981901	1.48298714986	1.79336737853	0.412689629126	2.11961738333	0.0479286785359	-0.603275949742	0.717470992111	-0.540649592782	-0.580448693217	-0.459761430601	-0.440578224444
G68	-1.58174314194	-0.36734772503	0.0482018987962	-0.814476061795	-0.221058911431	-1.95284298742	-0.160281190608	0.448547702374	-0.174143576213	1.25839057667	0.99148130137	2.24881469978	0.97602260854	1.09345582152	-0.860636169309	0.427111576773	-0.792324951529	-0.395244199873	0.245677175517	-1.19649920958	0.778894763391
G69	0.946063825315	1.17484139936	0.997511339186	0.772623880682	0.860219864777	0.390894823248	0.0540916663063	0.338601594448	-0.991188613293	-1.82723971212	-2.00098349087	-2.06791442637	-0.936713145666	-0.876032017526	0.431173186944	0.511252955355	0.662621211919	0.100316868854	0.218435630932	0.336676446034	0.904746712474
G70	1.92838541614	-0.206218643392	-0.796175844768	-0.763918940243	-0.853612189533	-0.827489735507	-0.853612189533	-0.843462639104	-0.799053495081	-0.604841264313	-0.853612189533	0.561414021242	0.668314841661	-0.21405440742	-0.20936850387	0.908209771151	-0.432153080146	0.0782118134116	1.62966392569	2.62485456628	-0.141481233136
G71	-0.137859809985	-0.841500708535	-1.17053615992	-1.1797984646	-1.15407406572	-1.18423042759	-1.16746049531	-0.612046350013	-0.272344309044	0.0754538735119	-0.0967742907589	2.97351130451	1.33926048871	1.07588961668	0.300688134076	0.579073355913	-0.0982338054355	0.598181046815	0.499650225055	0.268087175665	0.205063665983
G72	-0.612384664156	-0.586346723816	-0.668567495916	-0.652233583265	-0.676359694979	-0.576159477798	-0.347363289046	0.10074279231	1.38700603713	1.37077815731	2.36160317352	2.63352720508	0.272743425225	-0.442296669278	-0.421280314373	-0.457050611786	-0.53929242857	-0.647150482599	-0.642525508521	-0.544193411777	-0.313196434695
G73	-0.788707350111	-0.310129533717	-0.761418875752	-0.712515643014	-0.214002670296	-0.47119679408	-0.312229036286	0.790156524834	1.17699872655	0.730203078874	2.19415333668	2.95790684002	0.224173634005	-0.489635738633	-0.626557454688	-0.715208318297	-0.450609021295	-0.64471182811	-0.435649433108	-0.756347185811	-0.384673257773
G74	-0.972087115832	-0.517869799321	-0.898888682328	-0.818431013242	-0.733283212704	-0.636684016953	0.296070033602	0.971821218726	1.48772931934	1.88532508749	1.64129443691	1.79639504911	1.05263059875	0.0951736238815	-0.230264657745	-0.479991655923	-0.638155919908	-0.570855370731	-0.807587652384	-1.03757383445	-0.884766436287
G75	-1.9462280348	0.411401302389	-0.434771579686	0.213256946709	0.359539781072	0.472515435862	1.39041367028	1.75905297422	0.163007033218	1.28082619157	1.48312143366	0.90220214771	-0.262659463133	0.0358049311927	0.261541236163	-0.569689752305	-1.01825609304	-1.46893262988	-1.1361231027	-0.976484033718	-0.919538394784
G76	1.29316551579	-0.0188599005977	0.156524614407	-0.760113802285	-0.316745210962	-0.415973029038	-0.625279079457	-0.654798598374	-1.00667913108	-0.722058097939	-1.34978021583	-1.44678308759	-1.39303371567	-0.323913044702	0.385799541838	0.288407191251	1.59302280532	1.68505691066	0.927554884005	1.4230929348	1.28139251546
G77	-0.645974325315	-0.70890403652	-0.77607172166	-0.740366193758	-0.743409948733	-0.672500788695	-0.597090756939	-0.603093461153	-0.281088392978	1.17945450214	1.66575449437	2.00543461993	2.33141322234	1.21980892632	0.433033729488	-0.0640042108986	-0.496996088205	-0.616587595734	-0.677626909979	-0.566387996522	-0.644797067501
G78	-0.54082453006	1.18643427407	-0.490655639468	2.0250541657	-0.181545924611	-0.676388508984	-0.0950472501189	2.12943842947	0.391474158362	-0.12922435978	-1.1934322495	-0.54550795898	0.171652738568	0.491784690505	0.263570566086	-1.93753884246	-1.51442935849	0.96132654032	-0.768674198556	0.341897934411	0.110635323532
G79	2.0117376222	-0.682204929925	0.194188338727	0.420142217761	-0.848533696509	1.22234751147	0.847497458893	-0.900270450104	-0.583597044081	1.11190028704	-0.907835794265	-0.510395113998	-0.0819144216674	-1.91662088565	-0.207424331331	-1.20942611413	0.213429814055	0.139326842982	1.41262696762	-0.999289754664	1.27431547559
G80	-1.19001322091	0.131419662245	-0.376422898778	0.0554879130411	-0.347336140011	-0.556203562074	-1.20899003468	-0.00157112236831	3.23660568122	0.573256713214	0.164584690768	-0.262029269192	-0.0728061254718	-0.162858730616	0.765076232875	-1.44295779868	-1.22723202507	-0.468759579927	0.997494744247	1.04265576444	0.350599105731
G81	1.23200779467	0.696083054657	0.22244076653	0.534556545417	-0.884610056654	-1.07014794888	-1.75715569065	-1.60044550888	-1.51066237356	-1.06661669095	-0.927296417653	-0.510994381522	0.375595296494	0.0851871426586	1.07542250956	1.23707196395	0.23205390637	0.561915744357	0.816209248199	0.883278754899	1.37610634099
G82	-1.21845121427	-0.695236253452	-0.378611786049	1.04902727068	0.345476611987	2.14292295468	0.307370432051	1.53747852912	1.61502981581	0.884798486052	1.17569620053	-0.0546216079702	-0.237216812063	-0.614819985997	-1.05144455979	-0.581260780034	-1.05687554809	-0.290742697017	-0.949578577129	-0.983125953217	-0.945814525827
G83	-0.152167957521	0.306193197196	0.70540410348	0.209452246546	-0.784254586618	0.230660573927	1.41974500838	0.384688402782	0.514560017289	0.392369661597	-0.851582796655	-1.52167747587	-0.338196377912	1.03956310925	-2.6716370137	-1.17443373153	-0.741220727208	1.615052072	0.450328117243	-0.0213911095282	0.988545266845
G84	-1.05145482208	0.512206774183	0.792964418076	0.548667726191	1.04583794401	1.38867940502	1.42088300598	1.08113501587	0.572327746819	1.11970407861	1.26701542574	0.0364081961091	-0.318086067901	-0.994514830137	-1.25464904295	-1.20628238466	-1.18134734646	-1.25452827945	-0.774524856192	-1.07955421411	-0.670887892664
G85	1.07134464365	-1.70216188986	0.255864271604	0.121984687911	1.0508042617	-0.712308531861	-0.881736451094	-1.40691981236	-1.83852912284	0.275309828737	0.207404777142	0.572536411186	-0.151330661431	0.79859506177	-0.943208597114	0.185452135962	1.58605914751	0.986332684382	-1.28477666431	1.30384915632	0.505434663006
G86	0.900736954255	-0.645956367601	-0.988004732714	-1.02057720623	-1.02202663916	-1.03383815238	-1.0381662707	-1.01593332283	-1.03161473889	-1.03248724765	-1.0375299922	0.279897703111	0.339900190307	0.422292320817	1.8318142067	1.25504317722	0.721610311042	1.29708860304	0.688030000873	1.26031028115	0.869410921837
G87	-0.498979551165	0.00965357650855	-0.757118063998	1.08037210245	-1.19942532826	-1.23859302403	1.55669180021	2.20785029262	0.0496270854035	-0.616359662979	0.57002055402	-1.37184668354	1.42430544157	-0.500277266277	0.672355584644	-0.653132572757	-0.583599637838	-0.407116854962	-0.178935820419	1.30360175515	-0.869093726342
G88	-0.393577205044	-1.51820827395	2.38000449826	-0.782688020049	-1.93728795889	-0.092225721786	0.443744958949	0.322202819345	-0.857722597527	-0.364042441865	1.12316079067	1.56210861157	-0.381321441111	-0.28319781058	-1.34077488959	0.984002443893	0.242637252607	-0.0577917537959	0.124137736245	0.745018923143	0.0818200795005
G89	-0.655874758814	-0.615296646238	-0.640692583935	-0.789409322454	-0.702076045651	-0.724099925049	-0.577742440459	-0.545250278396	-0.473824492101	0.305695293041	1.47144301333	2.44579312657	2.28728198955	1.3334675399	0.654471225973	0.0139351029807	-0.433042631772	-0.615619741382	-0.44145695245	-0.613304665769	-0.684396806874
G90	2.45857638351	0.199596525235	1.60404865623	0.946721510727	-0.125292014331	-0.663588178041	-1.09033353336	-0.726899832557	-1.41276444098	-0.0417439063551	0.320145647393	-0.184842451714	1.67852043038	-0.509145840819	-0.0680285400019	0.449107932853	0.394653180739	-0.374023221334	-0.204916363379	-1.38582964016	-1.26396230404
G91	2.10900879299	-0.220630586743	-1.0687949694	-0.778976879996	-1.04874870196	-1.63293104688	1.01043968429	-0.434594089628	0.900631110855	0.627394596351	0.929390353454	-1.31672010753	0.935984741776	-0.0106518626977	-0.528298343822	-0.832417276753	-0.478799895269	-0.4218045557	-0.0807334913165	0.473065106162	1.86818742182
G92	-1.69823550901	0.0485211180692	0.930037616298	0.493659167158	-0.219125876726	0.311974012784	0.131975556974	0.406429132329	1.12567653258	0.370780187506	0.365937496572	1.0854946986	0.375669982804	1.40011017916	0.311272882447	-1.85670545888	-0.0898588206673	-1.62521106326	-1.90295288555	-0.993490817674	1.02804186848
G93	0.494267056196	0.480089877435	-1.53102019877	0.0183061139084	-1.95659312487	0.644060100214	-0.293374249848	-0.325140920876	-0.83271655586	-0.385693887845	-0.409282524815	0.636290007996	0.044582367705	2.08262780374	0.768818313446	1.88444805821	0.414910370072	0.128264837102	0.622363993426	-0.937786376064	-1.5474210605
G94	1.83139007629	0.437845279016	-0.042842449853	-0.00720287548329	-1.7321362922	-0.291323375938	-1.01392295938	0.525067092023	-0.0715814936803	-1.09719474246	1.74979104501	0.761749450455	-0.683940894068	-0.0367559689564	-0.120388406942	1.53517046242	0.600905949222	-1.73070569441	-1.06445242917	-0.399707044929	0.850235273039
G95	-0.204430749716	-1.37821828144	-1.86624226695	1.22834266869	-1.14102589113	-0.335398917937	1.39748840406	-0.422884491475	-0.611069220587	0.503277268525	-0.0808202354766	-1.10536512026	0.850228959815	0.694086404231	-0.99789775821	0.243249007379	2.29692104868	-0.296262494761	-0.190775483584	0.743440988208	0.673356161939
G96	-1.79196878214	-0.602334191444	-0.694185064405	0.418903747785	0.231646961443	-1.13553368707	1.91278655902	0.963888108125	0.253368824082	0.664949966317	-0.818850802506	0.839754683297	2.09615470262	-1.42479010925	-0.222703449196	0.181316523839	-0.765935672112	-0.160464859064	-1.01909197148	0.870161809924	0.202926702221
G97	0.757341153613	0.291179717539	-2.24525538855	-1.78444362902	-0.555467338796	-0.0647911698124	-0.0328444360637	-0.200214714789	0.783053702545	-0.403732608725	1.60078479806	1.09279358037	-1.3463562724	-0.0929568971117	1.03660066321	-0.406833716044	-0.382150606861	1.69060181766	0.809614526881	-0.697056865542	0.150133683828
G98	0.954776924247	-1.20115587987	-1.06071396626	-0.995670604979	-0.796680185007	-0.969181176992	-0.722216273481	-1.04633937038	-1.08042994447	-1.1727019088	-1.30408005331	0.762233279111	1.17215775014	1.12377795602	1.14389609939	0.949766260959	0.888379232493	1.05678308271	0.799049589323	0.740923468711	0.757425720459
G99	1.20368653549	0.483239456883	-0.505227595374	-0.600682680418	-1.26326986898	-1.02991558243	-1.31202109873	-1.07200909538	-1.27024069159	-1.07442066628	-1.18840945875	-0.726797760665	0.53806156443	0.59343816923	0.71798350197	1.21051205451	0.90117336415	0.951765731027	1.44113369609	0.851733114135	1.15026731068
G100	-0.208577711811	-0.379382493294	-2.14444686721	-0.147470188508	-0.671203937854	-0.0552448402829	-1.75712007663	1.43471323087	0.600853079835	1.00792810688	-0.155981321114	1.68169064184	-0.867333353526	-0.471409114601	-0.0921016576857	-0.193341981508	0.791002621914	0.364173336384	-1.14483240866	0.771246356085	1.63683857888
