gene	t0_rep10	t1_rep10	t2_rep10	t3_rep10	t4_rep10	t5_rep10	t6_rep10	t7_rep10	t8_rep10	t9_rep10	t10_rep10	t11_rep10	t12_rep10	t13_rep10	t14_rep10	t15_rep10	t16_rep10	t17_rep10	t18_rep10	t19_rep10	t20_rep10
G1	-0.726946361738	-0.673803179	-0.746982007108	-0.890248755042	-0.610500759474	0.202184707756	0.0878650704721	-1.06980782858	-1.27986600285	1.90596560383	0.169741460173	-0.719572626297	-0.261180589635	2.05535712734	1.294102425	2.1365656622	-0.125578723826	0.0775561011016	0.300567331988	-0.507373038447	-0.618045617864
G2	0.340523460768	-1.52504001481	-0.372163217149	0.366227414328	-1.03879819591	-1.74480944395	-1.449906987	-0.278039238434	-0.159113052785	0.139277410208	0.188896435712	-0.384871164953	0.933799681701	2.0239195065	0.622066708463	2.22439531515	0.317311834686	-0.602329868372	0.53597704169	0.519056768217	-0.656380394071
G3	-0.51561657921	2.55226998805	-0.155248269974	0.145161071883	-1.77082653587	0.837150159612	0.382181048956	0.41851218302	1.03487007254	-1.31315454518	-1.05366158031	-0.298008837271	-1.14008899492	1.28387760513	0.643318579771	-0.631122321291	-0.169424263636	-0.791107862784	-0.012871473971	-0.575834533354	1.12962508881
G4	-0.049333745967	0.618391064994	-0.665849188887	0.420732301626	-1.30732630698	0.965960694763	-1.00190788268	-0.243342805504	-1.31851106864	1.05400333367	1.59394253003	1.80049996105	-1.31175624278	-0.591122221399	-0.323722503256	0.546507705333	-0.375281035876	1.0115072743	0.0535562904514	0.909256654499	-1.78620480875
G5	1.44282415013	-0.283971630302	0.405980134633	-0.511893527531	-0.165390105276	-0.112016939321	1.67533792454	-1.32964204843	0.560061684319	-1.40257142679	-0.789981682942	0.995451258132	1.63820111785	0.44981404606	0.9748396546	-1.31659963599	0.29257928394	-0.788783721436	-1.79915593531	0.470438610536	-0.405521211424
G6	-0.0376911565099	0.0300543575083	-0.984732251735	-1.07977096398	0.646006055219	-1.45872585837	0.763918902108	0.183700467944	1.4414721155	-1.13258050459	-0.635712763309	-0.106094337955	1.78844360448	-1.43251146549	1.36869602257	1.22368612387	-0.951410435422	0.762009358964	-0.594931613808	0.951965634198	-0.745791291197
G7	0.204477127002	0.545907161187	0.440333453302	0.120946680144	-2.19130112295	-2.70117425926	0.862708900319	-0.0619735735	0.734599162633	0.170794806331	0.238015834672	0.707576961637	0.847095123962	0.155750143206	0.514243430696	0.251415621747	1.12518915513	0.589829782902	-1.80089691977	-0.0102269795325	-0.743310489851
G8	1.82040114024	-0.927395903396	-0.417251348549	-0.702229106536	1.9894818305	-0.867374951945	-0.0437566223937	-1.09070900603	-0.143517417985	-0.014073225837	-1.06106189053	-0.582620377391	1.79817844701	0.966836651371	-0.0858206526268	-0.512117500581	0.271301424856	0.186088231148	1.40259405814	-1.3699576563	-0.616996123164
G9	-1.10968043635	-1.09717858449	1.30795935825	-0.679090113418	1.55899397463	-0.655426505471	1.40751605729	1.86144887896	-0.761842097207	0.0570591695222	-0.564813768255	-0.663809596544	-0.811618305999	-0.561529891415	-0.998983388499	-0.349987426234	-0.865556090135	0.871756046347	-0.379615102549	1.34473706627	1.08966075531
G10	2.725314293	-1.54725578321	-1.69044642666	-0.1691588391	0.544679211406	0.664034295583	-1.23608228488	-0.700002494635	1.16471620026	-0.540185412026	0.282156303009	-0.13939730236	0.198257030134	0.381186478079	0.450428786531	-0.148819887392	-0.430642595049	-0.000577418364591	-1.01774617474	-0.239951099599	1.44949312003
G11	0.239618636459	1.22153634633	-0.215176637767	-0.391391903767	-0.746244191306	-0.497636662933	1.098313258	-1.52852331143	-0.289912534534	2.29058517487	1.31780763913	0.537143022698	0.960116949939	0.1747911051	0.850955667972	-0.0806780639693	-0.873750922497	-0.574690153711	-1.4818980072	-0.479629738678	-1.53133567271
G12	0.673522370657	-0.370411910189	-0.311258801982	-0.104997373042	-1.60943107525	-1.16323002864	0.778111322736	0.803324087142	0.99619594559	-0.159427320635	0.744013685889	-1.75823903472	-0.740419768666	0.10237821497	1.03662462752	-0.545802394339	1.23148012604	0.163868872602	-0.898431555923	2.22764319821	-1.09551318796
G13	-0.72640109262	-0.942454505733	0.621497099959	-1.32239617256	-1.08810483643	-1.13022015916	-0.96097259506	-0.175295885636	-1.25408078104	-0.249982801304	0.620891579224	1.40392026514	1.96779563328	-0.397070114046	0.379605122968	0.714250223809	1.2565979742	1.42045007743	-0.641447437335	1.03363981719	-0.530221412271
G14	-1.3166416751	2.23143651835	-0.453888988865	-0.414721600728	-1.0775504031	-0.521043274693	0.985448825936	1.72774370306	-0.271535903112	0.494495858474	-1.16898174293	0.0705341067883	-0.298534188612	1.13453562106	0.265535313457	-1.15714897227	-1.33479341027	1.4685744309	0.0643170610522	-0.14053969189	-0.287241587504
G15	-0.304306051178	0.929420337713	-0.798111600706	-0.289370087023	-0.886506783995	-0.402741667312	-0.562076117963	-0.598851664151	-0.884800566648	-0.555120001089	1.5840959335	0.0829921616924	-0.265220549198	2.96496388139	0.637420926011	1.63414060075	-0.409356540717	-0.808007661314	-0.812968816367	0.438252862698	-0.693848596095
G16	-0.430949916141	0.910862456515	0.999983314263	0.596910643227	1.79176402863	-0.694842201617	0.449761846635	-1.11048884619	-0.661385619214	0.355752503019	-0.179638766822	-1.40009850677	1.68271677135	1.25126223181	-0.698355465087	-0.813208023174	-1.37095740091	-0.361289887848	1.31196898928	-0.404079359754	-1.22568879119
G17	-0.387941876544	0.558704831147	1.15761377687	0.348657646728	-1.15113166297	0.393869622813	0.134931477073	-0.471719232103	-1.72732704231	1.15395417512	-1.1465261472	0.31497109014	0.667275600901	0.955482807259	0.406604571705	-0.653761159052	-0.0471937988564	1.59747929924	1.23856889718	-1.68550136086	-1.65701151629
G18	-0.415865240372	1.3873143266	0.514161104037	-0.0534602456165	0.454117345021	1.80493420288	-0.927908558241	0.78326127667	0.811035708214	-0.720883744243	-0.937893002599	-0.958033986617	0.227607842646	0.88900217198	-2.85801716069	0.0571241115275	-0.148560400927	0.109019595547	-0.456396600752	1.04715192034	-0.607710665402
G19	-0.246255444576	0.211244970409	1.57916591969	2.8338198554	-1.26706963927	-0.090997645831	-0.980997458186	-0.847753527706	0.30976400091	-1.28210211277	-0.679392100474	1.29998409644	-0.332057753554	0.036937693517	-0.873249558643	0.333598607827	0.626100272279	-0.189658921539	-0.313059483682	-0.976348884815	0.84832711457
G20	2.9239558754	-0.360106872373	1.7897458383	1.40489842011	-0.0337735404047	-0.346030721804	-0.900834624644	0.0833042833734	0.25599159088	0.00418489737241	-1.05554815259	-0.533563775413	-0.851208125549	-0.887528069609	-0.487263915077	-0.809451361428	1.02049786383	0.411896750618	-0.656599758162	-0.154550387877	-0.818016214949
G21	0.571788349662	0.13412562618	-0.659600879621	0.558405235332	-0.0625934690526	1.24149905312	1.83276631276	-0.785606706661	-0.610468676124	-0.524762831393	0.250990025008	1.0556973444	-1.57931735569	0.851612779258	-0.40211071132	-1.83626839379	-1.24233719671	0.304355986237	-0.413321448087	1.90986193109	-0.5947149746
G22	-1.34043084269	0.457908812082	-0.342659955491	-0.958793312382	-1.39872517733	1.25125554197	1.27039000197	0.965113993161	-0.946958907107	0.974407383341	1.01654906937	-1.2002591816	0.630561308737	1.38967337992	-0.504133390033	-0.939685378174	-1.19200809912	1.28436441474	-0.88429327754	-0.0320982920052	0.499821908172
G23	0.998505445168	-1.40986816609	-1.59060970966	-0.572359894161	0.137773798502	-0.145743020503	1.10655016336	0.943415712503	1.17688825314	-1.49908014045	-0.351558700575	-1.19023662652	-1.26454194044	0.222049455794	-0.248304592668	0.642977479741	0.538161166619	1.56986628877	-0.837339382677	0.304018946208	1.46943546395
G24	1.07118863736	0.571132931958	-1.48848210186	1.21221570097	1.00243532992	0.318988067218	0.627536643207	-0.670217066708	-1.77989678537	0.0153973307747	-0.706547429347	0.971883634055	-0.694002731743	0.395299129189	-1.32398412246	-1.50424327804	1.45083335463	1.09061739677	-1.08585368339	0.347854453353	0.177844589504
G25	-0.648448235739	-1.13425497082	0.67554317008	0.738481521649	0.31794975072	-0.859971749966	-0.632460304026	-1.0984643265	-0.555031160202	0.801815105387	-0.406678394059	0.190349835324	-0.837302813664	0.504956223021	0.398373173459	-1.16396536345	3.12549095096	-1.1426607686	0.299756423503	0.57161133791	0.854910595012
G26	0.192229348803	0.936096968029	0.447265768041	0.582675682775	-1.0821945484	-1.38452689761	-0.850030800487	1.32478355634	-0.930146489828	0.974787238929	-1.74739449757	1.25771814082	-0.11624300441	-0.791452386905	-0.0721085832181	-1.29576532644	0.00802118408868	0.105110877297	1.88700721167	1.13770750898	-0.583540950914
G27	-0.271945344346	-1.24234472325	-0.107092464539	1.22027350312	-1.36950735071	1.0597713436	0.950840653559	-0.204427838446	-1.19286518689	-0.770238386779	-0.274705736631	2.11282919388	-1.06599663976	-1.20249266765	1.01972219161	-1.02287215839	-0.408557127259	0.175447816314	1.12508011854	0.442319455654	1.02676134837
G28	0.032225901457	-0.129104606435	-0.633900922895	-0.56317904904	-1.10924055431	0.464447059019	0.290291000684	-0.777139838696	2.80439700601	0.620953859847	0.294449591513	-0.62312883811	1.98679910714	-1.18953665799	0.313064236178	-0.711154496477	0.0713762789408	1.15924921827	-1.14533225811	-0.811483728953	-0.344052308044
G29	1.07871226641	1.91782736948	-0.483985858757	-0.690824704868	-1.1372409372	1.43466769356	-0.706885905427	-0.841654546293	-0.250134297097	0.287418523431	-1.20339380043	0.885177316766	-0.935083871959	-0.892970826259	1.59209339596	0.820866304214	-0.985555286374	0.933923432552	-0.447980030944	0.682978117682	-1.05795435444
G30	0.689176595903	-1.30588940016	2.03816406519	1.15612397626	1.15592974766	-0.731566338575	0.585280661921	-0.53911634775	-0.726183587513	0.834173702445	-0.687122906436	-0.479433608632	-0.432338628738	1.35665736864	-0.969234493599	0.556416982399	-0.664535647775	1.23354698839	-1.08481033177	-1.49863837209	-0.486600425777
G31	-0.356032370558	0.784899210442	-0.359951530491	0.469870842057	-0.888797156853	-1.47259068	2.27777453974	0.398774333534	-0.391231126563	-0.656509264536	1.15578556509	1.581568039	0.983095589092	-1.60314968672	-0.783625066209	-1.16232982629	0.888360651501	-0.310105710813	0.49285408636	-0.518826866011	-0.529833571779
G32	-1.26815599271	0.173677137121	-0.426578551384	0.576323898469	0.19528997923	1.20871468429	-0.765986234149	2.57069721227	-0.223862758079	-0.56260468087	-0.784781774902	-0.975806173526	-0.129544055307	2.51240261935	-0.491035483578	-0.346581807094	-0.04925502615	-0.286289934253	-0.567037668019	-0.907005563447	0.547420172734
G33	1.75822804834	-1.55276315825	-0.0918111772053	-1.58665334782	0.330343757734	1.34063717719	-0.210202669377	0.749460284128	0.390176537458	-0.261107301701	-1.52484011922	-0.313327932631	-0.474095870086	0.747147610109	-0.273328671101	-0.668447575871	1.29733824268	1.24414996572	-0.128765579216	0.83159730492	-1.6037355258
G34	-0.577743317146	-0.529364703696	-0.832915129692	0.637350300246	2.44970681097	-0.816433953925	-0.484868989133	0.772040758144	0.0648610707016	1.51660391962	-1.81515014754	-0.505167708063	0.529697889739	0.319809904896	1.64928757235	-1.06482799347	-0.145661249108	-0.927900063139	-0.583210131221	-0.283384981483	0.627270140959
G35	0.521215345904	-1.39263611115	-0.548497665761	-1.27550141517	1.06346672228	-0.388517141902	-0.160834900789	0.32814966301	-0.582253812418	1.99270854203	-0.197671187443	0.663710172455	0.667167826363	-0.715372153893	-1.37635365606	1.14981469197	1.56175440272	0.532367346933	-0.143606659964	-1.92107287955	0.221962870433
G36	0.80140089887	0.228416738476	0.684358021987	-0.801016694313	0.694013391336	-1.28189553261	-1.10181548702	0.597504007012	0.923575582408	-0.797282640335	1.39918342062	-0.915917514102	1.50715231808	-1.07999881901	1.36977645878	0.890998053823	-1.00957858013	-1.13502856117	0.959399316614	-0.897175633442	-1.03606874588
G37	0.711595620813	-1.27070207027	0.985915409582	-1.28709721828	-1.27528999263	0.820732946099	-0.718469218973	-0.555732168124	-1.30324581742	0.858964223605	-1.30107583511	-1.28445034	1.01087777881	-0.952804415517	0.854566143877	0.501969552584	0.99456187865	1.3402237545	1.05064329475	0.0853600678606	0.73345640519
G38	-0.674488924287	1.22695591197	0.966127526291	-0.0598147393532	0.389963368594	-0.0750372893868	0.151264567007	-0.00590358155199	-1.25806993465	0.529394438041	-0.902395125122	-0.514670871086	-0.967458925067	1.47955231127	-0.499393594761	-0.290074170723	-1.32607167235	2.82316917781	-0.67075601514	0.642176683853	-0.964469141352
G39	2.50225740401	-0.853362921944	-0.161481184819	0.0855993956876	-0.0141208652609	0.351782352787	1.3356096392	-0.883279000228	0.559456657698	-0.393045658668	-1.2830749088	0.191241881308	0.611152616829	0.278483386666	-0.94844786801	-1.09620462897	-1.36396115349	0.416627968347	0.0676009559286	-1.17953051308	1.77669644481
G40	1.00048764899	-0.210284001646	-2.12096963824	-0.249242847311	-0.563965724017	2.24932651725	-0.354571865854	0.459492332886	-0.369648485519	0.327847816702	0.644343037966	0.684908996418	0.93891231504	0.845522071312	-0.565865889378	0.714109814881	-2.30274952645	0.245484455471	-0.734879285133	-0.414296915735	-0.223960827632
G41	1.04320476462	-0.655842735392	-0.89722504849	1.20089453458	-1.15470745896	0.889502177545	0.761866125306	-0.608648204179	0.910401605428	0.652917979173	-1.03018322089	1.63909255937	-0.972842315309	-1.08201599046	1.20028967912	-0.802715014971	1.29345748062	-0.981160141711	0.582749274662	-1.00632577625	-0.982710273797
G42	0.463392713327	0.067687152664	2.07768973049	0.204593554482	-0.0218660547181	-1.25617885285	-0.426094379652	0.245180559129	0.109745288441	1.04994840258	-1.5213827525	-0.179131830402	1.20452189007	0.787673253077	-1.39977881685	-1.28008853399	0.111214730557	0.56260876938	1.48479179394	-1.5474949078	-0.737031709386
G43	0.232807031165	-1.2406438413	-0.617751601047	1.00383743152	0.627965634998	-0.893979467576	0.209842363913	3.76565773664	0.149723077253	-0.138916194237	-0.215554286904	-0.487398912892	0.243445378275	-0.613556370511	-0.237393638801	-0.339160572274	0.0356737383832	-1.10281878472	0.3095013896	-0.106371250776	-0.584908860718
G44	0.450040753997	-0.177936806348	0.623254619976	-0.917451760307	0.255178090067	-0.028338387685	-0.695521739129	-1.55802957465	0.55395028768	1.43988571148	-2.17836753388	-0.813561795274	-0.848437044037	-0.877766537273	0.336102286978	1.27040750086	0.184695725016	0.0203210184275	0.481456265367	2.29176581296	0.188353105778
G45	0.925766765846	-1.52786075497	0.0951083980604	-0.96461958954	1.51491275546	0.903254485208	-1.89303366211	0.27470042144	1.38902828291	-0.930699302066	-0.345898239245	0.949068409171	0.43109204584	-0.785585268059	1.3975139318	-0.330449038652	-0.0819971328547	0.571751328682	-1.61125520686	-0.484383342686	0.503584712624
G46	-1.09636802413	-0.715396052744	0.837465541387	1.03915051644	0.795898871254	-1.05997157099	1.23358340886	0.770446813458	-1.0823793418	0.807145771854	-1.06789161322	-0.991304976284	1.00725771958	-1.05084220718	0.987014347654	0.473983619525	0.833961726178	-1.09827503125	-1.03025436395	1.49238557277	-1.08561072742
G47	0.815320280371	-1.42848562175	0.894643207341	-0.222794375645	0.944542581561	-1.46188645059	-1.13038639539	0.653680381074	1.11658308892	-0.98646661861	0.787935729296	0.441410316756	1.0852892423	0.774816728676	0.562993926567	-0.499724710642	0.678345296045	-1.38856778044	1.09495905956	-1.29474220015	-1.43746568524
G48	-0.85547436171	0.136254006916	0.657058218735	-1.09795555855	0.239198360173	-0.901759638054	0.690745096373	0.371685702734	0.642612410585	0.861244018346	-0.195509753961	1.44343883909	-0.77695612563	0.708550032888	0.580910565412	0.873270335186	-1.65888479211	1.24948456062	0.605810947348	-2.32474732677	-1.24897553762
G49	1.14814677668	-1.01296010477	-0.991675871197	0.945567970711	-1.18289185567	-1.02682947357	-0.402276033546	-0.110516242612	0.0800195586984	1.32402824887	1.67513474416	-0.957205346382	-1.05241767463	0.0665855071194	0.780123113152	0.829145505446	1.63064208228	-0.909865177292	-0.756398489909	1.01032835414	-1.08668559169
G50	1.38838840256	-1.83468545945	-0.602366101962	-0.0458629147405	0.258890247664	0.317077337144	-0.609532515268	0.371566294672	1.4131630135	-0.810891900819	1.28908268278	1.03823769469	0.294188732447	0.961397818689	0.259920470882	-0.893535504437	0.998063093639	0.272502738918	-2.07586851344	-1.12528852718	-0.864447090291
G51	1.22032465964	-1.64854625396	0.635822906069	-0.210061848039	0.809745242073	-1.61684588349	-0.569719528809	0.21272356041	-0.812308902456	-0.77240748296	1.0962751738	1.14818917642	-1.02722695338	0.991427433207	-1.26700154357	0.741496974245	-1.34197703734	1.32746133886	-0.360032456663	0.751582207143	0.691079218788
G52	0.266238003659	-0.0266547374313	1.7040374986	-1.07328433113	0.832546222386	0.421465415255	-0.338703654622	0.264899558014	2.05292508175	0.751229978064	-0.209663185104	0.166133786666	-1.44912405638	-1.02271045568	0.650727891963	0.274995486671	-2.03984189399	-1.45227996113	-0.680593627556	0.15676641219	0.750890567793
G53	-1.02875607873	1.11451403791	-1.06769797996	-0.84626223055	1.20490684376	-1.03662456938	0.600525120224	-0.879429703436	-1.00166344819	0.418688648563	0.739385896381	-1.05409570522	-0.925510855048	0.89876023645	-0.74431114326	-1.07981939039	1.16972836421	-0.426192154429	1.59694240309	1.40588616682	0.941025541199
G54	-0.966607854264	-1.04783236614	0.236651887127	-0.371315101448	-1.25407355791	0.283664219281	0.248399293594	1.11858878889	1.02983198283	-0.419477197335	-0.42438794764	-0.365359862007	-1.72072694618	-1.39523647105	0.714596491944	1.9262596232	1.16870775375	0.145145556307	0.769671619681	1.40618660183	-1.08268651448
G55	0.187948049147	-1.39011632752	0.878025779511	0.191948802649	1.22727961765	1.39203004971	1.87354760435	-0.022300504268	-0.943918857895	0.131927050397	1.22681684392	-1.05470688788	-0.0395500216971	-0.193750705629	-0.883356705357	1.68030971741	-0.648981219818	-0.524581671016	-0.758885501269	-1.40475341262	-0.924931699766
G56	-0.178324292654	-0.772865629971	-0.328043869296	0.478044328985	0.649676896842	0.20205759165	-0.985266373287	-0.980953769032	-0.0542743465787	3.50228962667	-1.03416027484	-1.03619585949	0.0157838763216	-0.0323148403713	0.776843347379	0.42497626065	-0.0435714684272	-0.432215301305	-0.738810010853	1.16280481572	-0.595480708107
G57	-1.09660239786	-0.137254805514	-0.922950488788	-1.4317438102	0.750462118382	0.580931916619	0.915431488156	1.44735185529	-1.1248035236	0.830122816066	-1.11055218711	1.01972640629	1.30263444386	0.740474558947	-0.412303522169	-1.35720436193	-0.874788282692	1.03426862076	1.19450757332	-1.11475868703	-0.232949730799
G58	-0.826314727828	-1.17839989237	0.487194087918	-1.24038213508	1.11480439558	-1.36456249826	-1.28297638437	1.11368701713	1.15196793236	-0.813188998394	-0.699584836275	-1.0859951672	-1.07205657961	1.32758509072	0.75730540282	0.929040982632	1.17357259236	0.565260429551	-0.240022699252	1.18388949891	-0.000823511332039
G59	1.06326002332	0.56794480585	-1.13211975258	-1.45949460774	-0.970261384335	1.0931822445	0.639221612592	-0.40837435504	0.96545442095	1.11098508874	-0.641530348586	-0.0377147362385	-0.974338848328	-1.368829772	-0.253564556938	-0.452203375359	1.03854244255	-1.08914726736	-0.608366379965	2.1150613404	0.802293405567
G60	0.833757454241	-0.637206191179	0.88874321273	0.138259005237	-0.93702178717	0.726818369973	-1.34460731699	-1.8619793568	-0.556881202965	-0.375488579506	1.01459673862	-0.553461937465	-1.19820456046	0.669503205326	0.636842744552	0.317804922587	-0.754480438507	-0.927456925929	2.10678885154	1.50625785285	0.307415939313
G61	-1.04971862767	-1.15674123606	0.790035040757	0.544496184547	-1.20557891577	1.0842619389	-1.13832649568	0.991572956214	-1.23753355106	0.992603690938	-0.603930971476	-1.12142672158	-0.98589579381	-1.19458472186	1.19768551217	0.920586097784	0.873380492174	1.06385915382	-0.58357186947	1.01456326652	0.804264570623
G62	-1.26230021382	0.482819349444	1.1561594217	-0.536586958118	-0.499669322379	-1.11104289626	1.13027085644	0.713515881656	0.933415490318	1.49953400749	-0.834040371927	0.504522995767	-0.242574965655	0.888592310557	-0.00921188089551	1.69337146355	-0.834310164302	-1.25725049529	-1.33864831893	-1.49845429024	0.421888100883
G63	1.65776371465	0.182554779861	1.27002133741	0.28136302659	-0.753980404514	1.30002324924	-0.863483551474	-0.982678516404	-0.254094823519	-0.566503865312	0.380468482879	-1.18072457055	0.486874148965	1.52086388341	0.426150520905	-2.58062803329	0.867516004087	-0.466943306886	-0.197046841804	-0.478590206486	-0.0489250277472
G64	-1.35332135104	1.59814961198	-1.26423824392	1.32470516834	0.777904523277	-0.686141460664	0.162526703657	0.137869494147	-0.236430605672	-1.57304964655	-1.6807233112	-1.02028746155	-0.0553809474214	0.0929931392561	0.785105347211	0.102743903545	1.71059224904	0.238861406684	-0.672566434682	1.23685355913	0.373834356442
G65	1.44109533263	-1.61772704879	-0.330006135157	-0.808943494316	1.22608478396	-0.0967204093953	-0.17345225398	-0.977621721343	-1.40899068206	1.07727244408	0.656013101127	0.0751379528562	1.19023084727	1.31040783618	1.11616517666	-0.528870591207	1.23701673971	-1.27456283263	-0.925894091494	-0.384424352141	-0.802210601962
G66	-1.19398150046	-0.080170219045	0.00820705878654	1.38806543058	1.3648931621	-1.20491004944	0.89780130718	-1.07670864468	-0.0856217690103	-1.03714173494	0.0738974178642	-0.972696561501	1.09661291762	-0.987517906163	2.08412601963	0.872893958855	-0.582327228627	1.09657383515	-1.16997304892	-0.16930278831	-0.322719656668
G67	0.537725476542	0.77831066056	-1.33581271201	-0.214370476011	1.03814622779	1.51760002727	-0.307518417762	-1.7788114764	-0.367402460237	0.789781112094	2.13676445966	0.449476010294	-0.137393553452	-0.293540791725	-0.921995613069	-0.109497776273	-0.991851954951	0.361842827021	-0.335974079309	0.930435139905	-1.74591262994
G68	-1.17429508181	-0.131927376607	-0.481402886244	-1.0996856394	0.266229502271	1.51992703035	-1.09317545659	1.8715255995	0.0333216613865	-1.30862783801	1.56837218106	-1.1181303094	-0.248317699752	0.0969145981786	0.376234656721	0.751090939357	1.48033389667	-0.668860100612	0.95296911355	-0.611088315336	-0.981408475283
G69	-0.600917614586	0.595064163686	-1.31938226287	1.57493843498	-0.321312224886	0.533667991578	-1.14142198654	-1.81272827061	0.328862601031	1.42812034445	0.0370126768231	0.0401297542016	0.31801690675	-0.543995956779	1.68889708837	-0.457268848455	0.895673844246	0.495233895174	-0.418252148404	-1.96083479257	0.640496404401
G70	-0.640754633773	-0.526008267024	-0.488843833963	-0.538805364848	-0.194648369873	0.689192251232	0.959012830175	-0.623322834813	-0.51901705016	-0.619265701808	0.12102281384	-0.581722829497	3.28193051357	-0.503789824983	0.131840891447	2.20319745377	-0.512969572073	-0.63213358004	-0.30763655128	-0.175955735905	-0.521322603993
G71	-0.76752791571	1.43407660713	1.27412146973	-0.481587150435	-0.962752657722	1.18810833623	-0.889000444963	-0.897301091928	-0.98418302407	1.46583792011	-0.17315380905	-1.03619355097	0.61886991867	-1.01941332589	-0.717288083173	-0.381159716706	-0.632770007319	1.83358900549	-0.77201877723	1.17247823506	0.727268062739
G72	-0.786950280799	0.418514495484	-0.728394911074	1.19313716362	-0.717002617779	-0.758417862	1.43120683149	-0.753994770533	-0.662521263179	1.39732972788	1.56181465941	-0.798482125115	-0.473780694416	1.91942786643	-0.841746917336	-0.847750791875	-0.800401647416	-0.786837765304	-0.511744535758	0.0579460669853	1.48864937129
G73	0.63407357931	-0.605531153405	-0.771672778227	-0.281718505959	0.443438464264	-0.639900876313	-0.200223342512	0.115244321484	-0.587804831825	-0.330996791955	0.477917562117	0.0281926942323	-0.395807403103	-0.748933618809	-0.460927729443	1.53809973606	-0.79092601736	-0.568285194311	-0.379090363197	3.71337463816	-0.188522389206
G74	1.45391592994	1.18656863843	0.0118264857266	1.19103948216	-0.755068528884	1.07476879664	-0.839956164342	1.14478221845	-1.09818164096	-0.906745260189	-0.598627629126	-1.07056509594	-0.807009015229	-0.526483223427	0.183076016578	1.22341929724	1.11444893848	-1.09915145425	-1.19444066284	-0.939521714977	1.25190458653
G75	2.03149905884	1.296510409	0.0899440911027	0.265566579907	-0.29371341622	0.984146138498	-0.110913099664	-1.90296903776	-0.790642931788	0.241446212952	-0.926134838162	1.49416400764	-1.00684134977	-0.150148147879	-0.989007148929	-0.463721631605	1.62953876845	-1.21390047803	-0.223940167199	-0.328346870788	0.367463851403
G76	1.13606479414	1.33797856452	0.909988256205	0.682321043535	-0.49852796063	-1.23154461368	0.925685376281	-1.10050176713	0.0649714564018	0.555358139696	-1.65484879602	1.01919426306	-0.230548225689	-1.67952962328	0.483563253716	0.550639078646	-1.52120719463	0.848872788303	-1.3156233896	-0.00741848613084	0.725113042285
G77	-0.78264673317	-0.934147410259	1.37447725848	-0.590502896168	0.951960735572	-0.881400278683	0.851112206757	1.88158224002	-0.83338161635	0.829117785051	-0.625055121946	1.50961142282	-0.881496076996	0.274410718685	-0.598379162494	0.420924077554	-0.86901665336	1.62958961673	-0.886744179511	-0.914439084653	-0.925576848081
G78	-1.33462119198	-1.10706943066	0.340517855567	0.80402331238	-0.717909266277	0.00407702744085	0.949995404769	0.342028958987	-0.492538273645	-0.543997942138	1.69227081359	1.65619850956	1.43685450437	1.02558293873	-1.18671976656	-1.17479275424	-0.871128182477	-1.11825458331	0.862229422827	0.321762249045	-0.888509605989
G79	1.22171084078	1.52278444766	0.837406900647	-0.891989464478	-0.886597992764	-0.686438582728	0.662298608043	-1.42637921431	-0.0800841393285	-0.835256292097	-0.053361992917	-0.917193981143	0.900237181215	0.953213095046	0.595077018761	-0.126018005697	-1.13900313628	1.52901245653	-1.09598590067	1.27815766793	-1.3615895142
G80	-0.794805286799	-0.433421737196	0.705811272842	-0.143091174265	0.754737980199	-1.0256460107	-0.255737417835	0.732922816964	-1.65668571896	-0.900799572276	-0.649054810802	0.0433488404927	-0.200255050219	-0.859510023933	3.10643479951	1.56764725985	-0.211292263536	0.536164118883	0.260537494499	-0.340990631306	-0.236314885407
G81	1.3238169243	-1.19395871442	0.448616947811	-1.37971860085	0.235543893354	-1.69438805528	-0.699194792923	-0.494890001796	0.31545183948	0.0890496925925	-0.915805496564	0.0266949252405	1.47026116872	0.151741202702	2.2617195123	0.755062107974	-0.013560636116	-0.417424365776	1.04726045918	-1.40055224616	0.08427423624
G82	-0.537730427332	0.526542401815	-1.55056187993	-0.175221139257	0.433500794373	0.801435132831	-0.527886214936	1.155575307	-1.02071938151	0.435699641815	-0.54042301876	1.04528332737	-1.39463691573	1.08604327346	-1.06588622269	2.4695905912	-0.462500404188	0.491937388519	-1.17578566052	-0.60546535543	0.611208761888
G83	1.45383523814	0.556887749867	0.133380351266	1.27715537909	-1.45873008334	1.33789611944	0.356009494966	-2.15903988872	1.19125320207	-1.26734389928	-0.0721605819333	-0.217810308033	-0.731281326525	-0.952433098212	0.78484642886	-0.926775065901	1.01012881209	0.130867222643	0.418319832229	0.133174618789	-0.998180197502
G84	0.350122804264	0.774892976334	-1.04021833666	-0.930373850483	1.04828387538	-1.06470371742	0.200880961181	0.984394133014	1.03658204683	-0.523098382404	1.75027951182	0.882228784197	0.615245171642	0.668322680599	1.51895575578	-0.884900428676	-1.08865574138	-0.961102407948	-0.838802589132	-1.40523753521	-1.09309571172
G85	-0.173027020083	2.16546064562	0.225899421467	-0.947800671465	1.41462297283	-1.05459799296	1.53055043212	-0.690490371938	0.0307179745684	-1.01070588969	-0.804278904804	0.277067011392	-1.63710548945	-0.99139477582	1.10625879349	-0.0698174486804	1.13993463134	0.0848224222166	-1.00591045979	0.628311666109	-0.21851694648
G86	1.02078876575	1.79427829347	0.124653556568	1.01989316006	-1.53085068186	-0.257495508021	0.0925000048264	0.700040989099	0.416019583028	0.172463864724	-1.25426868656	-0.387466198061	-1.39807550393	-0.694453025962	-1.25810279413	1.79264070789	0.721708763268	0.049442290371	-1.53577651316	-0.363268501248	0.775327433876
G87	1.35017790646	1.61153143067	-1.31318075493	-0.0800484437175	-0.914771517251	-0.818079704988	0.432467304419	0.429853490198	1.34916285381	1.16295112348	0.819964189625	-1.22048048162	-0.728800137649	0.824311962705	-0.321903514714	0.681786124068	-1.08954727387	1.04870297777	-1.22773821536	-1.186075991	-0.810283328089
G88	-0.494914458746	0.761018096283	-0.203871003487	0.603710279647	-1.2670338187	1.99240333759	-0.981568600356	-0.0745004408264	0.512258675007	-1.59654906482	-0.362031104084	1.28299595286	-0.918829751315	-0.823992045534	0.122016277123	-1.25588118399	0.701557853109	1.95769772045	0.422945458504	0.499424507075	-0.876856685804
G89	1.02448612162	0.961462051196	-0.343994461296	0.435553794872	0.755852459268	0.743695961576	-1.5008430959	-1.58401470231	-0.613942388538	-1.38971349085	0.884944589664	0.740341961189	-1.57202520315	1.09712822148	0.17145443692	0.887026414219	-0.0536623036634	-1.13597890376	-1.31501581552	1.05472145529	0.752522897691
G90	0.484588395704	1.18810257206	-1.24212158764	-2.12409507348	0.201779296228	0.549702595848	1.94654872438	-0.983930012102	1.17661733281	0.626640690144	-0.422647671044	-0.19924186739	1.22130150381	0.280418190719	0.0255981129145	-0.351919325122	-1.6429857874	-0.714245671655	-0.580290992305	0.914733881251	-0.354553307726
G91	-0.00739092464222	1.68596222835	0.968572658775	0.924646685477	0.714862724656	0.681185647608	-1.12858534808	-1.39448616186	-1.24323865589	-0.962967828188	2.19380664633	0.0915955024433	0.144677488071	0.117937487563	-0.198245936951	-1.0952515593	-1.04855274547	-1.29261578161	0.258050513049	-0.249135521148	0.839172880826
G92	-1.25862873707	-0.122948377517	-1.67740726024	0.580897484648	-0.162066622252	-0.820401314376	-0.343518272431	0.0562832913158	-0.932651643921	1.98042340346	0.502530590677	1.22183559567	-1.42882523706	0.770989985299	0.0850002248472	-0.877220417374	0.639700598947	2.03923893724	-0.0203448760054	-0.781205447915	0.54831809406
G93	0.771036774755	-0.398009823649	-0.497630835498	0.153761201847	-0.427415949078	1.11125722478	1.07760435126	-0.205966218709	-1.16861065281	-0.00446365759875	-1.15519203468	0.800181332826	0.933625343297	-0.464382009126	1.92486355542	-1.28815969484	0.87245047996	-0.892153094373	-0.874149604506	-1.74755916478	1.4789124755
G94	-1.78103127578	-0.0961015657881	-2.19424247807	-0.872716098601	-0.0792176248688	-0.538080916899	0.108865343334	0.928285169089	0.969107300216	0.169263200773	-0.0878687377036	-0.577261895505	-1.19826711973	1.19669357233	1.14906570227	0.813480768135	1.35454193459	-0.38595075323	1.21327733243	0.806778370137	-0.898620227135
G95	0.261995223036	-1.17756361317	0.286580009286	-0.764769264399	-0.905953372679	-1.10583558553	0.124222446588	2.12180830847	-0.490387657924	-0.726990811154	0.584456140357	-0.138239966465	-1.04396357782	-0.702418305699	-0.742240828978	1.27361066807	0.0422153938701	0.118380881958	-0.725652204543	1.89684052586	1.81390559088
G96	0.11427054246	0.810843822897	-1.17638569073	-1.49297190414	-1.23337090858	-0.565275892059	2.79823318094	0.666097189006	-0.277417955622	-0.677329560949	1.51324117813	0.607391935928	0.431008403142	-0.420094809239	-1.346704699	-0.562924676315	0.303616501153	0.120550925248	0.474287986857	-0.581738500847	0.494672931729
G97	-0.82537449987	0.24018510812	0.929797802885	-1.12819906044	0.0566066082991	0.0162462141504	2.41562730366	-1.02052876068	1.41808511808	-0.442767593429	-0.710169637516	-0.877686523304	-1.78532739877	0.22927510079	1.38165782948	0.626838126263	0.118642074429	0.273467877608	-0.251241812881	0.628363709364	-1.29349758626
G98	-0.222660445877	1.67666570108	-1.20584622196	-0.14577222992	0.061781010181	0.609274336729	-1.27561350513	-0.672987640031	0.662830894539	0.22798224206	-0.592175098106	0.771278906025	-1.57585792571	1.26495077904	-0.462270533032	0.653709850224	1.89340546533	0.689900856376	-1.425456682	-1.33811847858	0.404978718753
G99	0.427153554686	-0.870883558036	-2.27777773046	0.784593874618	-0.713456917518	0.291812074323	2.33088951332	0.851539213416	0.462040676003	0.00846609345917	0.221793877104	0.646132683629	-0.10408744367	-0.527792937629	1.01835083531	-0.729320427947	-1.38035605252	-0.954341875763	-0.778177584368	0.052513628681	1.24090850337
G100	0.625338518173	-0.13252719772	-0.780729508299	-0.082854018793	1.65515379552	1.93210052558	-1.92430015724	1.1020574298	-0.51570369577	-1.09315177877	-0.853194100328	-0.839616065549	1.40201340239	-0.433594907202	-0.562386964008	-0.0803239702448	1.02755976304	-0.418792186933	-0.960813136056	1.02562511495	-0.0918608625406
